Zeitstempel: 18.9.2013 10:46:31
Signalquelle: Analysator
Abtastrate: 20000,00 Hz
Modus: TIME


Bemerkung: Frequenz 1.3kHz
Amplitude 500mV
Offset +-0mV
mit Einstrahlspule

Zeit in s	Analysatorsignal in V
0,000000	0,128479
0,000050	0,039063
0,000100	-0,057373
0,000150	-0,149536
0,000200	-0,214233
0,000250	-0,246582
0,000300	-0,240784
0,000350	-0,194702
0,000400	-0,118103
0,000450	-0,023804
0,000500	0,073547
0,000550	0,158081
0,000600	0,214844
0,000650	0,236511
0,000700	0,216980
0,000750	0,161133
0,000800	0,077820
0,000850	-0,019226
0,000900	-0,114441
0,000950	-0,192261
0,001000	-0,238037
0,001050	-0,246887
0,001100	-0,215759
0,001150	-0,151062
0,001200	-0,062256
0,001250	0,036621
0,001300	0,127564
0,001350	0,196533
0,001400	0,231934
0,001450	0,228272
0,001500	0,185547
0,001550	0,111389
0,001600	0,017700
0,001650	-0,078735
0,001700	-0,165405
0,001750	-0,223999
0,001800	-0,248413
0,001850	-0,231323
0,001900	-0,178528
0,001950	-0,096741
0,002000	-0,000610
0,002050	0,095215
0,002100	0,173035
0,002150	0,222473
0,002200	0,234070
0,002250	0,205078
0,002300	0,142822
0,002350	0,055542
0,002400	-0,042419
0,002450	-0,133667
0,002500	-0,205994
0,002550	-0,243835
0,002600	-0,244446
0,002650	-0,204163
0,002700	-0,131836
0,002750	-0,039978
0,002800	0,057373
0,002850	0,145569
0,002900	0,207214
0,002950	0,234070
0,003000	0,220947
0,003050	0,169373
0,003100	0,090332
0,003150	-0,003967
0,003200	-0,101013
0,003250	-0,182190
0,003300	-0,233765
0,003350	-0,247803
0,003400	-0,223083
0,003450	-0,163269
0,003500	-0,077820
0,003550	0,021057
0,003600	0,113831
0,003650	0,187378
0,003700	0,228272
0,003750	0,230713
0,003800	0,194397
0,003850	0,125427
0,003900	0,032959
0,003950	-0,065308
0,004000	-0,153809
0,004050	-0,216980
0,004100	-0,247803
0,004150	-0,238342
0,004200	-0,189819
0,004250	-0,112915
0,004300	-0,017395
0,004350	0,079956
0,004400	0,162354
0,004450	0,218201
0,004500	0,234680
0,004550	0,212402
0,004600	0,154114
0,004650	0,070496
0,004700	-0,026855
0,004750	-0,121155
0,004800	-0,197143
0,004850	-0,240784
0,004900	-0,246277
0,004950	-0,212402
0,005000	-0,145264
0,005050	-0,054626
0,005100	0,042114
0,005150	0,133972
0,005200	0,201111
0,005250	0,232849
0,005300	0,226746
0,005350	0,181275
0,005400	0,105896
0,005450	0,010986
0,005500	-0,085144
0,005550	-0,171204
0,005600	-0,227051
0,005650	-0,247497
0,005700	-0,229492
0,005750	-0,172119
0,005800	-0,090942
0,005850	0,006104
0,005900	0,101013
0,005950	0,178223
0,006000	0,226135
0,006050	0,234070
0,006100	0,203858
0,006150	0,138550
0,006200	0,048218
0,006250	-0,049133
0,006300	-0,140381
0,006350	-0,209350
0,006400	-0,245666
0,006450	-0,241089
0,006500	-0,198364
0,006550	-0,124817
0,006600	-0,031433
0,006650	0,065918
0,006700	0,152588
0,006750	0,211792
0,006800	0,234680
0,006850	0,219727
0,006900	0,165711
0,006950	0,084229
0,007000	-0,011291
0,007050	-0,108337
0,007100	-0,186462
0,007150	-0,235596
0,007200	-0,247192
0,007250	-0,218811
0,007300	-0,156250
0,007350	-0,068970
0,007400	0,030212
0,007450	0,121460
0,007500	0,193482
0,007550	0,231018
0,007600	0,229797
0,007650	0,192261
0,007700	0,119934
0,007750	0,026550
0,007800	-0,070801
0,007850	-0,159302
0,007900	-0,220642
0,007950	-0,249634
0,008000	-0,234375
0,008050	-0,184326
0,008100	-0,105591
0,008150	-0,009460
0,008200	0,087586
0,008250	0,169067
0,008300	0,219727
0,008350	0,234070
0,008400	0,210266
0,008450	0,149231
0,008500	0,062866
0,008550	-0,034485
0,008600	-0,128174
0,008650	-0,201416
0,008700	-0,243835
0,008750	-0,245056
0,008800	-0,208435
0,008850	-0,139465
0,008900	-0,048218
0,008950	0,050049
0,009000	0,138855
0,009050	0,203858
0,009100	0,233460
0,009150	0,223389
0,009200	0,176697
0,009250	0,097351
0,009300	0,002441
0,009350	-0,094299
0,009400	-0,176086
0,009450	-0,230713
0,009500	-0,249939
0,009550	-0,227051
0,009600	-0,169372
0,009650	-0,085449
0,009700	0,011902
0,009750	0,106506
0,009800	0,182190
0,009850	0,226135
0,009900	0,232239
0,009950	0,197754
0,010000	0,130615
0,010050	0,040283
0,010100	-0,058594
0,010150	-0,147400
0,010200	-0,213928
0,010250	-0,246582
0,010300	-0,240173
0,010350	-0,195312
0,010400	-0,118408
0,010450	-0,024719
0,010500	0,071716
0,010550	0,156555
0,010600	0,213013
0,010650	0,234680
0,010700	0,215454
0,010750	0,159607
0,010800	0,076294
0,010850	-0,019531
0,010900	-0,115051
0,010950	-0,193176
0,011000	-0,239563
0,011050	-0,248413
0,011100	-0,216675
0,011150	-0,151367
0,011200	-0,063171
0,011250	0,036011
0,011300	0,125122
0,011350	0,194397
0,011400	0,230408
0,011450	0,226746
0,011500	0,184326
0,011550	0,111694
0,011600	0,018311
0,011650	-0,079651
0,011700	-0,164490
0,011750	-0,224609
0,011800	-0,250244
0,011850	-0,232849
0,011900	-0,180969
0,011950	-0,098267
0,012000	-0,002136
0,012050	0,093384
0,012100	0,174561
0,012150	0,222168
0,012200	0,232849
0,012250	0,206909
0,012300	0,143128
0,012350	0,055237
0,012400	-0,042114
0,012450	-0,134277
0,012500	-0,205078
0,012550	-0,244446
0,012600	-0,244446
0,012650	-0,204468
0,012700	-0,134277
0,012750	-0,039978
0,012800	0,057983
0,012850	0,145264
0,012900	0,207214
0,012950	0,234070
0,013000	0,221863
0,013050	0,171509
0,013100	0,091858
0,013150	-0,003967
0,013200	-0,100403
0,013250	-0,181580
0,013300	-0,233154
0,013350	-0,249329
0,013400	-0,223694
0,013450	-0,162964
0,013500	-0,077209
0,013550	0,019837
0,013600	0,115967
0,013650	0,187378
0,013700	0,230713
0,013750	0,232544
0,013800	0,194397
0,013850	0,124817
0,013900	0,033264
0,013950	-0,065002
0,014000	-0,154114
0,014050	-0,217895
0,014100	-0,247803
0,014150	-0,238953
0,014200	-0,190124
0,014250	-0,111389
0,014300	-0,017090
0,014350	0,079651
0,014400	0,162659
0,014450	0,217285
0,014500	0,234375
0,014550	0,212097
0,014600	0,155640
0,014650	0,070801
0,014700	-0,027161
0,014750	-0,121765
0,014800	-0,195618
0,014850	-0,240173
0,014900	-0,247803
0,014950	-0,213318
0,015000	-0,146179
0,015050	-0,055237
0,015100	0,043945
0,015150	0,132752
0,015200	0,198670
0,015250	0,232239
0,015300	0,224915
0,015350	0,180359
0,015400	0,104675
0,015450	0,008850
0,015500	-0,087280
0,015550	-0,171204
0,015600	-0,229187
0,015650	-0,250854
0,015700	-0,231628
0,015750	-0,175171
0,015800	-0,091858
0,015850	0,005188
0,015900	0,099793
0,015950	0,177612
0,016000	0,223999
0,016050	0,234070
0,016100	0,202637
0,016150	0,137024
0,016200	0,047913
0,016250	-0,050354
0,016300	-0,141296
0,016350	-0,209961
0,016400	-0,245972
0,016450	-0,242615
0,016500	-0,200806
0,016550	-0,127258
0,016600	-0,033264
0,016650	0,065613
0,016700	0,150147
0,016750	0,210266
0,016800	0,234375
0,016850	0,218506
0,016900	0,166016
0,016950	0,084534
0,017000	-0,012512
0,017050	-0,108032
0,017100	-0,188293
0,017150	-0,236511
0,017200	-0,248718
0,017250	-0,221252
0,017300	-0,158081
0,017350	-0,071411
0,017400	0,027161
0,017450	0,118408
0,017500	0,190430
0,017550	0,229187
0,017600	0,227966
0,017650	0,189514
0,017700	0,117493
0,017750	0,024719
0,017800	-0,072632
0,017850	-0,159607
0,017900	-0,221558
0,017950	-0,249023
0,018000	-0,236511
0,018050	-0,184936
0,018100	-0,106506
0,018150	-0,011902
0,018200	0,087280
0,018250	0,167236
0,018300	0,220337
0,018350	0,234375
0,018400	0,208740
0,018450	0,149841
0,018500	0,063782
0,018550	-0,033874
0,018600	-0,126953
0,018650	-0,199890
0,018700	-0,242920
0,018750	-0,245056
0,018800	-0,207825
0,018850	-0,137939
0,018900	-0,047607
0,018950	0,051880
0,019000	0,139771
0,019050	0,205689
0,019100	0,232849
0,019150	0,223999
0,019200	0,176392
0,019250	0,099487
0,019300	0,003052
0,019350	-0,092163
0,019400	-0,175781
0,019450	-0,229797
0,019500	-0,245666
0,019550	-0,227051
0,019600	-0,167847
0,019650	-0,083618
0,019700	0,012817
0,019750	0,107727
0,019800	0,182800
0,019850	0,227966
0,019900	0,232239
0,019950	0,198364
0,020000	0,130920
0,020050	0,041504
0,020100	-0,057373
0,020150	-0,147095
0,020200	-0,213623
0,020250	-0,246887
0,020300	-0,240173
0,020350	-0,195312
0,020400	-0,119018
0,020450	-0,023498
0,020500	0,072327
0,020550	0,157776
0,020600	0,213623
0,020650	0,234070
0,020700	0,216980
0,020750	0,162048
0,020800	0,079651
0,020850	-0,020142
0,020900	-0,113220
0,020950	-0,191345
0,021000	-0,238037
0,021050	-0,247192
0,021100	-0,216064
0,021150	-0,151062
0,021200	-0,061645
0,021250	0,035706
0,021300	0,126648
0,021350	0,195313
0,021400	0,231934
0,021450	0,229492
0,021500	0,185547
0,021550	0,112915
0,021600	0,018921
0,021650	-0,078735
0,021700	-0,162659
0,021750	-0,224304
0,021800	-0,249023
0,021850	-0,231934
0,021900	-0,180664
0,021950	-0,098572
0,022000	-0,001526
0,022050	0,093994
0,022100	0,173950
0,022150	0,221253
0,022200	0,235291
0,022250	0,206299
0,022300	0,144043
0,022350	0,055542
0,022400	-0,041809
0,022450	-0,133972
0,022500	-0,205383
0,022550	-0,243225
0,022600	-0,243530
0,022650	-0,204163
0,022700	-0,132141
0,022750	-0,039368
0,022800	0,057373
0,022850	0,143738
0,022900	0,206909
0,022950	0,234070
0,023000	0,219727
0,023050	0,171509
0,023100	0,090637
0,023150	-0,003967
0,023200	-0,101013
0,023250	-0,182495
0,023300	-0,233459
0,023350	-0,248718
0,023400	-0,222778
0,023450	-0,162659
0,023500	-0,076294
0,023550	0,019226
0,023600	0,112915
0,023650	0,186462
0,023700	0,228272
0,023750	0,230408
0,023800	0,193482
0,023850	0,125733
0,023900	0,034485
0,023950	-0,064697
0,024000	-0,152588
0,024050	-0,218506
0,024100	-0,247497
0,024150	-0,238037
0,024200	-0,189819
0,024250	-0,112610
0,024300	-0,016785
0,024350	0,079346
0,024400	0,162048
0,024450	0,216980
0,024500	0,235596
0,024550	0,213623
0,024600	0,155029
0,024650	0,070496
0,024700	-0,026550
0,024750	-0,121765
0,024800	-0,195923
0,024850	-0,241089
0,024900	-0,247192
0,024950	-0,213623
0,025000	-0,145569
0,025050	-0,055237
0,025100	0,044556
0,025150	0,133667
0,025200	0,199890
0,025250	0,235291
0,025300	0,228577
0,025350	0,181885
0,025400	0,105896
0,025450	0,011902
0,025500	-0,085144
0,025550	-0,171204
0,025600	-0,227051
0,025650	-0,247192
0,025700	-0,228882
0,025750	-0,173645
0,025800	-0,090332
0,025850	0,006409
0,025900	0,101013
0,025950	0,178223
0,026000	0,224915
0,026050	0,233765
0,026100	0,204163
0,026150	0,137634
0,026200	0,050354
0,026250	-0,048828
0,026300	-0,140381
0,026350	-0,209045
0,026400	-0,245056
0,026450	-0,241394
0,026500	-0,198059
0,026550	-0,124817
0,026600	-0,032349
0,026650	0,065308
0,026700	0,151367
0,026750	0,210877
0,026800	0,235291
0,026850	0,217896
0,026900	0,165711
0,026950	0,085449
0,027000	-0,010376
0,027050	-0,107727
0,027100	-0,185852
0,027150	-0,235901
0,027200	-0,247803
0,027250	-0,220337
0,027300	-0,156555
0,027350	-0,067749
0,027400	0,028687
0,027450	0,119934
0,027500	0,193176
0,027550	0,230408
0,027600	0,231018
0,027650	0,191040
0,027700	0,119324
0,027750	0,027771
0,027800	-0,070801
0,027850	-0,159302
0,027900	-0,221252
0,027950	-0,247803
0,028000	-0,236511
0,028050	-0,184631
0,028100	-0,105286
0,028150	-0,008850
0,028200	0,086670
0,028250	0,168457
0,028300	0,220032
0,028350	0,233765
0,028400	0,209656
0,028450	0,150147
0,028500	0,061951
0,028550	-0,034790
0,028600	-0,126953
0,028650	-0,201111
0,028700	-0,242309
0,028750	-0,243835
0,028800	-0,209656
0,028850	-0,139160
0,028900	-0,047607
0,028950	0,050354
0,029000	0,137634
0,029050	0,203247
0,029100	0,233154
0,029150	0,223084
0,029200	0,177002
0,029250	0,098877
0,029300	0,003052
0,029350	-0,092773
0,029400	-0,176392
0,029450	-0,231018
0,029500	-0,248718
0,029550	-0,226440
0,029600	-0,169067
0,029650	-0,084228
0,029700	0,012817
0,029750	0,107422
0,029800	0,182190
0,029850	0,225220
0,029900	0,232239
0,029950	0,199280
0,030000	0,130920
0,030050	0,041809
0,030100	-0,055542
0,030150	-0,146789
0,030200	-0,213623
0,030250	-0,246887
0,030300	-0,240478
0,030350	-0,194702
0,030400	-0,119324
0,030450	-0,025635
0,030500	0,072327
0,030550	0,156250
0,030600	0,213928
0,030650	0,233765
0,030700	0,216675
0,030750	0,160217
0,030800	0,076599
0,030850	-0,020447
0,030900	-0,114441
0,030950	-0,192261
0,031000	-0,239563
0,031050	-0,248108
0,031100	-0,216675
0,031150	-0,151367
0,031200	-0,063476
0,031250	0,035400
0,031300	0,125733
0,031350	0,195313
0,031400	0,230408
0,031450	0,227356
0,031500	0,187073
0,031550	0,111694
0,031600	0,018005
0,031650	-0,079346
0,031700	-0,165405
0,031750	-0,224914
0,031800	-0,249329
0,031850	-0,231934
0,031900	-0,180054
0,031950	-0,098267
0,032000	-0,003357
0,032050	0,092774
0,032100	0,171509
0,032150	0,221558
0,032200	0,233460
0,032250	0,206299
0,032300	0,143433
0,032350	0,056152
0,032400	-0,040893
0,032450	-0,135193
0,032500	-0,205383
0,032550	-0,243530
0,032600	-0,244446
0,032650	-0,204163
0,032700	-0,132141
0,032750	-0,039978
0,032800	0,058289
0,032850	0,146179
0,032900	0,206604
0,032950	0,234680
0,033000	0,220947
0,033050	0,172119
0,033100	0,094299
0,033150	-0,004578
0,033200	-0,100098
0,033250	-0,181580
0,033300	-0,232849
0,033350	-0,248108
0,033400	-0,223694
0,033450	-0,163574
0,033500	-0,078735
0,033550	0,020142
0,033600	0,114136
0,033650	0,185852
0,033700	0,227966
0,033750	0,231018
0,033800	0,194702
0,033850	0,125427
0,033900	0,034790
0,033950	-0,064087
0,034000	-0,151977
0,034050	-0,216064
0,034100	-0,247497
0,034150	-0,237427
0,034200	-0,191345
0,034250	-0,112305
0,034300	-0,017700
0,034350	0,079041
0,034400	0,161743
0,034450	0,217285
0,034500	0,234375
0,034550	0,212402
0,034600	0,154724
0,034650	0,070496
0,034700	-0,027161
0,034750	-0,120544
0,034800	-0,196838
0,034850	-0,241089
0,034900	-0,246582
0,034950	-0,213013
0,035000	-0,145264
0,035050	-0,054932
0,035100	0,042420
0,035150	0,132141
0,035200	0,201111
0,035250	0,231018
0,035300	0,226746
0,035350	0,181275
0,035400	0,105591
0,035450	0,010376
0,035500	-0,086670
0,035550	-0,170593
0,035600	-0,229187
0,035650	-0,250854
0,035700	-0,230713
0,035750	-0,175171
0,035800	-0,092163
0,035850	0,004883
0,035900	0,098877
0,035950	0,176697
0,036000	0,223389
0,036050	0,233765
0,036100	0,201416
0,036150	0,136108
0,036200	0,048523
0,036250	-0,049744
0,036300	-0,140686
0,036350	-0,210571
0,036400	-0,246582
0,036450	-0,243225
0,036500	-0,200500
0,036550	-0,128784
0,036600	-0,031738
0,036650	0,064087
0,036700	0,149536
0,036750	0,209656
0,036800	0,234070
0,036850	0,218201
0,036900	0,166016
0,036950	0,085449
0,037000	-0,010986
0,037050	-0,107117
0,037100	-0,186767
0,037150	-0,236816
0,037200	-0,248108
0,037250	-0,220642
0,037300	-0,158996
0,037350	-0,070496
0,037400	0,027466
0,037450	0,118713
0,037500	0,190735
0,037550	0,229187
0,037600	0,227661
0,037650	0,189514
0,037700	0,118103
0,037750	0,024719
0,037800	-0,071716
0,037850	-0,160217
0,037900	-0,221558
0,037950	-0,249634
0,038000	-0,236511
0,038050	-0,185852
0,038100	-0,105591
0,038150	-0,010681
0,038200	0,086365
0,038250	0,167542
0,038300	0,219116
0,038350	0,233154
0,038400	0,209656
0,038450	0,149841
0,038500	0,063171
0,038550	-0,035095
0,038600	-0,127258
0,038650	-0,202331
0,038700	-0,242920
0,038750	-0,244141
0,038800	-0,208130
0,038850	-0,137329
0,038900	-0,048218
0,038950	0,050659
0,039000	0,139465
0,039050	0,203858
0,039100	0,234680
0,039150	0,224915
0,039200	0,177002
0,039250	0,099793
0,039300	0,004883
0,039350	-0,092773
0,039400	-0,175476
0,039450	-0,231934
0,039500	-0,248413
0,039550	-0,226746
0,039600	-0,169372
0,039650	-0,084534
0,039700	0,014038
0,039750	0,106812
0,039800	0,183716
0,039850	0,226746
0,039900	0,231323
0,039950	0,198670
0,040000	0,131836
0,040050	0,041809
0,040100	-0,057678
0,040150	-0,147095
0,040200	-0,213928
0,040250	-0,246277
0,040300	-0,239868
0,040350	-0,195618
0,040400	-0,119018
0,040450	-0,023193
0,040500	0,072937
0,040550	0,155640
0,040600	0,214233
0,040650	0,235596
0,040700	0,216980
0,040750	0,161133
0,040800	0,079346
0,040850	-0,017395
0,040900	-0,113830
0,040950	-0,189514
0,041000	-0,236816
0,041050	-0,247803
0,041100	-0,215759
0,041150	-0,150757
0,041200	-0,062561
0,041250	0,035706
0,041300	0,127564
0,041350	0,196228
0,041400	0,233154
0,041450	0,228272
0,041500	0,187378
0,041550	0,113525
0,041600	0,019531
0,041650	-0,078735
0,041700	-0,163269
0,041750	-0,223694
0,041800	-0,247192
0,041850	-0,232239
0,041900	-0,179748
0,041950	-0,099487
0,042000	-0,001831
0,042050	0,093384
0,042100	0,170899
0,042150	0,222168
0,042200	0,234070
0,042250	0,206909
0,042300	0,142822
0,042350	0,055237
0,042400	-0,042114
0,042450	-0,133972
0,042500	-0,204773
0,042550	-0,243835
0,042600	-0,244751
0,042650	-0,205078
0,042700	-0,133362
0,042750	-0,040283
0,042800	0,057983
0,042850	0,144043
0,042900	0,207520
0,042950	0,234375
0,043000	0,222778
0,043050	0,170593
0,043100	0,092468
0,043150	-0,001831
0,043200	-0,099487
0,043250	-0,181580
0,043300	-0,233459
0,043350	-0,247803
0,043400	-0,223694
0,043450	-0,163574
0,043500	-0,077209
0,043550	0,020752
0,043600	0,113220
0,043650	0,186768
0,043700	0,227966
0,043750	0,230408
0,043800	0,194397
0,043850	0,126343
0,043900	0,034180
0,043950	-0,065002
0,044000	-0,152283
0,044050	-0,217285
0,044100	-0,248108
0,044150	-0,237427
0,044200	-0,191040
0,044250	-0,113220
0,044300	-0,018005
0,044350	0,080566
0,044400	0,161743
0,044450	0,216065
0,044500	0,234070
0,044550	0,212708
0,044600	0,155335
0,044650	0,070191
0,044700	-0,027161
0,044750	-0,120239
0,044800	-0,195618
0,044850	-0,241089
0,044900	-0,245666
0,044950	-0,212402
0,045000	-0,145569
0,045050	-0,055542
0,045100	0,042420
0,045150	0,131836
0,045200	0,201111
0,045250	0,232544
0,045300	0,226135
0,045350	0,182495
0,045400	0,106812
0,045450	0,012817
0,045500	-0,085754
0,045550	-0,169372
0,045600	-0,226746
0,045650	-0,248108
0,045700	-0,229492
0,045750	-0,173645
0,045800	-0,090637
0,045850	0,006714
0,045900	0,100708
0,045950	0,178833
0,046000	0,224609
0,046050	0,233765
0,046100	0,202637
0,046150	0,138550
0,046200	0,049133
0,046250	-0,048828
0,046300	-0,139160
0,046350	-0,208130
0,046400	-0,245972
0,046450	-0,242004
0,046500	-0,199280
0,046550	-0,126038
0,046600	-0,032043
0,046650	0,064697
0,046700	0,150147
0,046750	0,211792
0,046800	0,234680
0,046850	0,220032
0,046900	0,167542
0,046950	0,086670
0,047000	-0,010681
0,047050	-0,107117
0,047100	-0,184936
0,047150	-0,235901
0,047200	-0,246887
0,047250	-0,220642
0,047300	-0,155945
0,047350	-0,070190
0,047400	0,028076
0,047450	0,120545
0,047500	0,191956
0,047550	0,231018
0,047600	0,231323
0,047650	0,191345
0,047700	0,119934
0,047750	0,026245
0,047800	-0,070190
0,047850	-0,158081
0,047900	-0,220032
0,047950	-0,247497
0,048000	-0,235290
0,048050	-0,185242
0,048100	-0,104675
0,048150	-0,010986
0,048200	0,086365
0,048250	0,167847
0,048300	0,220032
0,048350	0,235291
0,048400	0,209656
0,048450	0,149536
0,048500	0,064087
0,048550	-0,034790
0,048600	-0,127869
0,048650	-0,202331
0,048700	-0,243225
0,048750	-0,245666
0,048800	-0,208435
0,048850	-0,140076
0,048900	-0,047913
0,048950	0,050049
0,049000	0,138245
0,049050	0,203858
0,049100	0,233154
0,049150	0,223389
0,049200	0,176392
0,049250	0,098267
0,049300	0,003662
0,049350	-0,092773
0,049400	-0,176697
0,049450	-0,231934
0,049500	-0,248718
0,049550	-0,227966
0,049600	-0,169067
0,049650	-0,085449
0,049700	0,012512
0,049750	0,105896
0,049800	0,182495
0,049850	0,226135
0,049900	0,232849
0,049950	0,198670
0,050000	0,131531
0,050050	0,041809
0,050100	-0,056152
0,050150	-0,147095
0,050200	-0,213623
0,050250	-0,245666
0,050300	-0,241089
0,050350	-0,195618
0,050400	-0,119629
0,050450	-0,024719
0,050500	0,071106
0,050550	0,155945
0,050600	0,213623
0,050650	0,234375
0,050700	0,216065
0,050750	0,160523
0,050800	0,078125
0,050850	-0,018616
0,050900	-0,114136
0,050950	-0,191650
0,051000	-0,239563
0,051050	-0,248413
0,051100	-0,216980
0,051150	-0,152893
0,051200	-0,064087
0,051250	0,035400
0,051300	0,125122
0,051350	0,191956
0,051400	0,230408
0,051450	0,226441
0,051500	0,185242
0,051550	0,111389
0,051600	0,015869
0,051650	-0,079956
0,051700	-0,165100
0,051750	-0,226440
0,051800	-0,249939
0,051850	-0,234375
0,051900	-0,180664
0,051950	-0,101318
0,052000	-0,004578
0,052050	0,091858
0,052100	0,169678
0,052150	0,218506
0,052200	0,233154
0,052250	0,204468
0,052300	0,142822
0,052350	0,056152
0,052400	-0,043640
0,052450	-0,134277
0,052500	-0,208435
0,052550	-0,245361
0,052600	-0,245972
0,052650	-0,204163
0,052700	-0,135193
0,052750	-0,041809
0,052800	0,055847
0,052850	0,144043
0,052900	0,206299
0,052950	0,233460
0,053000	0,221863
0,053050	0,170593
0,053100	0,093079
0,053150	-0,004883
0,053200	-0,099792
0,053250	-0,183105
0,053300	-0,234680
0,053350	-0,249329
0,053400	-0,225525
0,053450	-0,166016
0,053500	-0,079346
0,053550	0,019226
0,053600	0,114136
0,053650	0,184937
0,053700	0,227051
0,053750	0,230713
0,053800	0,194092
0,053850	0,126038
0,053900	0,032349
0,053950	-0,065308
0,054000	-0,153809
0,054050	-0,219116
0,054100	-0,247803
0,054150	-0,238342
0,054200	-0,191650
0,054250	-0,113830
0,054300	-0,021057
0,054350	0,077210
0,054400	0,161438
0,054450	0,215454
0,054500	0,234070
0,054550	0,213928
0,054600	0,155335
0,054650	0,070801
0,054700	-0,026245
0,054750	-0,121155
0,054800	-0,194702
0,054850	-0,240784
0,054900	-0,247192
0,054950	-0,214538
0,055000	-0,147095
0,055050	-0,057068
0,055100	0,041504
0,055150	0,131836
0,055200	0,198975
0,055250	0,231323
0,055300	0,224609
0,055350	0,179749
0,055400	0,102844
0,055450	0,010376
0,055500	-0,088196
0,055550	-0,171814
0,055600	-0,228577
0,055650	-0,249329
0,055700	-0,232544
0,055750	-0,176392
0,055800	-0,094299
0,055850	0,002747
0,055900	0,098267
0,055950	0,174561
0,056000	0,221253
0,056050	0,231018
0,056100	0,200501
0,056150	0,135498
0,056200	0,047913
0,056250	-0,050964
0,056300	-0,140686
0,056350	-0,210876
0,056400	-0,248413
0,056450	-0,244446
0,056500	-0,201111
0,056550	-0,128174
0,056600	-0,034485
0,056650	0,061646
0,056700	0,148926
0,056750	0,209656
0,056800	0,233460
0,056850	0,217896
0,056900	0,165405
0,056950	0,083618
0,057000	-0,012512
0,057050	-0,107117
0,057100	-0,187073
0,057150	-0,236511
0,057200	-0,249634
0,057250	-0,221863
0,057300	-0,159607
0,057350	-0,072021
0,057400	0,024414
0,057450	0,118408
0,057500	0,190125
0,057550	0,227661
0,057600	0,228577
0,057650	0,188294
0,057700	0,118103
0,057750	0,025330
0,057800	-0,074463
0,057850	-0,162353
0,057900	-0,222473
0,057950	-0,249023
0,058000	-0,237732
0,058050	-0,186462
0,058100	-0,107422
0,058150	-0,012207
0,058200	0,084229
0,058250	0,166626
0,058300	0,218201
0,058350	0,233460
0,058400	0,209351
0,058450	0,148316
0,058500	0,062866
0,058550	-0,034485
0,058600	-0,126953
0,058650	-0,199890
0,058700	-0,243530
0,058750	-0,245361
0,058800	-0,210571
0,058850	-0,139770
0,058900	-0,047913
0,058950	0,050354
0,059000	0,138245
0,059050	0,202332
0,059100	0,232239
0,059150	0,223084
0,059200	0,177307
0,059250	0,097656
0,059300	0,004273
0,059350	-0,093079
0,059400	-0,175781
0,059450	-0,229797
0,059500	-0,249939
0,059550	-0,227661
0,059600	-0,170288
0,059650	-0,086059
0,059700	0,012817
0,059750	0,106201
0,059800	0,180359
0,059850	0,227356
0,059900	0,231629
0,059950	0,197754
0,060000	0,131226
0,060050	0,040894
0,060100	-0,058288
0,060150	-0,148315
0,060200	-0,213928
0,060250	-0,246887
0,060300	-0,242920
0,060350	-0,196838
0,060400	-0,121155
0,060450	-0,025330
0,060500	0,071106
0,060550	0,155335
0,060600	0,213013
0,060650	0,232544
0,060700	0,214233
0,060750	0,160217
0,060800	0,078735
0,060850	-0,018921
0,060900	-0,114441
0,060950	-0,192871
0,061000	-0,238037
0,061050	-0,247803
0,061100	-0,218201
0,061150	-0,151977
0,061200	-0,064697
0,061250	0,033264
0,061300	0,124512
0,061350	0,195313
0,061400	0,231323
0,061450	0,227966
0,061500	0,187073
0,061550	0,112305
0,061600	0,018616
0,061650	-0,078125
0,061700	-0,164490
0,061750	-0,224914
0,061800	-0,249329
0,061850	-0,232849
0,061900	-0,182495
0,061950	-0,099792
0,062000	-0,003662
0,062050	0,092468
0,062100	0,170288
0,062150	0,221863
0,062200	0,234375
0,062250	0,207214
0,062300	0,143433
0,062350	0,056152
0,062400	-0,042114
0,062450	-0,133667
0,062500	-0,205383
0,062550	-0,244446
0,062600	-0,244751
0,062650	-0,205383
0,062700	-0,133362
0,062750	-0,041504
0,062800	0,055847
0,062850	0,142212
0,062900	0,205383
0,062950	0,232544
0,063000	0,221558
0,063050	0,170593
0,063100	0,091248
0,063150	-0,003967
0,063200	-0,101623
0,063250	-0,181580
0,063300	-0,234985
0,063350	-0,251465
0,063400	-0,224914
0,063450	-0,166016
0,063500	-0,079956
0,063550	0,018005
0,063600	0,111389
0,063650	0,186462
0,063700	0,226441
0,063750	0,229797
0,063800	0,195618
0,063850	0,123901
0,063900	0,034790
0,063950	-0,064087
0,064000	-0,153809
0,064050	-0,216675
0,064100	-0,248108
0,064150	-0,239868
0,064200	-0,190124
0,064250	-0,113830
0,064300	-0,018310
0,064350	0,079041
0,064400	0,160523
0,064450	0,217896
0,064500	0,234985
0,064550	0,213013
0,064600	0,155945
0,064650	0,071411
0,064700	-0,026245
0,064750	-0,121460
0,064800	-0,195923
0,064850	-0,241699
0,064900	-0,246582
0,064950	-0,212707
0,065000	-0,145569
0,065050	-0,055542
0,065100	0,041504
0,065150	0,132752
0,065200	0,199280
0,065250	0,232849
0,065300	0,227051
0,065350	0,181885
0,065400	0,106506
0,065450	0,013123
0,065500	-0,084839
0,065550	-0,169067
0,065600	-0,226440
0,065650	-0,248718
0,065700	-0,229492
0,065750	-0,175171
0,065800	-0,090942
0,065850	0,005493
0,065900	0,100403
0,065950	0,178223
0,066000	0,225220
0,066050	0,235596
0,066100	0,203247
0,066150	0,138550
0,066200	0,049439
0,066250	-0,047302
0,066300	-0,139465
0,066350	-0,209045
0,066400	-0,243835
0,066450	-0,241394
0,066500	-0,199585
0,066550	-0,126648
0,066600	-0,032349
0,066650	0,064697
0,066700	0,151062
0,066750	0,210877
0,066800	0,235901
0,066850	0,219116
0,066900	0,167542
0,066950	0,086060
0,067000	-0,011597
0,067050	-0,105896
0,067100	-0,185547
0,067150	-0,234985
0,067200	-0,248108
0,067250	-0,220947
0,067300	-0,157471
0,067350	-0,069275
0,067400	0,027771
0,067450	0,120850
0,067500	0,192261
0,067550	0,231323
0,067600	0,231323
0,067650	0,191345
0,067700	0,119934
0,067750	0,027466
0,067800	-0,069275
0,067850	-0,157165
0,067900	-0,220337
0,067950	-0,247192
0,068000	-0,235596
0,068050	-0,185242
0,068100	-0,106506
0,068150	-0,010376
0,068200	0,086060
0,068250	0,167542
0,068300	0,220337
0,068350	0,234070
0,068400	0,209656
0,068450	0,150147
0,068500	0,063477
0,068550	-0,033569
0,068600	-0,126953
0,068650	-0,200806
0,068700	-0,242920
0,068750	-0,246582
0,068800	-0,209350
0,068850	-0,139770
0,068900	-0,049133
0,068950	0,049439
0,069000	0,137634
0,069050	0,202637
0,069100	0,232849
0,069150	0,223389
0,069200	0,176697
0,069250	0,098267
0,069300	0,004273
0,069350	-0,093079
0,069400	-0,176086
0,069450	-0,231628
0,069500	-0,248718
0,069550	-0,227356
0,069600	-0,169983
0,069650	-0,086670
0,069700	0,012207
0,069750	0,105591
0,069800	0,181580
0,069850	0,225830
0,069900	0,233460
0,069950	0,198975
0,070000	0,131836
0,070050	0,041809
0,070100	-0,056152
0,070150	-0,147095
0,070200	-0,213013
0,070250	-0,245972
0,070300	-0,239563
0,070350	-0,196228
0,070400	-0,119934
0,070450	-0,024414
0,070500	0,071106
0,070550	0,155029
0,070600	0,213013
0,070650	0,234375
0,070700	0,215454
0,070750	0,161438
0,070800	0,077515
0,070850	-0,019226
0,070900	-0,113830
0,070950	-0,191345
0,071000	-0,239563
0,071050	-0,248108
0,071100	-0,216980
0,071150	-0,153809
0,071200	-0,064087
0,071250	0,035095
0,071300	0,126953
0,071350	0,195618
0,071400	0,231018
0,071450	0,227051
0,071500	0,187378
0,071550	0,112610
0,071600	0,018616
0,071650	-0,077820
0,071700	-0,163574
0,071750	-0,226135
0,071800	-0,250549
0,071850	-0,233765
0,071900	-0,180969
0,071950	-0,100403
0,072000	-0,003662
0,072050	0,091248
0,072100	0,173340
0,072150	0,222168
0,072200	0,233154
0,072250	0,207825
0,072300	0,144348
0,072350	0,055847
0,072400	-0,041199
0,072450	-0,133362
0,072500	-0,203857
0,072550	-0,243530
0,072600	-0,244751
0,072650	-0,205688
0,072700	-0,133362
0,072750	-0,041504
0,072800	0,056458
0,072850	0,144043
0,072900	0,207214
0,072950	0,234680
0,073000	0,221863
0,073050	0,171814
0,073100	0,092774
0,073150	-0,003052
0,073200	-0,098877
0,073250	-0,180359
0,073300	-0,233154
0,073350	-0,248413
0,073400	-0,224304
0,073450	-0,164490
0,073500	-0,078125
0,073550	0,020447
0,073600	0,112915
0,073650	0,186157
0,073700	0,228577
0,073750	0,230408
0,073800	0,195618
0,073850	0,125733
0,073900	0,033875
0,073950	-0,063171
0,074000	-0,153503
0,074050	-0,216980
0,074100	-0,248413
0,074150	-0,238953
0,074200	-0,190735
0,074250	-0,113525
0,074300	-0,018616
0,074350	0,077820
0,074400	0,162048
0,074450	0,216675
0,074500	0,235596
0,074550	0,213623
0,074600	0,156250
0,074650	0,071411
0,074700	-0,025635
0,074750	-0,119018
0,074800	-0,194092
0,074850	-0,240478
0,074900	-0,246582
0,074950	-0,214233
0,075000	-0,145264
0,075050	-0,056152
0,075100	0,042725
0,075150	0,132446
0,075200	0,199280
0,075250	0,232239
0,075300	0,225220
0,075350	0,180969
0,075400	0,105591
0,075450	0,011292
0,075500	-0,086365
0,075550	-0,170593
0,075600	-0,228271
0,075650	-0,249634
0,075700	-0,231018
0,075750	-0,176086
0,075800	-0,093689
0,075850	0,003662
0,075900	0,098877
0,075950	0,176087
0,076000	0,223389
0,076050	0,233460
0,076100	0,202942
0,076150	0,138855
0,076200	0,048828
0,076250	-0,049438
0,076300	-0,140381
0,076350	-0,210266
0,076400	-0,246277
0,076450	-0,241699
0,076500	-0,200500
0,076550	-0,128174
0,076600	-0,034180
0,076650	0,063477
0,076700	0,150757
0,076750	0,209351
0,076800	0,234375
0,076850	0,218506
0,076900	0,167236
0,076950	0,086670
0,077000	-0,010681
0,077050	-0,108032
0,077100	-0,186157
0,077150	-0,235901
0,077200	-0,249023
0,077250	-0,221558
0,077300	-0,158691
0,077350	-0,072021
0,077400	0,026856
0,077450	0,119019
0,077500	0,190125
0,077550	0,228577
0,077600	0,227966
0,077650	0,189819
0,077700	0,119324
0,077750	0,026245
0,077800	-0,071716
0,077850	-0,158081
0,077900	-0,219726
0,077950	-0,248413
0,078000	-0,235901
0,078050	-0,186462
0,078100	-0,107422
0,078150	-0,012207
0,078200	0,086975
0,078250	0,165405
0,078300	0,220032
0,078350	0,234680
0,078400	0,210266
0,078450	0,150147
0,078500	0,064392
0,078550	-0,033569
0,078600	-0,126343
0,078650	-0,199585
0,078700	-0,242309
0,078750	-0,246277
0,078800	-0,209350
0,078850	-0,139770
0,078900	-0,047302
0,078950	0,050049
0,079000	0,137940
0,079050	0,204468
0,079100	0,233154
0,079150	0,224609
0,079200	0,176697
0,079250	0,098877
0,079300	0,006409
0,079350	-0,093384
0,079400	-0,174866
0,079450	-0,229797
0,079500	-0,248108
0,079550	-0,226746
0,079600	-0,169983
0,079650	-0,085144
0,079700	0,011902
0,079750	0,106812
0,079800	0,182190
0,079850	0,227051
0,079900	0,231629
0,079950	0,198975
0,080000	0,133057
0,080050	0,041809
0,080100	-0,055542
0,080150	-0,146789
0,080200	-0,213623
0,080250	-0,247192
0,080300	-0,240478
0,080350	-0,195923
0,080400	-0,120544
0,080450	-0,026245
0,080500	0,072022
0,080550	0,154724
0,080600	0,213013
0,080650	0,234985
0,080700	0,216675
0,080750	0,162048
0,080800	0,080566
0,080850	-0,018616
0,080900	-0,111999
0,080950	-0,190430
0,081000	-0,237427
0,081050	-0,246582
0,081100	-0,216370
0,081150	-0,151672
0,081200	-0,063171
0,081250	0,034485
0,081300	0,125427
0,081350	0,196533
0,081400	0,232544
0,081450	0,227661
0,081500	0,187683
0,081550	0,113831
0,081600	0,019837
0,081650	-0,077820
0,081700	-0,163269
0,081750	-0,223999
0,081800	-0,248718
0,081850	-0,232544
0,081900	-0,180054
0,081950	-0,099792
0,082000	-0,002441
0,082050	0,092774
0,082100	0,172119
0,082150	0,221253
0,082200	0,234070
0,082250	0,206909
0,082300	0,144653
0,082350	0,057983
0,082400	-0,040588
0,082450	-0,133362
0,082500	-0,204773
0,082550	-0,243530
0,082600	-0,244141
0,082650	-0,205078
0,082700	-0,134582
0,082750	-0,042114
0,082800	0,056458
0,082850	0,143738
0,082900	0,206604
0,082950	0,233765
0,083000	0,221253
0,083050	0,171814
0,083100	0,092163
0,083150	-0,003662
0,083200	-0,100403
0,083250	-0,180359
0,083300	-0,231934
0,083350	-0,248718
0,083400	-0,225525
0,083450	-0,163574
0,083500	-0,078735
0,083550	0,019531
0,083600	0,112915
0,083650	0,186157
0,083700	0,227966
0,083750	0,231018
0,083800	0,194397
0,083850	0,126343
0,083900	0,035400
0,083950	-0,062256
0,084000	-0,152283
0,084050	-0,216675
0,084100	-0,248108
0,084150	-0,238342
0,084200	-0,192261
0,084250	-0,113830
0,084300	-0,017700
0,084350	0,077515
0,084400	0,161133
0,084450	0,216370
0,084500	0,233765
0,084550	0,213623
0,084600	0,155029
0,084650	0,070801
0,084700	-0,024719
0,084750	-0,119629
0,084800	-0,195312
0,084850	-0,240784
0,084900	-0,247497
0,084950	-0,212707
0,085000	-0,147400
0,085050	-0,056457
0,085100	0,043640
0,085150	0,132752
0,085200	0,199585
0,085250	0,233154
0,085300	0,227356
0,085350	0,182495
0,085400	0,106812
0,085450	0,012817
0,085500	-0,083923
0,085550	-0,168152
0,085600	-0,227051
0,085650	-0,248413
0,085700	-0,229187
0,085750	-0,174255
0,085800	-0,091858
0,085850	0,005493
0,085900	0,100098
0,085950	0,177002
0,086000	0,225220
0,086050	0,234985
0,086100	0,204468
0,086150	0,138550
0,086200	0,050354
0,086250	-0,048523
0,086300	-0,138550
0,086350	-0,206909
0,086400	-0,243835
0,086450	-0,241699
0,086500	-0,200195
0,086550	-0,125732
0,086600	-0,033874
0,086650	0,063782
0,086700	0,150757
0,086750	0,210266
0,086800	0,235596
0,086850	0,219421
0,086900	0,166626
0,086950	0,086060
0,087000	-0,009766
0,087050	-0,104980
0,087100	-0,185852
0,087150	-0,236206
0,087200	-0,248718
0,087250	-0,219116
0,087300	-0,157165
0,087350	-0,069885
0,087400	0,027771
0,087450	0,120850
0,087500	0,191650
0,087550	0,231934
0,087600	0,231323
0,087650	0,192566
0,087700	0,120850
0,087750	0,027771
0,087800	-0,068970
0,087850	-0,156860
0,087900	-0,220337
0,087950	-0,246582
0,088000	-0,235290
0,088050	-0,185242
0,088100	-0,106811
0,088150	-0,010681
0,088200	0,085754
0,088250	0,168152
0,088300	0,219116
0,088350	0,234375
0,088400	0,210877
0,088450	0,150452
0,088500	0,065003
0,088550	-0,033264
0,088600	-0,126648
0,088650	-0,199280
0,088700	-0,242615
0,088750	-0,246277
0,088800	-0,209350
0,088850	-0,140991
0,088900	-0,048828
0,088950	0,049133
0,089000	0,137940
0,089050	0,202637
0,089100	0,232849
0,089150	0,224304
0,089200	0,176087
0,089250	0,098877
0,089300	0,004273
0,089350	-0,093079
0,089400	-0,176697
0,089450	-0,230102
0,089500	-0,248108
0,089550	-0,228271
0,089600	-0,170288
0,089650	-0,086059
0,089700	0,012817
0,089750	0,104981
0,089800	0,181275
0,089850	0,226135
0,089900	0,232544
0,089950	0,198975
0,090000	0,131531
0,090050	0,042114
0,090100	-0,055847
0,090150	-0,145874
0,090200	-0,212707
0,090250	-0,246582
0,090300	-0,240784
0,090350	-0,196838
0,090400	-0,120544
0,090450	-0,025635
0,090500	0,072022
0,090550	0,155335
0,090600	0,213318
0,090650	0,233765
0,090700	0,216065
0,090750	0,162048
0,090800	0,078735
0,090850	-0,019226
0,090900	-0,114441
0,090950	-0,191650
0,091000	-0,238037
0,091050	-0,248413
0,091100	-0,216980
0,091150	-0,153198
0,091200	-0,065002
0,091250	0,033569
0,091300	0,124817
0,091350	0,194702
0,091400	0,230408
0,091450	0,227661
0,091500	0,186768
0,091550	0,112610
0,091600	0,019226
0,091650	-0,078125
0,091700	-0,163879
0,091750	-0,224304
0,091800	-0,249023
0,091850	-0,233765
0,091900	-0,182190
0,091950	-0,101013
0,092000	-0,003967
0,092050	0,092163
0,092100	0,172119
0,092150	0,221558
0,092200	0,233765
0,092250	0,206604
0,092300	0,144653
0,092350	0,057983
0,092400	-0,041504
0,092450	-0,133057
0,092500	-0,204773
0,092550	-0,243835
0,092600	-0,243835
0,092650	-0,204163
0,092700	-0,133667
0,092750	-0,039978
0,092800	0,057373
0,092850	0,142517
0,092900	0,206604
0,092950	0,234375
0,093000	0,221558
0,093050	0,171814
0,093100	0,093689
0,093150	-0,002441
0,093200	-0,098572
0,093250	-0,179748
0,093300	-0,232849
0,093350	-0,248718
0,093400	-0,223999
0,093450	-0,165100
0,093500	-0,077515
0,093550	0,019837
0,093600	0,114136
0,093650	0,186157
0,093700	0,227356
0,093750	0,232239
0,093800	0,195313
0,093850	0,126038
0,093900	0,034790
0,093950	-0,062561
0,094000	-0,149841
0,094050	-0,217895
0,094100	-0,247497
0,094150	-0,237732
0,094200	-0,191650
0,094250	-0,114746
0,094300	-0,018310
0,094350	0,079041
0,094400	0,162048
0,094450	0,215759
0,094500	0,235596
0,094550	0,214844
0,094600	0,156555
0,094650	0,071716
0,094700	-0,025940
0,094750	-0,118713
0,094800	-0,195312
0,094850	-0,240784
0,094900	-0,245666
0,094950	-0,212707
0,095000	-0,146179
0,095050	-0,057983
0,095100	0,041199
0,095150	0,131531
0,095200	0,198975
0,095250	0,232544
0,095300	0,226135
0,095350	0,182190
0,095400	0,105591
0,095450	0,010681
0,095500	-0,085754
0,095550	-0,170898
0,095600	-0,227661
0,095650	-0,249634
0,095700	-0,231628
0,095750	-0,176086
0,095800	-0,093384
0,095850	0,003357
0,095900	0,097656
0,095950	0,175476
0,096000	0,223694
0,096050	0,233154
0,096100	0,201721
0,096150	0,138855
0,096200	0,048828
0,096250	-0,048828
0,096300	-0,141296
0,096350	-0,209656
0,096400	-0,246277
0,096450	-0,242615
0,096500	-0,201111
0,096550	-0,128174
0,096600	-0,034485
0,096650	0,062866
0,096700	0,149536
0,096750	0,209656
0,096800	0,235291
0,096850	0,218811
0,096900	0,167236
0,096950	0,084839
0,097000	-0,010071
0,097050	-0,106201
0,097100	-0,186767
0,097150	-0,234375
0,097200	-0,249329
0,097250	-0,221863
0,097300	-0,159607
0,097350	-0,071716
0,097400	0,025940
0,097450	0,118408
0,097500	0,190125
0,097550	0,228882
0,097600	0,228577
0,097650	0,189514
0,097700	0,119019
0,097750	0,025635
0,097800	-0,071411
0,097850	-0,158996
0,097900	-0,222168
0,097950	-0,249329
0,098000	-0,235290
0,098050	-0,186767
0,098100	-0,108642
0,098150	-0,012817
0,098200	0,085144
0,098250	0,166016
0,098300	0,217896
0,098350	0,234680
0,098400	0,210571
0,098450	0,150757
0,098500	0,063171
0,098550	-0,032654
0,098600	-0,127258
0,098650	-0,200500
0,098700	-0,241699
0,098750	-0,245056
0,098800	-0,209045
0,098850	-0,139160
0,098900	-0,047913
0,098950	0,050354
0,099000	0,138550
0,099050	0,202637
0,099100	0,234375
0,099150	0,225525
0,099200	0,176392
0,099250	0,101013
0,099300	0,004883
0,099350	-0,092163
0,099400	-0,175171
0,099450	-0,230408
0,099500	-0,249023
0,099550	-0,227356
0,099600	-0,169678
0,099650	-0,084228
0,099700	0,011292
0,099750	0,106201
0,099800	0,181580
0,099850	0,227051
0,099900	0,231018
0,099950	0,199585
0,100000	0,132446
0,100050	0,042420
0,100100	-0,055542
0,100150	-0,148010
0,100200	-0,213318
0,100250	-0,246887
0,100300	-0,241089
0,100350	-0,196533
0,100400	-0,121765
0,100450	-0,027161
0,100500	0,070496
0,100550	0,155029
0,100600	0,213318
0,100650	0,235596
0,100700	0,216370
0,100750	0,162659
0,100800	0,079956
0,100850	-0,018921
0,100900	-0,111999
0,100950	-0,189209
0,101000	-0,238037
0,101050	-0,247803
0,101100	-0,218201
0,101150	-0,152283
0,101200	-0,062256
0,101250	0,035095
0,101300	0,126038
0,101350	0,195007
0,101400	0,231934
0,101450	0,228272
0,101500	0,187378
0,101550	0,114441
0,101600	0,020142
0,101650	-0,078125
0,101700	-0,163574
0,101750	-0,223694
0,101800	-0,248413
0,101850	-0,232239
0,101900	-0,181274
0,101950	-0,099182
0,102000	-0,003052
0,102050	0,091858
0,102100	0,171509
0,102150	0,222168
0,102200	0,234375
0,102250	0,207214
0,102300	0,144653
0,102350	0,057983
0,102400	-0,039368
0,102450	-0,134277
0,102500	-0,204773
0,102550	-0,245361
0,102600	-0,245666
0,102650	-0,206604
0,102700	-0,135193
0,102750	-0,041809
0,102800	0,057678
0,102850	0,140686
0,102900	0,204773
0,102950	0,232849
0,103000	0,219421
0,103050	0,170899
0,103100	0,091248
0,103150	-0,003052
0,103200	-0,100708
0,103250	-0,180969
0,103300	-0,234375
0,103350	-0,249329
0,103400	-0,224914
0,103450	-0,166321
0,103500	-0,081482
0,103550	0,017700
0,103600	0,110779
0,103650	0,184937
0,103700	0,226746
0,103750	0,231018
0,103800	0,194702
0,103850	0,123901
0,103900	0,032959
0,103950	-0,061645
0,104000	-0,152893
0,104050	-0,217285
0,104100	-0,249023
0,104150	-0,240784
0,104200	-0,193176
0,104250	-0,115662
0,104300	-0,020142
0,104350	0,077820
0,104400	0,160217
0,104450	0,214844
0,104500	0,234985
0,104550	0,211792
0,104600	0,156250
0,104650	0,071411
0,104700	-0,025330
0,104750	-0,120544
0,104800	-0,195312
0,104850	-0,240784
0,104900	-0,247192
0,104950	-0,214233
0,105000	-0,146789
0,105050	-0,056457
0,105100	0,041504
0,105150	0,132446
0,105200	0,198059
0,105250	0,233154
0,105300	0,229187
0,105350	0,181885
0,105400	0,107422
0,105450	0,013428
0,105500	-0,083618
0,105550	-0,169983
0,105600	-0,225830
0,105650	-0,247497
0,105700	-0,229187
0,105750	-0,175781
0,105800	-0,091858
0,105850	0,005188
0,105900	0,100403
0,105950	0,176392
0,106000	0,225220
0,106050	0,233460
0,106100	0,202637
0,106150	0,140076
0,106200	0,050659
0,106250	-0,046387
0,106300	-0,138550
0,106350	-0,208740
0,106400	-0,243835
0,106450	-0,241699
0,106500	-0,200195
0,106550	-0,126953
0,106600	-0,033874
0,106650	0,064087
0,106700	0,150147
0,106750	0,209656
0,106800	0,235291
0,106850	0,219727
0,106900	0,167542
0,106950	0,086365
0,107000	-0,009766
0,107050	-0,105591
0,107100	-0,184936
0,107150	-0,235290
0,107200	-0,247803
0,107250	-0,220642
0,107300	-0,156250
0,107350	-0,070190
0,107400	0,026245
0,107450	0,119019
0,107500	0,192261
0,107550	0,230408
0,107600	0,231323
0,107650	0,192566
0,107700	0,121765
0,107750	0,029297
0,107800	-0,069275
0,107850	-0,155945
0,107900	-0,218811
0,107950	-0,247192
0,108000	-0,235290
0,108050	-0,186767
0,108100	-0,105896
0,108150	-0,011902
0,108200	0,085754
0,108250	0,165100
0,108300	0,219421
0,108350	0,236206
0,108400	0,210877
0,108450	0,150147
0,108500	0,065308
0,108550	-0,032043
0,108600	-0,126038
0,108650	-0,199890
0,108700	-0,243835
0,108750	-0,245361
0,108800	-0,209656
0,108850	-0,141296
0,108900	-0,049438
0,108950	0,048523
0,109000	0,137940
0,109050	0,202942
0,109100	0,232849
0,109150	0,223999
0,109200	0,177612
0,109250	0,099487
0,109300	0,004578
0,109350	-0,093079
0,109400	-0,174866
0,109450	-0,230102
0,109500	-0,249023
0,109550	-0,227356
0,109600	-0,169983
0,109650	-0,086670
0,109700	0,011902
0,109750	0,105896
0,109800	0,181885
0,109850	0,224915
0,109900	0,232849
0,109950	0,199280
0,110000	0,132752
0,110050	0,043335
0,110100	-0,054932
0,110150	-0,144958
0,110200	-0,212097
0,110250	-0,246277
0,110300	-0,240173
0,110350	-0,196228
0,110400	-0,122070
0,110450	-0,026245
0,110500	0,070191
0,110550	0,154114
0,110600	0,212708
0,110650	0,234680
0,110700	0,215759
0,110750	0,161438
0,110800	0,078125
0,110850	-0,019226
0,110900	-0,112915
0,110950	-0,190430
0,111000	-0,237732
0,111050	-0,248718
0,111100	-0,217590
0,111150	-0,153503
0,111200	-0,065002
0,111250	0,032959
0,111300	0,126038
0,111350	0,195007
0,111400	0,231018
0,111450	0,227966
0,111500	0,185242
0,111550	0,112000
0,111600	0,020447
0,111650	-0,077515
0,111700	-0,163879
0,111750	-0,224609
0,111800	-0,249023
0,111850	-0,234680
0,111900	-0,181580
0,111950	-0,101318
0,112000	-0,003357
0,112050	0,091553
0,112100	0,170899
0,112150	0,221863
0,112200	0,234375
0,112250	0,208130
0,112300	0,145569
0,112350	0,057678
0,112400	-0,039368
0,112450	-0,132446
0,112500	-0,205078
0,112550	-0,243530
0,112600	-0,243225
0,112650	-0,204468
0,112700	-0,133667
0,112750	-0,041504
0,112800	0,055542
0,112850	0,143128
0,112900	0,205383
0,112950	0,234375
0,113000	0,221558
0,113050	0,172730
0,113100	0,094299
0,113150	-0,002746
0,113200	-0,099792
0,113250	-0,177917
0,113300	-0,233154
0,113350	-0,249634
0,113400	-0,223694
0,113450	-0,164490
0,113500	-0,078735
0,113550	0,018921
0,113600	0,113525
0,113650	0,185852
0,113700	0,227661
0,113750	0,232239
0,113800	0,194702
0,113850	0,125733
0,113900	0,035706
0,113950	-0,063171
0,114000	-0,152283
0,114050	-0,215454
0,114100	-0,247192
0,114150	-0,238647
0,114200	-0,191040
0,114250	-0,114136
0,114300	-0,019531
0,114350	0,078430
0,114400	0,160523
0,114450	0,216980
0,114500	0,235596
0,114550	0,212708
0,114600	0,155945
0,114650	0,071716
0,114700	-0,025330
0,114750	-0,119324
0,114800	-0,194702
0,114850	-0,240784
0,114900	-0,247803
0,114950	-0,213623
0,115000	-0,147095
0,115050	-0,056457
0,115100	0,041504
0,115150	0,131531
0,115200	0,198364
0,115250	0,231323
0,115300	0,225525
0,115350	0,181580
0,115400	0,105286
0,115450	0,013428
0,115500	-0,085144
0,115550	-0,170288
0,115600	-0,228577
0,115650	-0,250244
0,115700	-0,231934
0,115750	-0,176086
0,115800	-0,096130
0,115850	0,002136
0,115900	0,097046
0,115950	0,175781
0,116000	0,223389
0,116050	0,232544
0,116100	0,203247
0,116150	0,138245
0,116200	0,050354
0,116250	-0,048218
0,116300	-0,140381
0,116350	-0,208740
0,116400	-0,245666
0,116450	-0,242004
0,116500	-0,201111
0,116550	-0,127869
0,116600	-0,036926
0,116650	0,062561
0,116700	0,148621
0,116750	0,209351
0,116800	0,234070
0,116850	0,219116
0,116900	0,166016
0,116950	0,086670
0,117000	-0,010071
0,117050	-0,105591
0,117100	-0,186157
0,117150	-0,235290
0,117200	-0,249634
0,117250	-0,220947
0,117300	-0,159912
0,117350	-0,072937
0,117400	0,024719
0,117450	0,117798
0,117500	0,190125
0,117550	0,228272
0,117600	0,228882
0,117650	0,191040
0,117700	0,119019
0,117750	0,027161
0,117800	-0,071106
0,117850	-0,159302
0,117900	-0,220032
0,117950	-0,248718
0,118000	-0,237121
0,118050	-0,186767
0,118100	-0,106811
0,118150	-0,012512
0,118200	0,084534
0,118250	0,165405
0,118300	0,217896
0,118350	0,235291
0,118400	0,210877
0,118450	0,151978
0,118500	0,065613
0,118550	-0,032349
0,118600	-0,125427
0,118650	-0,199280
0,118700	-0,240478
0,118750	-0,245972
0,118800	-0,209656
0,118850	-0,140991
0,118900	-0,050354
0,118950	0,049744
0,119000	0,137024
0,119050	0,202332
0,119100	0,234985
0,119150	0,225220
0,119200	0,177612
0,119250	0,101624
0,119300	0,006409
0,119350	-0,090942
0,119400	-0,172729
0,119450	-0,228882
0,119500	-0,249023
0,119550	-0,227051
0,119600	-0,169678
0,119650	-0,086059
0,119700	0,011292
0,119750	0,105286
0,119800	0,182190
0,119850	0,227966
0,119900	0,232849
0,119950	0,200195
0,120000	0,133362
0,120050	0,042725
0,120100	-0,055542
0,120150	-0,145569
0,120200	-0,213013
0,120250	-0,247803
0,120300	-0,240784
0,120350	-0,198059
0,120400	-0,120239
0,120450	-0,026855
0,120500	0,070801
0,120550	0,155029
0,120600	0,212402
0,120650	0,235901
0,120700	0,216675
0,120750	0,161743
0,120800	0,079346
0,120850	-0,017395
0,120900	-0,111999
0,120950	-0,189514
0,121000	-0,237427
0,121050	-0,248718
0,121100	-0,216980
0,121150	-0,153809
0,121200	-0,064392
0,121250	0,034485
0,121300	0,126038
0,121350	0,195007
0,121400	0,231323
0,121450	0,228882
0,121500	0,186768
0,121550	0,112915
0,121600	0,020142
0,121650	-0,076599
0,121700	-0,163269
0,121750	-0,223083
0,121800	-0,248718
0,121850	-0,233459
0,121900	-0,181580
0,121950	-0,099487
0,122000	-0,003052
0,122050	0,092774
0,122100	0,171814
0,122150	0,222473
0,122200	0,235291
0,122250	0,207214
0,122300	0,144959
0,122350	0,057068
0,122400	-0,038757
0,122450	-0,131836
0,122500	-0,205078
0,122550	-0,244141
0,122600	-0,243225
0,122650	-0,206604
0,122700	-0,134277
0,122750	-0,042114
0,122800	0,055237
0,122850	0,144043
0,122900	0,205689
0,122950	0,235291
0,123000	0,221863
0,123050	0,172424
0,123100	0,092774
0,123150	-0,002746
0,123200	-0,099792
0,123250	-0,179748
0,123300	-0,233459
0,123350	-0,247497
0,123400	-0,223694
0,123450	-0,164795
0,123500	-0,078735
0,123550	0,018616
0,123600	0,111389
0,123650	0,186157
0,123700	0,227051
0,123750	0,231323
0,123800	0,195007
0,123850	0,126648
0,123900	0,036621
0,123950	-0,062561
0,124000	-0,151367
0,124050	-0,216675
0,124100	-0,248413
0,124150	-0,237732
0,124200	-0,191650
0,124250	-0,114441
0,124300	-0,018310
0,124350	0,077820
0,124400	0,160523
0,124450	0,215759
0,124500	0,234680
0,124550	0,213928
0,124600	0,155945
0,124650	0,071411
0,124700	-0,024719
0,124750	-0,119629
0,124800	-0,194702
0,124850	-0,239868
0,124900	-0,246582
0,124950	-0,213623
0,125000	-0,147400
0,125050	-0,056763
0,125100	0,041809
0,125150	0,131836
0,125200	0,199280
0,125250	0,233154
0,125300	0,227661
0,125350	0,183411
0,125400	0,107422
0,125450	0,012817
0,125500	-0,082397
0,125550	-0,167847
0,125600	-0,225830
0,125650	-0,247803
0,125700	-0,229492
0,125750	-0,174866
0,125800	-0,092773
0,125850	0,003967
0,125900	0,100403
0,125950	0,177307
0,126000	0,224609
0,126050	0,235291
0,126100	0,203858
0,126150	0,139771
0,126200	0,050354
0,126250	-0,046081
0,126300	-0,139465
0,126350	-0,208740
0,126400	-0,244751
0,126450	-0,242004
0,126500	-0,200500
0,126550	-0,127258
0,126600	-0,034485
0,126650	0,063171
0,126700	0,148926
0,126750	0,209961
0,126800	0,235291
0,126850	0,221253
0,126900	0,167847
0,126950	0,086975
0,127000	-0,009460
0,127050	-0,104675
0,127100	-0,183716
0,127150	-0,234985
0,127200	-0,246582
0,127250	-0,221558
0,127300	-0,157776
0,127350	-0,070496
0,127400	0,026856
0,127450	0,119629
0,127500	0,191650
0,127550	0,229797
0,127600	0,231934
0,127650	0,192871
0,127700	0,121155
0,127750	0,029602
0,127800	-0,068359
0,127850	-0,157165
0,127900	-0,218811
0,127950	-0,246887
0,128000	-0,234985
0,128050	-0,185852
0,128100	-0,107422
0,128150	-0,011597
0,128200	0,084839
0,128250	0,167236
0,128300	0,218201
0,128350	0,235596
0,128400	0,210877
0,128450	0,149841
0,128500	0,064392
0,128550	-0,032654
0,128600	-0,126343
0,128650	-0,198975
0,128700	-0,242309
0,128750	-0,245666
0,128800	-0,210571
0,128850	-0,141601
0,128900	-0,049744
0,128950	0,047913
0,129000	0,137329
0,129050	0,203247
0,129100	0,233460
0,129150	0,223999
0,129200	0,177612
0,129250	0,100708
0,129300	0,005493
0,129350	-0,091858
0,129400	-0,175171
0,129450	-0,230713
0,129500	-0,249023
0,129550	-0,228271
0,129600	-0,170593
0,129650	-0,088501
0,129700	0,010681
0,129750	0,105286
0,129800	0,179749
0,129850	0,226441
0,129900	0,231934
0,129950	0,200501
0,130000	0,133667
0,130050	0,043640
0,130100	-0,054016
0,130150	-0,144958
0,130200	-0,213318
0,130250	-0,246887
0,130300	-0,239868
0,130350	-0,195923
0,130400	-0,122070
0,130450	-0,025635
0,130500	0,069580
0,130550	0,155335
0,130600	0,211792
0,130650	0,234985
0,130700	0,215759
0,130750	0,162048
0,130800	0,079651
0,130850	-0,015869
0,130900	-0,113220
0,130950	-0,191040
0,131000	-0,238953
0,131050	-0,247803
0,131100	-0,218201
0,131150	-0,153809
0,131200	-0,065002
0,131250	0,032349
0,131300	0,123901
0,131350	0,195007
0,131400	0,230408
0,131450	0,227661
0,131500	0,186462
0,131550	0,113220
0,131600	0,020447
0,131650	-0,077515
0,131700	-0,163574
0,131750	-0,223389
0,131800	-0,248108
0,131850	-0,234070
0,131900	-0,181885
0,131950	-0,101318
0,132000	-0,005188
0,132050	0,090637
0,132100	0,171509
0,132150	0,222168
0,132200	0,234070
0,132250	0,207214
0,132300	0,144653
0,132350	0,057678
0,132400	-0,040283
0,132450	-0,132446
0,132500	-0,204468
0,132550	-0,242920
0,132600	-0,244751
0,132650	-0,205383
0,132700	-0,134277
0,132750	-0,041809
0,132800	0,055237
0,132850	0,143433
0,132900	0,205383
0,132950	0,233765
0,133000	0,222473
0,133050	0,172730
0,133100	0,093384
0,133150	-0,001221
0,133200	-0,097656
0,133250	-0,180054
0,133300	-0,231018
0,133350	-0,248413
0,133400	-0,223999
0,133450	-0,166016
0,133500	-0,078735
0,133550	0,019226
0,133600	0,111694
0,133650	0,185852
0,133700	0,227356
0,133750	0,232239
0,133800	0,194397
0,133850	0,127258
0,133900	0,035706
0,133950	-0,061951
0,134000	-0,151672
0,134050	-0,217590
0,134100	-0,247192
0,134150	-0,238037
0,134200	-0,191955
0,134250	-0,115967
0,134300	-0,020142
0,134350	0,076294
0,134400	0,160217
0,134450	0,215759
0,134500	0,235596
0,134550	0,213928
0,134600	0,156250
0,134650	0,072327
0,134700	-0,024719
0,134750	-0,119934
0,134800	-0,195923
0,134850	-0,238647
0,134900	-0,246582
0,134950	-0,214233
0,135000	-0,147400
0,135050	-0,057678
0,135100	0,039673
0,135150	0,131836
0,135200	0,197754
0,135250	0,233154
0,135300	0,225830
0,135350	0,182495
0,135400	0,105896
0,135450	0,012817
0,135500	-0,086059
0,135550	-0,168457
0,135600	-0,227966
0,135650	-0,250244
0,135700	-0,231934
0,135750	-0,176697
0,135800	-0,094299
0,135850	0,002441
0,135900	0,097962
0,135950	0,174866
0,136000	0,222778
0,136050	0,234070
0,136100	0,203552
0,136150	0,139160
0,136200	0,050964
0,136250	-0,048218
0,136300	-0,138550
0,136350	-0,207519
0,136400	-0,245666
0,136450	-0,243225
0,136500	-0,201721
0,136550	-0,128784
0,136600	-0,035095
0,136650	0,061340
0,136700	0,148621
0,136750	0,209045
0,136800	0,233154
0,136850	0,218811
0,136900	0,167542
0,136950	0,086060
0,137000	-0,010681
0,137050	-0,106506
0,137100	-0,185852
0,137150	-0,235901
0,137200	-0,249329
0,137250	-0,221863
0,137300	-0,158996
0,137350	-0,073547
0,137400	0,025330
0,137450	0,117493
0,137500	0,189209
0,137550	0,228882
0,137600	0,229797
0,137650	0,191956
0,137700	0,120545
0,137750	0,027771
0,137800	-0,070190
0,137850	-0,158386
0,137900	-0,220642
0,137950	-0,248718
0,138000	-0,236206
0,138050	-0,186462
0,138100	-0,108948
0,138150	-0,012512
0,138200	0,084534
0,138250	0,166321
0,138300	0,218201
0,138350	0,234985
0,138400	0,209351
0,138450	0,151978
0,138500	0,066528
0,138550	-0,032043
0,138600	-0,125427
0,138650	-0,199890
0,138700	-0,242920
0,138750	-0,245972
0,138800	-0,209350
0,138850	-0,138550
0,138900	-0,050049
0,138950	0,048523
0,139000	0,137634
0,139050	0,202637
0,139100	0,233460
0,139150	0,223084
0,139200	0,178223
0,139250	0,101013
0,139300	0,005493
0,139350	-0,091247
0,139400	-0,175171
0,139450	-0,228577
0,139500	-0,248718
0,139550	-0,226746
0,139600	-0,170288
0,139650	-0,085754
0,139700	0,010986
0,139750	0,106201
0,139800	0,181885
0,139850	0,226746
0,139900	0,233154
0,139950	0,199280
0,140000	0,132752
0,140050	0,043030
0,140100	-0,054016
0,140150	-0,144653
0,140200	-0,213623
0,140250	-0,245972
0,140300	-0,241699
0,140350	-0,196533
0,140400	-0,120850
0,140450	-0,026855
0,140500	0,069580
0,140550	0,154724
0,140600	0,212097
0,140650	0,235291
0,140700	0,217896
0,140750	0,162354
0,140800	0,080566
0,140850	-0,017395
0,140900	-0,111694
0,140950	-0,189514
0,141000	-0,236206
0,141050	-0,246277
0,141100	-0,217285
0,141150	-0,153503
0,141200	-0,064697
0,141250	0,033569
0,141300	0,123901
0,141350	0,195007
0,141400	0,231323
0,141450	0,227966
0,141500	0,188599
0,141550	0,115051
0,141600	0,022278
0,141650	-0,075989
0,141700	-0,162353
0,141750	-0,223083
0,141800	-0,248108
0,141850	-0,232239
0,141900	-0,180664
0,141950	-0,101013
0,142000	-0,004272
0,142050	0,091248
0,142100	0,171814
0,142150	0,222473
0,142200	0,235291
0,142250	0,208435
0,142300	0,145874
0,142350	0,060120
0,142400	-0,039673
0,142450	-0,133057
0,142500	-0,204468
0,142550	-0,243835
0,142600	-0,245361
0,142650	-0,206604
0,142700	-0,134582
0,142750	-0,041809
0,142800	0,055847
0,142850	0,144043
0,142900	0,205078
0,142950	0,234985
0,143000	0,222473
0,143050	0,172424
0,143100	0,093689
0,143150	-0,000915
0,143200	-0,097961
0,143250	-0,179748
0,143300	-0,232849
0,143350	-0,248413
0,143400	-0,224914
0,143450	-0,166016
0,143500	-0,079956
0,143550	0,018005
0,143600	0,111694
0,143650	0,184937
0,143700	0,228882
0,143750	0,231629
0,143800	0,196228
0,143850	0,126648
0,143900	0,036011
0,143950	-0,060730
0,144000	-0,150452
0,144050	-0,216370
0,144100	-0,247497
0,144150	-0,238647
0,144200	-0,191650
0,144250	-0,114441
0,144300	-0,019226
0,144350	0,078125
0,144400	0,160523
0,144450	0,215759
0,144500	0,234985
0,144550	0,215149
0,144600	0,156860
0,144650	0,072022
0,144700	-0,023804
0,144750	-0,120850
0,144800	-0,194397
0,144850	-0,239258
0,144900	-0,247497
0,144950	-0,213318
0,145000	-0,147095
0,145050	-0,057068
0,145100	0,040283
0,145150	0,130615
0,145200	0,198670
0,145250	0,232239
0,145300	0,225525
0,145350	0,184021
0,145400	0,108032
0,145450	0,014038
0,145500	-0,082703
0,145550	-0,167236
0,145600	-0,226135
0,145650	-0,247803
0,145700	-0,229492
0,145750	-0,175171
0,145800	-0,092773
0,145850	0,003967
0,145900	0,099182
0,145950	0,176697
0,146000	0,223999
0,146050	0,233765
0,146100	0,203552
0,146150	0,140686
0,146200	0,052185
0,146250	-0,046081
0,146300	-0,138550
0,146350	-0,207519
0,146400	-0,244446
0,146450	-0,242615
0,146500	-0,200500
0,146550	-0,127869
0,146600	-0,034790
0,146650	0,062561
0,146700	0,149231
0,146750	0,210266
0,146800	0,234985
0,146850	0,220642
0,146900	0,169067
0,146950	0,087891
0,147000	-0,008850
0,147050	-0,104065
0,147100	-0,184326
0,147150	-0,234070
0,147200	-0,247803
0,147250	-0,220947
0,147300	-0,158386
0,147350	-0,071106
0,147400	0,026856
0,147450	0,120545
0,147500	0,190430
0,147550	0,231018
0,147600	0,231934
0,147650	0,193176
0,147700	0,121155
0,147750	0,030212
0,147800	-0,068664
0,147850	-0,157471
0,147900	-0,219116
0,147950	-0,247497
0,148000	-0,234985
0,148050	-0,186767
0,148100	-0,106506
0,148150	-0,012512
0,148200	0,084534
0,148250	0,166626
0,148300	0,219421
0,148350	0,234680
0,148400	0,211182
0,148450	0,151367
0,148500	0,065003
0,148550	-0,032654
0,148600	-0,125427
0,148650	-0,199585
0,148700	-0,241699
0,148750	-0,245361
0,148800	-0,210571
0,148850	-0,140686
0,148900	-0,050049
0,148950	0,047913
0,149000	0,136719
0,149050	0,200806
0,149100	0,232544
0,149150	0,223999
0,149200	0,177307
0,149250	0,099793
0,149300	0,005798
0,149350	-0,091247
0,149400	-0,175476
0,149450	-0,230713
0,149500	-0,249634
0,149550	-0,228577
0,149600	-0,170898
0,149650	-0,087280
0,149700	0,010681
0,149750	0,104675
0,149800	0,181275
0,149850	0,225830
0,149900	0,233765
0,149950	0,199585
