Zeitstempel: 18.9.2013 10:44:28
Signalquelle: Analysator
Abtastrate: 20000,00 Hz
Modus: TIME


Bemerkung: Frequenz 1.3kHz
Amplitude 50mV
Offset +-0mV
mit Einstrahlspule

Zeit in s	Analysatorsignal in V
0,000000	-0,000610
0,000050	-0,010376
0,000100	-0,019531
0,000150	-0,027466
0,000200	-0,032043
0,000250	-0,031738
0,000300	-0,027771
0,000350	-0,021362
0,000400	-0,011902
0,000450	-0,000915
0,000500	0,007629
0,000550	0,013428
0,000600	0,017090
0,000650	0,016174
0,000700	0,012207
0,000750	0,004273
0,000800	-0,004578
0,000850	-0,015259
0,000900	-0,022583
0,000950	-0,030212
0,001000	-0,030823
0,001050	-0,029297
0,001100	-0,023498
0,001150	-0,014648
0,001200	-0,005798
0,001250	0,003967
0,001300	0,011902
0,001350	0,017090
0,001400	0,017090
0,001450	0,014649
0,001500	0,007019
0,001550	-0,001831
0,001600	-0,011291
0,001650	-0,019836
0,001700	-0,027771
0,001750	-0,030823
0,001800	-0,030517
0,001850	-0,025024
0,001900	-0,018310
0,001950	-0,009155
0,002000	0,000000
0,002050	0,010376
0,002100	0,016480
0,002150	0,017700
0,002200	0,016174
0,002250	0,010986
0,002300	0,001831
0,002350	-0,008240
0,002400	-0,017395
0,002450	-0,025330
0,002500	-0,028686
0,002550	-0,030823
0,002600	-0,027466
0,002650	-0,022888
0,002700	-0,012512
0,002750	-0,002441
0,002800	0,006714
0,002850	0,013733
0,002900	0,016174
0,002950	0,016480
0,003000	0,013123
0,003050	0,005798
0,003100	-0,003967
0,003150	-0,013733
0,003200	-0,022583
0,003250	-0,030517
0,003300	-0,030212
0,003350	-0,030823
0,003400	-0,027466
0,003450	-0,018005
0,003500	-0,007934
0,003550	0,001526
0,003600	0,009766
0,003650	0,014954
0,003700	0,016480
0,003750	0,014038
0,003800	0,008240
0,003850	-0,001221
0,003900	-0,010681
0,003950	-0,019531
0,004000	-0,028076
0,004050	-0,031433
0,004100	-0,031128
0,004150	-0,028076
0,004200	-0,021667
0,004250	-0,011291
0,004300	-0,002136
0,004350	0,006104
0,004400	0,013428
0,004450	0,015869
0,004500	0,016480
0,004550	0,010376
0,004600	0,003052
0,004650	-0,007019
0,004700	-0,016174
0,004750	-0,024414
0,004800	-0,029602
0,004850	-0,030823
0,004900	-0,028686
0,004950	-0,023193
0,005000	-0,015869
0,005050	-0,005493
0,005100	0,004578
0,005150	0,011902
0,005200	0,017090
0,005250	0,015869
0,005300	0,012817
0,005350	0,006104
0,005400	-0,002746
0,005450	-0,012512
0,005500	-0,021973
0,005550	-0,029297
0,005600	-0,032349
0,005650	-0,032043
0,005700	-0,027466
0,005750	-0,018921
0,005800	-0,008850
0,005850	0,000305
0,005900	0,008240
0,005950	0,014038
0,006000	0,016480
0,006050	0,014343
0,006100	0,009461
0,006150	0,001526
0,006200	-0,008850
0,006250	-0,018310
0,006300	-0,025940
0,006350	-0,030212
0,006400	-0,030823
0,006450	-0,027771
0,006500	-0,020447
0,006550	-0,011597
0,006600	-0,002746
0,006650	0,007324
0,006700	0,013123
0,006750	0,016785
0,006800	0,018005
0,006850	0,012817
0,006900	0,005188
0,006950	-0,004272
0,007000	-0,014038
0,007050	-0,022888
0,007100	-0,028076
0,007150	-0,031128
0,007200	-0,029297
0,007250	-0,024414
0,007300	-0,015869
0,007350	-0,006103
0,007400	0,003052
0,007450	0,011597
0,007500	0,016785
0,007550	0,018311
0,007600	0,015259
0,007650	0,007629
0,007700	0,000305
0,007750	-0,010071
0,007800	-0,018921
0,007850	-0,026245
0,007900	-0,030517
0,007950	-0,030212
0,008000	-0,026550
0,008050	-0,019836
0,008100	-0,010071
0,008150	-0,000915
0,008200	0,008850
0,008250	0,014343
0,008300	0,017395
0,008350	0,015259
0,008400	0,011292
0,008450	0,003357
0,008500	-0,006714
0,008550	-0,017395
0,008600	-0,024719
0,008650	-0,029602
0,008700	-0,029907
0,008750	-0,027161
0,008800	-0,020752
0,008850	-0,013122
0,008900	-0,002441
0,008950	0,006409
0,009000	0,013123
0,009050	0,018005
0,009100	0,018311
0,009150	0,014038
0,009200	0,007019
0,009250	-0,003662
0,009300	-0,014954
0,009350	-0,021362
0,009400	-0,028076
0,009450	-0,031738
0,009500	-0,028992
0,009550	-0,024719
0,009600	-0,016479
0,009650	-0,007019
0,009700	0,002136
0,009750	0,011597
0,009800	0,016174
0,009850	0,017090
0,009900	0,014649
0,009950	0,009461
0,010000	0,001221
0,010050	-0,009155
0,010100	-0,018310
0,010150	-0,025940
0,010200	-0,030212
0,010250	-0,032349
0,010300	-0,026245
0,010350	-0,021057
0,010400	-0,012207
0,010450	-0,000915
0,010500	0,007019
0,010550	0,013428
0,010600	0,017395
0,010650	0,017090
0,010700	0,012207
0,010750	0,004578
0,010800	-0,004883
0,010850	-0,014038
0,010900	-0,023804
0,010950	-0,029602
0,011000	-0,032043
0,011050	-0,028686
0,011100	-0,023804
0,011150	-0,014954
0,011200	-0,006103
0,011250	0,003052
0,011300	0,011597
0,011350	0,016174
0,011400	0,016480
0,011450	0,013428
0,011500	0,008240
0,011550	-0,000610
0,011600	-0,012817
0,011650	-0,021057
0,011700	-0,027161
0,011750	-0,031128
0,011800	-0,030823
0,011850	-0,025940
0,011900	-0,018005
0,011950	-0,008545
0,012000	0,000916
0,012050	0,007935
0,012100	0,015564
0,012150	0,017700
0,012200	0,016174
0,012250	0,009155
0,012300	0,001221
0,012350	-0,008240
0,012400	-0,016785
0,012450	-0,025940
0,012500	-0,029297
0,012550	-0,031433
0,012600	-0,028992
0,012650	-0,021362
0,012700	-0,012817
0,012750	-0,003357
0,012800	0,006104
0,012850	0,012512
0,012900	0,017700
0,012950	0,016480
0,013000	0,012207
0,013050	0,005798
0,013100	-0,002441
0,013150	-0,013733
0,013200	-0,022278
0,013250	-0,029602
0,013300	-0,030823
0,013350	-0,028686
0,013400	-0,023804
0,013450	-0,015564
0,013500	-0,006409
0,013550	0,003357
0,013600	0,012207
0,013650	0,016480
0,013700	0,018921
0,013750	0,015869
0,013800	0,009155
0,013850	0,000916
0,013900	-0,008545
0,013950	-0,018310
0,014000	-0,026855
0,014050	-0,030212
0,014100	-0,030517
0,014150	-0,025940
0,014200	-0,019531
0,014250	-0,010986
0,014300	-0,000610
0,014350	0,007935
0,014400	0,014649
0,014450	0,017395
0,014500	0,017090
0,014550	0,011597
0,014600	0,003662
0,014650	-0,006103
0,014700	-0,015259
0,014750	-0,022583
0,014800	-0,028992
0,014850	-0,029907
0,014900	-0,028686
0,014950	-0,022583
0,015000	-0,013428
0,015050	-0,004272
0,015100	0,005493
0,015150	0,013123
0,015200	0,017395
0,015250	0,016785
0,015300	0,013733
0,015350	0,008240
0,015400	-0,000915
0,015450	-0,010986
0,015500	-0,018310
0,015550	-0,025330
0,015600	-0,029907
0,015650	-0,028686
0,015700	-0,023804
0,015750	-0,017395
0,015800	-0,007934
0,015850	0,001831
0,015900	0,010376
0,015950	0,017090
0,016000	0,017395
0,016050	0,015259
0,016100	0,010376
0,016150	0,002136
0,016200	-0,007629
0,016250	-0,017395
0,016300	-0,025330
0,016350	-0,030517
0,016400	-0,030823
0,016450	-0,026855
0,016500	-0,021973
0,016550	-0,012207
0,016600	-0,003052
0,016650	0,005493
0,016700	0,014038
0,016750	0,015564
0,016800	0,016785
0,016850	0,011597
0,016900	0,005493
0,016950	-0,005188
0,017000	-0,015259
0,017050	-0,022583
0,017100	-0,028992
0,017150	-0,032043
0,017200	-0,030517
0,017250	-0,023804
0,017300	-0,016785
0,017350	-0,007019
0,017400	0,002441
0,017450	0,010376
0,017500	0,015259
0,017550	0,016785
0,017600	0,014649
0,017650	0,007629
0,017700	-0,000305
0,017750	-0,010986
0,017800	-0,020142
0,017850	-0,027466
0,017900	-0,030823
0,017950	-0,030823
0,018000	-0,025940
0,018050	-0,018921
0,018100	-0,009155
0,018150	0,000305
0,018200	0,009155
0,018250	0,014649
0,018300	0,017395
0,018350	0,016480
0,018400	0,010986
0,018450	0,002136
0,018500	-0,007324
0,018550	-0,017395
0,018600	-0,023804
0,018650	-0,029602
0,018700	-0,031128
0,018750	-0,027771
0,018800	-0,022888
0,018850	-0,014648
0,018900	-0,005188
0,018950	0,003662
0,019000	0,010986
0,019050	0,016785
0,019100	0,016174
0,019150	0,013733
0,019200	0,006714
0,019250	-0,003357
0,019300	-0,012512
0,019350	-0,022278
0,019400	-0,029297
0,019450	-0,031738
0,019500	-0,030823
0,019550	-0,026245
0,019600	-0,018616
0,019650	-0,008240
0,019700	0,002441
0,019750	0,009461
0,019800	0,015564
0,019850	0,017090
0,019900	0,014343
0,019950	0,009155
0,020000	-0,001526
0,020050	-0,009460
0,020100	-0,018616
0,020150	-0,026550
0,020200	-0,030823
0,020250	-0,031433
0,020300	-0,028076
0,020350	-0,020142
0,020400	-0,012207
0,020450	-0,002441
0,020500	0,007935
0,020550	0,014038
0,020600	0,017395
0,020650	0,016480
0,020700	0,011597
0,020750	0,004883
0,020800	-0,005493
0,020850	-0,014648
0,020900	-0,023804
0,020950	-0,029297
0,021000	-0,030823
0,021050	-0,028992
0,021100	-0,023804
0,021150	-0,014954
0,021200	-0,004578
0,021250	0,003662
0,021300	0,013428
0,021350	0,016480
0,021400	0,017395
0,021450	0,014038
0,021500	0,007324
0,021550	-0,001831
0,021600	-0,010986
0,021650	-0,020752
0,021700	-0,028076
0,021750	-0,031128
0,021800	-0,030517
0,021850	-0,026855
0,021900	-0,019531
0,021950	-0,009460
0,022000	0,000305
0,022050	0,008240
0,022100	0,015869
0,022150	0,017700
0,022200	0,015564
0,022250	0,010376
0,022300	0,001831
0,022350	-0,006409
0,022400	-0,017090
0,022450	-0,025635
0,022500	-0,030212
0,022550	-0,031738
0,022600	-0,027466
0,022650	-0,021973
0,022700	-0,014038
0,022750	-0,003357
0,022800	0,005798
0,022850	0,013123
0,022900	0,018311
0,022950	0,015869
0,023000	0,013428
0,023050	0,005493
0,023100	-0,003662
0,023150	-0,012817
0,023200	-0,022278
0,023250	-0,029907
0,023300	-0,031128
0,023350	-0,030517
0,023400	-0,025330
0,023450	-0,017395
0,023500	-0,007934
0,023550	0,002441
0,023600	0,009766
0,023650	0,014954
0,023700	0,016480
0,023750	0,015259
0,023800	0,009155
0,023850	0,000000
0,023900	-0,010071
0,023950	-0,019531
0,024000	-0,027771
0,024050	-0,031128
0,024100	-0,031433
0,024150	-0,028076
0,024200	-0,019836
0,024250	-0,012207
0,024300	-0,002441
0,024350	0,007019
0,024400	0,014038
0,024450	0,016480
0,024500	0,014954
0,024550	0,011292
0,024600	0,003357
0,024650	-0,007019
0,024700	-0,016174
0,024750	-0,025330
0,024800	-0,029602
0,024850	-0,031433
0,024900	-0,028992
0,024950	-0,023498
0,025000	-0,014954
0,025050	-0,004883
0,025100	0,003357
0,025150	0,012207
0,025200	0,015564
0,025250	0,016785
0,025300	0,013123
0,025350	0,006409
0,025400	-0,003357
0,025450	-0,012817
0,025500	-0,022278
0,025550	-0,029907
0,025600	-0,031433
0,025650	-0,030823
0,025700	-0,026550
0,025750	-0,019226
0,025800	-0,010376
0,025850	0,000305
0,025900	0,009155
0,025950	0,015259
0,026000	0,016785
0,026050	0,014343
0,026100	0,009461
0,026150	0,001221
0,026200	-0,008850
0,026250	-0,018310
0,026300	-0,025940
0,026350	-0,030517
0,026400	-0,031433
0,026450	-0,028381
0,026500	-0,020752
0,026550	-0,012512
0,026600	-0,003357
0,026650	0,006104
0,026700	0,013123
0,026750	0,017395
0,026800	0,015259
0,026850	0,013123
0,026900	0,005188
0,026950	-0,003662
0,027000	-0,013733
0,027050	-0,022278
0,027100	-0,027771
0,027150	-0,030823
0,027200	-0,029297
0,027250	-0,023193
0,027300	-0,015564
0,027350	-0,005798
0,027400	0,003967
0,027450	0,011902
0,027500	0,017700
0,027550	0,017700
0,027600	0,014649
0,027650	0,007935
0,027700	0,000000
0,027750	-0,008850
0,027800	-0,019836
0,027850	-0,026245
0,027900	-0,032043
0,027950	-0,030517
0,028000	-0,026245
0,028050	-0,020447
0,028100	-0,010071
0,028150	0,000000
0,028200	0,008240
0,028250	0,013733
0,028300	0,015564
0,028350	0,016480
0,028400	0,010986
0,028450	0,003052
0,028500	-0,006714
0,028550	-0,016479
0,028600	-0,024109
0,028650	-0,028992
0,028700	-0,031738
0,028750	-0,027161
0,028800	-0,020752
0,028850	-0,014038
0,028900	-0,003662
0,028950	0,005798
0,029000	0,013733
0,029050	0,016785
0,029100	0,018005
0,029150	0,014038
0,029200	0,006409
0,029250	-0,002136
0,029300	-0,011902
0,029350	-0,021057
0,029400	-0,027466
0,029450	-0,031128
0,029500	-0,029907
0,029550	-0,025024
0,029600	-0,017090
0,029650	-0,007019
0,029700	0,002441
0,029750	0,010681
0,029800	0,016174
0,029850	0,018005
0,029900	0,017700
0,029950	0,010071
0,030000	0,001526
0,030050	-0,008240
0,030100	-0,019226
0,030150	-0,025024
0,030200	-0,029907
0,030250	-0,030212
0,030300	-0,028381
0,030350	-0,020752
0,030400	-0,011291
0,030450	-0,001831
0,030500	0,007629
0,030550	0,014038
0,030600	0,016785
0,030650	0,016480
0,030700	0,011292
0,030750	0,004273
0,030800	-0,005493
0,030850	-0,014648
0,030900	-0,023804
0,030950	-0,028686
0,031000	-0,032349
0,031050	-0,029602
0,031100	-0,023193
0,031150	-0,015869
0,031200	-0,005493
0,031250	0,003662
0,031300	0,010986
0,031350	0,016174
0,031400	0,016174
0,031450	0,014038
0,031500	0,008240
0,031550	-0,001831
0,031600	-0,010681
0,031650	-0,020142
0,031700	-0,027161
0,031750	-0,030212
0,031800	-0,029297
0,031850	-0,026550
0,031900	-0,018005
0,031950	-0,009155
0,032000	0,000610
0,032050	0,009155
0,032100	0,015259
0,032150	0,017700
0,032200	0,015869
0,032250	0,009766
0,032300	0,002136
0,032350	-0,006103
0,032400	-0,016479
0,032450	-0,024414
0,032500	-0,029602
0,032550	-0,030823
0,032600	-0,028381
0,032650	-0,021973
0,032700	-0,013122
0,032750	-0,003357
0,032800	0,006104
0,032850	0,013428
0,032900	0,016480
0,032950	0,016480
0,033000	0,013123
0,033050	0,005188
0,033100	-0,004578
0,033150	-0,013122
0,033200	-0,021973
0,033250	-0,028686
0,033300	-0,030823
0,033350	-0,028992
0,033400	-0,023498
0,033450	-0,016174
0,033500	-0,006103
0,033550	0,003967
0,033600	0,012207
0,033650	0,017090
0,033700	0,019226
0,033750	0,014954
0,033800	0,010376
0,033850	-0,000610
0,033900	-0,009460
0,033950	-0,018921
0,034000	-0,025024
0,034050	-0,028381
0,034100	-0,029602
0,034150	-0,025330
0,034200	-0,019531
0,034250	-0,010986
0,034300	0,000000
0,034350	0,009155
0,034400	0,014954
0,034450	0,018616
0,034500	0,017700
0,034550	0,010681
0,034600	0,003967
0,034650	-0,005798
0,034700	-0,016174
0,034750	-0,023193
0,034800	-0,028381
0,034850	-0,031128
0,034900	-0,028381
0,034950	-0,022583
0,035000	-0,014954
0,035050	-0,004272
0,035100	0,003967
0,035150	0,012207
0,035200	0,016785
0,035250	0,018005
0,035300	0,014954
0,035350	0,007324
0,035400	-0,001221
0,035450	-0,010681
0,035500	-0,021057
0,035550	-0,027466
0,035600	-0,029907
0,035650	-0,029907
0,035700	-0,024109
0,035750	-0,016785
0,035800	-0,007934
0,035850	0,001221
0,035900	0,010071
0,035950	0,015869
0,036000	0,018005
0,036050	0,016480
0,036100	0,010376
0,036150	0,002747
0,036200	-0,007934
0,036250	-0,017700
0,036300	-0,024719
0,036350	-0,029297
0,036400	-0,031738
0,036450	-0,027466
0,036500	-0,021057
0,036550	-0,012512
0,036600	-0,001831
0,036650	0,006104
0,036700	0,013123
0,036750	0,017700
0,036800	0,016480
0,036850	0,011292
0,036900	0,005493
0,036950	-0,004272
0,037000	-0,014343
0,037050	-0,023193
0,037100	-0,029602
0,037150	-0,031128
0,037200	-0,030517
0,037250	-0,025024
0,037300	-0,017700
0,037350	-0,007629
0,037400	0,002441
0,037450	0,011292
0,037500	0,015564
0,037550	0,016785
0,037600	0,013733
0,037650	0,007935
0,037700	-0,001221
0,037750	-0,010681
0,037800	-0,020142
0,037850	-0,026855
0,037900	-0,032043
0,037950	-0,030823
0,038000	-0,026245
0,038050	-0,019531
0,038100	-0,010986
0,038150	-0,001221
0,038200	0,008545
0,038250	0,014343
0,038300	0,017090
0,038350	0,015869
0,038400	0,011292
0,038450	0,003052
0,038500	-0,006714
0,038550	-0,016785
0,038600	-0,024719
0,038650	-0,029907
0,038700	-0,031128
0,038750	-0,029602
0,038800	-0,023498
0,038850	-0,014343
0,038900	-0,004578
0,038950	0,004273
0,039000	0,011902
0,039050	0,017090
0,039100	0,016785
0,039150	0,011597
0,039200	0,005798
0,039250	-0,003967
0,039300	-0,014343
0,039350	-0,021973
0,039400	-0,029297
0,039450	-0,032043
0,039500	-0,030517
0,039550	-0,025330
0,039600	-0,018310
0,039650	-0,007324
0,039700	0,000916
0,039750	0,009461
0,039800	0,014954
0,039850	0,016785
0,039900	0,014038
0,039950	0,008240
0,040000	0,001526
0,040050	-0,009766
0,040100	-0,019531
0,040150	-0,027161
0,040200	-0,030823
0,040250	-0,030517
0,040300	-0,028076
0,040350	-0,021362
0,040400	-0,012207
0,040450	-0,002136
0,040500	0,006104
0,040550	0,012512
0,040600	0,017090
0,040650	0,015564
0,040700	0,012207
0,040750	0,004273
0,040800	-0,004272
0,040850	-0,014648
0,040900	-0,023193
0,040950	-0,029907
0,041000	-0,030517
0,041050	-0,029602
0,041100	-0,024414
0,041150	-0,015564
0,041200	-0,005188
0,041250	0,004578
0,041300	0,011597
0,041350	0,017700
0,041400	0,017090
0,041450	0,013428
0,041500	0,007019
0,041550	-0,001526
0,041600	-0,011291
0,041650	-0,020752
0,041700	-0,027161
0,041750	-0,031128
0,041800	-0,029907
0,041850	-0,026245
0,041900	-0,018005
0,041950	-0,009460
0,042000	0,000916
0,042050	0,009155
0,042100	0,015259
0,042150	0,016480
0,042200	0,015869
0,042250	0,009766
0,042300	0,002747
0,042350	-0,007629
0,042400	-0,015869
0,042450	-0,025024
0,042500	-0,029602
0,042550	-0,031128
0,042600	-0,028381
0,042650	-0,021362
0,042700	-0,012817
0,042750	-0,003967
0,042800	0,007019
0,042850	0,013733
0,042900	0,016480
0,042950	0,016480
0,043000	0,012817
0,043050	0,005798
0,043100	-0,003357
0,043150	-0,014343
0,043200	-0,021973
0,043250	-0,028686
0,043300	-0,031738
0,043350	-0,030517
0,043400	-0,025330
0,043450	-0,018005
0,043500	-0,009460
0,043550	0,001831
0,043600	0,010376
0,043650	0,015564
0,043700	0,016480
0,043750	0,014038
0,043800	0,007324
0,043850	-0,002441
0,043900	-0,011291
0,043950	-0,019836
0,044000	-0,027771
0,044050	-0,031433
0,044100	-0,031128
0,044150	-0,028686
0,044200	-0,020142
0,044250	-0,010986
0,044300	-0,002441
0,044350	0,007324
0,044400	0,013428
0,044450	0,017090
0,044500	0,015259
0,044550	0,009766
0,044600	0,003357
0,044650	-0,006714
0,044700	-0,016785
0,044750	-0,024414
0,044800	-0,029297
0,044850	-0,032043
0,044900	-0,029602
0,044950	-0,024109
0,045000	-0,014954
0,045050	-0,005188
0,045100	0,004273
0,045150	0,011292
0,045200	0,015259
0,045250	0,017090
0,045300	0,013428
0,045350	0,005188
0,045400	-0,003052
0,045450	-0,013122
0,045500	-0,020752
0,045550	-0,028686
0,045600	-0,032959
0,045650	-0,031738
0,045700	-0,026245
0,045750	-0,018616
0,045800	-0,008850
0,045850	0,000610
0,045900	0,009461
0,045950	0,015259
0,046000	0,016174
0,046050	0,016174
0,046100	0,009461
0,046150	0,001831
0,046200	-0,008850
0,046250	-0,018005
0,046300	-0,025635
0,046350	-0,030212
0,046400	-0,032043
0,046450	-0,027771
0,046500	-0,021973
0,046550	-0,011902
0,046600	-0,002136
0,046650	0,007324
0,046700	0,014038
0,046750	0,017700
0,046800	0,017395
0,046850	0,013733
0,046900	0,005798
0,046950	-0,004272
0,047000	-0,013122
0,047050	-0,021973
0,047100	-0,028076
0,047150	-0,030823
0,047200	-0,029907
0,047250	-0,023498
0,047300	-0,014954
0,047350	-0,006409
0,047400	0,004273
0,047450	0,011292
0,047500	0,016480
0,047550	0,018005
0,047600	0,014343
0,047650	0,008850
0,047700	0,000000
0,047750	-0,010986
0,047800	-0,019531
0,047850	-0,026245
0,047900	-0,030517
0,047950	-0,029602
0,048000	-0,024719
0,048050	-0,019226
0,048100	-0,010681
0,048150	-0,000610
0,048200	0,008240
0,048250	0,014038
0,048300	0,016174
0,048350	0,015564
0,048400	0,010071
0,048450	0,004273
0,048500	-0,005798
0,048550	-0,015259
0,048600	-0,024719
0,048650	-0,029297
0,048700	-0,030517
0,048750	-0,027771
0,048800	-0,022278
0,048850	-0,012817
0,048900	-0,002441
0,048950	0,006104
0,049000	0,013123
0,049050	0,017700
0,049100	0,017395
0,049150	0,014038
0,049200	0,005798
0,049250	-0,003052
0,049300	-0,012207
0,049350	-0,021362
0,049400	-0,028686
0,049450	-0,031128
0,049500	-0,030212
0,049550	-0,025024
0,049600	-0,017395
0,049650	-0,007019
0,049700	0,002747
0,049750	0,010071
0,049800	0,014954
0,049850	0,018616
0,049900	0,015869
0,049950	0,009766
0,050000	0,000916
0,050050	-0,009155
0,050100	-0,018921
0,050150	-0,025940
0,050200	-0,030517
0,050250	-0,030517
0,050300	-0,028381
0,050350	-0,021362
0,050400	-0,011902
0,050450	-0,001221
0,050500	0,007324
0,050550	0,013428
0,050600	0,016480
0,050650	0,017090
0,050700	0,011597
0,050750	0,004273
0,050800	-0,004272
0,050850	-0,014648
0,050900	-0,022583
0,050950	-0,029297
0,051000	-0,031433
0,051050	-0,028686
0,051100	-0,023804
0,051150	-0,015869
0,051200	-0,005188
0,051250	0,002747
0,051300	0,011292
0,051350	0,016174
0,051400	0,015869
0,051450	0,012512
0,051500	0,008850
0,051550	-0,001221
0,051600	-0,013428
0,051650	-0,021667
0,051700	-0,028992
0,051750	-0,031738
0,051800	-0,032349
0,051850	-0,027771
0,051900	-0,019226
0,051950	-0,010376
0,052000	-0,001526
0,052050	0,006714
0,052100	0,013733
0,052150	0,015869
0,052200	0,013733
0,052250	0,010071
0,052300	0,001526
0,052350	-0,008240
0,052400	-0,018616
0,052450	-0,027771
0,052500	-0,030212
0,052550	-0,031738
0,052600	-0,030212
0,052650	-0,022583
0,052700	-0,015564
0,052750	-0,003662
0,052800	0,005798
0,052850	0,012512
0,052900	0,014649
0,052950	0,015564
0,053000	0,011902
0,053050	0,003357
0,053100	-0,005188
0,053150	-0,012817
0,053200	-0,023498
0,053250	-0,028076
0,053300	-0,030212
0,053350	-0,030212
0,053400	-0,025635
0,053450	-0,017090
0,053500	-0,007629
0,053550	0,001526
0,053600	0,010681
0,053650	0,015564
0,053700	0,017395
0,053750	0,015564
0,053800	0,008240
0,053850	-0,000915
0,053900	-0,010071
0,053950	-0,018921
0,054000	-0,027161
0,054050	-0,030212
0,054100	-0,030517
0,054150	-0,027771
0,054200	-0,021667
0,054250	-0,010681
0,054300	-0,001221
0,054350	0,008545
0,054400	0,014038
0,054450	0,015564
0,054500	0,014649
0,054550	0,011597
0,054600	0,003052
0,054650	-0,005798
0,054700	-0,015259
0,054750	-0,023804
0,054800	-0,030212
0,054850	-0,032043
0,054900	-0,030823
0,054950	-0,023804
0,055000	-0,015869
0,055050	-0,006409
0,055100	0,003967
0,055150	0,011292
0,055200	0,016174
0,055250	0,017395
0,055300	0,013428
0,055350	0,006714
0,055400	-0,002746
0,055450	-0,012512
0,055500	-0,020752
0,055550	-0,027771
0,055600	-0,029907
0,055650	-0,030212
0,055700	-0,025330
0,055750	-0,017700
0,055800	-0,011291
0,055850	0,002136
0,055900	0,008850
0,055950	0,013123
0,056000	0,017090
0,056050	0,014954
0,056100	0,011292
0,056150	0,000305
0,056200	-0,007934
0,056250	-0,019531
0,056300	-0,026855
0,056350	-0,031128
0,056400	-0,032043
0,056450	-0,028686
0,056500	-0,021362
0,056550	-0,014343
0,056600	-0,004578
0,056650	0,005493
0,056700	0,013123
0,056750	0,015869
0,056800	0,015564
0,056850	0,009766
0,056900	0,004273
0,056950	-0,006103
0,057000	-0,015564
0,057050	-0,023498
0,057100	-0,027771
0,057150	-0,032654
0,057200	-0,030823
0,057250	-0,025330
0,057300	-0,018921
0,057350	-0,007629
0,057400	0,001221
0,057450	0,009766
0,057500	0,014343
0,057550	0,015869
0,057600	0,013123
0,057650	0,006409
0,057700	-0,000610
0,057750	-0,011597
0,057800	-0,021362
0,057850	-0,027771
0,057900	-0,031128
0,057950	-0,030823
0,058000	-0,026550
0,058050	-0,021667
0,058100	-0,009766
0,058150	-0,000915
0,058200	0,007324
0,058250	0,012817
0,058300	0,018005
0,058350	0,014038
0,058400	0,010681
0,058450	0,002441
0,058500	-0,007629
0,058550	-0,016479
0,058600	-0,024719
0,058650	-0,030517
0,058700	-0,032349
0,058750	-0,030823
0,058800	-0,024414
0,058850	-0,015869
0,058900	-0,006103
0,058950	0,003662
0,059000	0,011902
0,059050	0,015869
0,059100	0,016480
0,059150	0,010986
0,059200	0,004883
0,059250	-0,004578
0,059300	-0,014038
0,059350	-0,023498
0,059400	-0,029602
0,059450	-0,032349
0,059500	-0,031128
0,059550	-0,026855
0,059600	-0,018921
0,059650	-0,008545
0,059700	0,000000
0,059750	0,008850
0,059800	0,015259
0,059850	0,014954
0,059900	0,013123
0,059950	0,008850
0,060000	-0,001526
0,060050	-0,010681
0,060100	-0,021057
0,060150	-0,027466
0,060200	-0,032959
0,060250	-0,032349
0,060300	-0,029602
0,060350	-0,021973
0,060400	-0,012817
0,060450	-0,002441
0,060500	0,006409
0,060550	0,012207
0,060600	0,014649
0,060650	0,014038
0,060700	0,012207
0,060750	0,005188
0,060800	-0,006714
0,060850	-0,015564
0,060900	-0,024414
0,060950	-0,029297
0,061000	-0,031128
0,061050	-0,029297
0,061100	-0,022583
0,061150	-0,016785
0,061200	-0,005798
0,061250	0,003662
0,061300	0,011292
0,061350	0,017395
0,061400	0,016480
0,061450	0,014038
0,061500	0,004578
0,061550	-0,000610
0,061600	-0,011902
0,061650	-0,020752
0,061700	-0,027466
0,061750	-0,031738
0,061800	-0,033874
0,061850	-0,026550
0,061900	-0,018616
0,061950	-0,008545
0,062000	-0,001221
0,062050	0,008545
0,062100	0,014649
0,062150	0,015869
0,062200	0,013428
0,062250	0,010071
0,062300	0,001221
0,062350	-0,009766
0,062400	-0,018310
0,062450	-0,024719
0,062500	-0,029602
0,062550	-0,031433
0,062600	-0,029907
0,062650	-0,023193
0,062700	-0,014343
0,062750	-0,003967
0,062800	0,006104
0,062850	0,011597
0,062900	0,016785
0,062950	0,015259
0,063000	0,011597
0,063050	0,005188
0,063100	-0,005798
0,063150	-0,014648
0,063200	-0,023804
0,063250	-0,031128
0,063300	-0,031128
0,063350	-0,031738
0,063400	-0,025940
0,063450	-0,018921
0,063500	-0,010376
0,063550	-0,000915
0,063600	0,009461
0,063650	0,013733
0,063700	0,016480
0,063750	0,014038
0,063800	0,007629
0,063850	0,000000
0,063900	-0,010376
0,063950	-0,019531
0,064000	-0,027466
0,064050	-0,030823
0,064100	-0,031433
0,064150	-0,027771
0,064200	-0,020447
0,064250	-0,011291
0,064300	-0,001526
0,064350	0,007935
0,064400	0,013428
0,064450	0,015869
0,064500	0,015564
0,064550	0,011292
0,064600	0,003052
0,064650	-0,007324
0,064700	-0,014954
0,064750	-0,025024
0,064800	-0,030517
0,064850	-0,032654
0,064900	-0,029907
0,064950	-0,024109
0,065000	-0,014343
0,065050	-0,005798
0,065100	0,004578
0,065150	0,010681
0,065200	0,016174
0,065250	0,015869
0,065300	0,013123
0,065350	0,006714
0,065400	-0,002746
0,065450	-0,013428
0,065500	-0,021667
0,065550	-0,028076
0,065600	-0,032349
0,065650	-0,030823
0,065700	-0,026550
0,065750	-0,018616
0,065800	-0,010376
0,065850	0,000305
0,065900	0,009155
0,065950	0,014343
0,066000	0,017090
0,066050	0,014649
0,066100	0,010376
0,066150	0,001831
0,066200	-0,009460
0,066250	-0,018921
0,066300	-0,025024
0,066350	-0,030823
0,066400	-0,030823
0,066450	-0,028686
0,066500	-0,021362
0,066550	-0,011902
0,066600	-0,003052
0,066650	0,007629
0,066700	0,014038
0,066750	0,017700
0,066800	0,017090
0,066850	0,012817
0,066900	0,003967
0,066950	-0,004883
0,067000	-0,014954
0,067050	-0,022583
0,067100	-0,028992
0,067150	-0,031738
0,067200	-0,028686
0,067250	-0,023804
0,067300	-0,015259
0,067350	-0,006409
0,067400	0,003662
0,067450	0,011292
0,067500	0,016174
0,067550	0,017700
0,067600	0,015564
0,067650	0,008545
0,067700	0,000305
0,067750	-0,010376
0,067800	-0,020752
0,067850	-0,025635
0,067900	-0,030517
0,067950	-0,032349
0,068000	-0,027161
0,068050	-0,018921
0,068100	-0,010071
0,068150	-0,000610
0,068200	0,008850
0,068250	0,014954
0,068300	0,016785
0,068350	0,015564
0,068400	0,010681
0,068450	0,003052
0,068500	-0,006714
0,068550	-0,017090
0,068600	-0,024719
0,068650	-0,029297
0,068700	-0,030517
0,068750	-0,027161
0,068800	-0,022278
0,068850	-0,013733
0,068900	-0,004272
0,068950	0,006104
0,069000	0,013428
0,069050	0,016785
0,069100	0,018616
0,069150	0,014649
0,069200	0,007019
0,069250	-0,002441
0,069300	-0,012207
0,069350	-0,020752
0,069400	-0,027771
0,069450	-0,031128
0,069500	-0,029602
0,069550	-0,024414
0,069600	-0,015564
0,069650	-0,008545
0,069700	0,002441
0,069750	0,011292
0,069800	0,015869
0,069850	0,018005
0,069900	0,016174
0,069950	0,010071
0,070000	0,000916
0,070050	-0,008850
0,070100	-0,018921
0,070150	-0,024719
0,070200	-0,030517
0,070250	-0,032043
0,070300	-0,026855
0,070350	-0,020752
0,070400	-0,012512
0,070450	-0,002441
0,070500	0,008240
0,070550	0,014649
0,070600	0,016785
0,070650	0,015564
0,070700	0,011597
0,070750	0,004578
0,070800	-0,005798
0,070850	-0,015259
0,070900	-0,023193
0,070950	-0,029602
0,071000	-0,031433
0,071050	-0,029907
0,071100	-0,024414
0,071150	-0,015869
0,071200	-0,006409
0,071250	0,004273
0,071300	0,011292
0,071350	0,015259
0,071400	0,018005
0,071450	0,014038
0,071500	0,007629
0,071550	-0,000915
0,071600	-0,010681
0,071650	-0,020752
0,071700	-0,026550
0,071750	-0,031128
0,071800	-0,031128
0,071850	-0,026855
0,071900	-0,018921
0,071950	-0,008545
0,072000	0,000610
0,072050	0,009155
0,072100	0,014954
0,072150	0,017395
0,072200	0,014954
0,072250	0,008545
0,072300	0,003357
0,072350	-0,007019
0,072400	-0,017395
0,072450	-0,024414
0,072500	-0,030212
0,072550	-0,031128
0,072600	-0,027771
0,072650	-0,021667
0,072700	-0,013733
0,072750	-0,003052
0,072800	0,006714
0,072850	0,012817
0,072900	0,017090
0,072950	0,017700
0,073000	0,013733
0,073050	0,005493
0,073100	-0,005188
0,073150	-0,012817
0,073200	-0,021362
0,073250	-0,027771
0,073300	-0,029907
0,073350	-0,029602
0,073400	-0,023804
0,073450	-0,016174
0,073500	-0,005493
0,073550	0,003662
0,073600	0,010376
0,073650	0,014343
0,073700	0,018005
0,073750	0,015564
0,073800	0,010071
0,073850	-0,000305
0,073900	-0,009460
0,073950	-0,018310
0,074000	-0,026550
0,074050	-0,031128
0,074100	-0,029602
0,074150	-0,026550
0,074200	-0,018921
0,074250	-0,010071
0,074300	0,000000
0,074350	0,009155
0,074400	0,015869
0,074450	0,017700
0,074500	0,016480
0,074550	0,011902
0,074600	0,003967
0,074650	-0,004578
0,074700	-0,015564
0,074750	-0,022583
0,074800	-0,029602
0,074850	-0,029602
0,074900	-0,028076
0,074950	-0,022278
0,075000	-0,012817
0,075050	-0,004578
0,075100	0,004273
0,075150	0,013123
0,075200	0,017700
0,075250	0,017090
0,075300	0,013733
0,075350	0,007324
0,075400	-0,001831
0,075450	-0,010681
0,075500	-0,019836
0,075550	-0,027161
0,075600	-0,029297
0,075650	-0,028686
0,075700	-0,023804
0,075750	-0,016479
0,075800	-0,006714
0,075850	0,002441
0,075900	0,009461
0,075950	0,016480
0,076000	0,017395
0,076050	0,015564
0,076100	0,010681
0,076150	0,001831
0,076200	-0,008850
0,076250	-0,018005
0,076300	-0,025330
0,076350	-0,029907
0,076400	-0,031128
0,076450	-0,028076
0,076500	-0,020752
0,076550	-0,012207
0,076600	-0,002441
0,076650	0,005798
0,076700	0,013428
0,076750	0,016785
0,076800	0,016785
0,076850	0,011292
0,076900	0,004578
0,076950	-0,006103
0,077000	-0,014343
0,077050	-0,021973
0,077100	-0,028686
0,077150	-0,031128
0,077200	-0,030517
0,077250	-0,025024
0,077300	-0,016479
0,077350	-0,007324
0,077400	0,003662
0,077450	0,010376
0,077500	0,015564
0,077550	0,017700
0,077600	0,012512
0,077650	0,007019
0,077700	-0,001221
0,077750	-0,011597
0,077800	-0,020447
0,077850	-0,027466
0,077900	-0,032043
0,077950	-0,031738
0,078000	-0,026855
0,078050	-0,018921
0,078100	-0,009155
0,078150	0,000305
0,078200	0,008545
0,078250	0,014954
0,078300	0,017090
0,078350	0,014649
0,078400	0,010986
0,078450	0,003967
0,078500	-0,007019
0,078550	-0,017090
0,078600	-0,024109
0,078650	-0,028686
0,078700	-0,030517
0,078750	-0,029907
0,078800	-0,023193
0,078850	-0,013733
0,078900	-0,005493
0,078950	0,004883
0,079000	0,012207
0,079050	0,015564
0,079100	0,016174
0,079150	0,013733
0,079200	0,005798
0,079250	-0,005188
0,079300	-0,014038
0,079350	-0,021973
0,079400	-0,028381
0,079450	-0,030517
0,079500	-0,030823
0,079550	-0,026550
0,079600	-0,018616
0,079650	-0,009155
0,079700	0,001831
0,079750	0,009766
0,079800	0,015564
0,079850	0,017090
0,079900	0,014649
0,079950	0,009155
0,080000	0,000305
0,080050	-0,010681
0,080100	-0,018005
0,080150	-0,026245
0,080200	-0,031433
0,080250	-0,031433
0,080300	-0,030212
0,080350	-0,020752
0,080400	-0,011597
0,080450	-0,002441
0,080500	0,004273
0,080550	0,013123
0,080600	0,018005
0,080650	0,015259
0,080700	0,011902
0,080750	0,004883
0,080800	-0,004883
0,080850	-0,014648
0,080900	-0,023498
0,080950	-0,028076
0,081000	-0,029602
0,081050	-0,029602
0,081100	-0,023804
0,081150	-0,015564
0,081200	-0,006103
0,081250	0,003357
0,081300	0,011597
0,081350	0,016785
0,081400	0,018311
0,081450	0,014954
0,081500	0,007324
0,081550	-0,000915
0,081600	-0,009766
0,081650	-0,020447
0,081700	-0,027161
0,081750	-0,030517
0,081800	-0,029602
0,081850	-0,026550
0,081900	-0,021057
0,081950	-0,009460
0,082000	0,000610
0,082050	0,008850
0,082100	0,014038
0,082150	0,018005
0,082200	0,015564
0,082250	0,010376
0,082300	0,002136
0,082350	-0,007324
0,082400	-0,016174
0,082450	-0,025940
0,082500	-0,029602
0,082550	-0,030823
0,082600	-0,029297
0,082650	-0,022583
0,082700	-0,014038
0,082750	-0,003967
0,082800	0,006409
0,082850	0,013428
0,082900	0,016174
0,082950	0,016785
0,083000	0,013123
0,083050	0,006104
0,083100	-0,003357
0,083150	-0,013122
0,083200	-0,021973
0,083250	-0,028992
0,083300	-0,031128
0,083350	-0,030517
0,083400	-0,025330
0,083450	-0,018310
0,083500	-0,007934
0,083550	0,001526
0,083600	0,008240
0,083650	0,014649
0,083700	0,015869
0,083750	0,014343
0,083800	0,008545
0,083850	0,000000
0,083900	-0,010681
0,083950	-0,019226
0,084000	-0,027466
0,084050	-0,031433
0,084100	-0,032043
0,084150	-0,027771
0,084200	-0,021057
0,084250	-0,010681
0,084300	-0,002136
0,084350	0,006409
0,084400	0,012512
0,084450	0,016480
0,084500	0,015259
0,084550	0,010376
0,084600	0,002747
0,084650	-0,007324
0,084700	-0,016785
0,084750	-0,024414
0,084800	-0,028686
0,084850	-0,031738
0,084900	-0,029907
0,084950	-0,023498
0,085000	-0,014954
0,085050	-0,005188
0,085100	0,003662
0,085150	0,010681
0,085200	0,017090
0,085250	0,015869
0,085300	0,014038
0,085350	0,005798
0,085400	-0,003357
0,085450	-0,012817
0,085500	-0,021973
0,085550	-0,028076
0,085600	-0,032349
0,085650	-0,031738
0,085700	-0,026550
0,085750	-0,018616
0,085800	-0,008850
0,085850	0,001221
0,085900	0,008545
0,085950	0,014343
0,086000	0,016480
0,086050	0,014954
0,086100	0,008850
0,086150	0,001221
0,086200	-0,008240
0,086250	-0,018310
0,086300	-0,025940
0,086350	-0,031128
0,086400	-0,031738
0,086450	-0,027771
0,086500	-0,021057
0,086550	-0,012512
0,086600	-0,002746
0,086650	0,005798
0,086700	0,013428
0,086750	0,017395
0,086800	0,016174
0,086850	0,012207
0,086900	0,004883
0,086950	-0,004883
0,087000	-0,013428
0,087050	-0,021973
0,087100	-0,028381
0,087150	-0,031128
0,087200	-0,029907
0,087250	-0,023193
0,087300	-0,015869
0,087350	-0,006409
0,087400	0,003662
0,087450	0,011902
0,087500	0,016785
0,087550	0,017090
0,087600	0,014954
0,087650	0,008240
0,087700	-0,000915
0,087750	-0,010986
0,087800	-0,019531
0,087850	-0,026245
0,087900	-0,031128
0,087950	-0,030823
0,088000	-0,026550
0,088050	-0,018616
0,088100	-0,010986
0,088150	0,000305
0,088200	0,007629
0,088250	0,013428
0,088300	0,016480
0,088350	0,014954
0,088400	0,010681
0,088450	0,003052
0,088500	-0,007324
0,088550	-0,017090
0,088600	-0,023498
0,088650	-0,030212
0,088700	-0,030517
0,088750	-0,028381
0,088800	-0,021362
0,088850	-0,012817
0,088900	-0,004272
0,088950	0,005493
0,089000	0,014038
0,089050	0,017700
0,089100	0,017700
0,089150	0,014343
0,089200	0,006409
0,089250	-0,002136
0,089300	-0,012207
0,089350	-0,020447
0,089400	-0,027771
0,089450	-0,029907
0,089500	-0,030212
0,089550	-0,025024
0,089600	-0,016479
0,089650	-0,007629
0,089700	0,002747
0,089750	0,009461
0,089800	0,016480
0,089850	0,018005
0,089900	0,015259
0,089950	0,008850
0,090000	0,000916
0,090050	-0,008850
0,090100	-0,018616
0,090150	-0,025330
0,090200	-0,029297
0,090250	-0,030212
0,090300	-0,027466
0,090350	-0,020447
0,090400	-0,011597
0,090450	-0,000915
0,090500	0,007019
0,090550	0,013733
0,090600	0,018616
0,090650	0,015564
0,090700	0,013123
0,090750	0,003967
0,090800	-0,005188
0,090850	-0,014343
0,090900	-0,023193
0,090950	-0,028992
0,091000	-0,029907
0,091050	-0,028686
0,091100	-0,023193
0,091150	-0,016174
0,091200	-0,006409
0,091250	0,004273
0,091300	0,012207
0,091350	0,015869
0,091400	0,017700
0,091450	0,014038
0,091500	0,007935
0,091550	-0,001526
0,091600	-0,011291
0,091650	-0,020142
0,091700	-0,028381
0,091750	-0,031128
0,091800	-0,030212
0,091850	-0,025940
0,091900	-0,019836
0,091950	-0,010071
0,092000	0,000610
0,092050	0,010376
0,092100	0,014343
0,092150	0,016785
0,092200	0,015869
0,092250	0,010681
0,092300	0,001831
0,092350	-0,007019
0,092400	-0,016479
0,092450	-0,025635
0,092500	-0,029297
0,092550	-0,031738
0,092600	-0,027771
0,092650	-0,022583
0,092700	-0,013733
0,092750	-0,002746
0,092800	0,005493
0,092850	0,012207
0,092900	0,015869
0,092950	0,016785
0,093000	0,013428
0,093050	0,006714
0,093100	-0,003357
0,093150	-0,013733
0,093200	-0,022583
0,093250	-0,027771
0,093300	-0,030517
0,093350	-0,029297
0,093400	-0,024109
0,093450	-0,016479
0,093500	-0,006103
0,093550	0,003357
0,093600	0,012207
0,093650	0,016480
0,093700	0,019226
0,093750	0,016174
0,093800	0,009766
0,093850	0,001221
0,093900	-0,008545
0,093950	-0,018005
0,094000	-0,025024
0,094050	-0,028992
0,094100	-0,029907
0,094150	-0,025940
0,094200	-0,020142
0,094250	-0,010071
0,094300	0,000000
0,094350	0,008545
0,094400	0,014954
0,094450	0,017700
0,094500	0,017395
0,094550	0,013123
0,094600	0,004273
0,094650	-0,005188
0,094700	-0,014648
0,094750	-0,022583
0,094800	-0,028381
0,094850	-0,031128
0,094900	-0,028076
0,094950	-0,023498
0,095000	-0,014343
0,095050	-0,004578
0,095100	0,004883
0,095150	0,012817
0,095200	0,016785
0,095250	0,018311
0,095300	0,014954
0,095350	0,006714
0,095400	-0,000610
0,095450	-0,010986
0,095500	-0,019226
0,095550	-0,026855
0,095600	-0,029602
0,095650	-0,029602
0,095700	-0,023498
0,095750	-0,016479
0,095800	-0,008545
0,095850	0,001831
0,095900	0,009766
0,095950	0,015869
0,096000	0,017700
0,096050	0,015869
0,096100	0,011292
0,096150	0,001831
0,096200	-0,009460
0,096250	-0,017090
0,096300	-0,026245
0,096350	-0,029602
0,096400	-0,030517
0,096450	-0,028076
0,096500	-0,021667
0,096550	-0,011902
0,096600	-0,002746
0,096650	0,006409
0,096700	0,012512
0,096750	0,016785
0,096800	0,015869
0,096850	0,012207
0,096900	0,004578
0,096950	-0,004272
0,097000	-0,015259
0,097050	-0,022583
0,097100	-0,029602
0,097150	-0,030823
0,097200	-0,029907
0,097250	-0,024719
0,097300	-0,017090
0,097350	-0,007324
0,097400	0,003052
0,097450	0,011902
0,097500	0,015564
0,097550	0,017700
0,097600	0,014038
0,097650	0,007935
0,097700	-0,001831
0,097750	-0,010986
0,097800	-0,020752
0,097850	-0,026855
0,097900	-0,030212
0,097950	-0,029907
0,098000	-0,027161
0,098050	-0,020447
0,098100	-0,010071
0,098150	-0,001526
0,098200	0,006714
0,098250	0,014038
0,098300	0,017700
0,098350	0,017090
0,098400	0,010681
0,098450	0,003052
0,098500	-0,006409
0,098550	-0,016479
0,098600	-0,025330
0,098650	-0,029602
0,098700	-0,031433
0,098750	-0,028381
0,098800	-0,024414
0,098850	-0,015869
0,098900	-0,005493
0,098950	0,004273
0,099000	0,010986
0,099050	0,015869
0,099100	0,015869
0,099150	0,013123
0,099200	0,004578
0,099250	-0,004272
0,099300	-0,014648
0,099350	-0,021362
0,099400	-0,027161
0,099450	-0,030823
0,099500	-0,029297
0,099550	-0,025635
0,099600	-0,017395
0,099650	-0,008850
0,099700	0,000916
0,099750	0,009155
0,099800	0,014954
0,099850	0,016785
0,099900	0,014649
0,099950	0,008240
0,100000	0,001526
0,100050	-0,008850
0,100100	-0,017700
0,100150	-0,025940
0,100200	-0,030823
0,100250	-0,031128
0,100300	-0,028992
0,100350	-0,021667
0,100400	-0,010986
0,100450	-0,001526
0,100500	0,006714
0,100550	0,013733
0,100600	0,016480
0,100650	0,016174
0,100700	0,012512
0,100750	0,004273
0,100800	-0,004578
0,100850	-0,013428
0,100900	-0,024109
0,100950	-0,028686
0,101000	-0,032043
0,101050	-0,029297
0,101100	-0,023804
0,101150	-0,015259
0,101200	-0,005188
0,101250	0,004273
0,101300	0,012207
0,101350	0,016480
0,101400	0,017700
0,101450	0,014649
0,101500	0,007629
0,101550	-0,002136
0,101600	-0,011597
0,101650	-0,019531
0,101700	-0,026855
0,101750	-0,030517
0,101800	-0,030212
0,101850	-0,025330
0,101900	-0,018310
0,101950	-0,010376
0,102000	0,000000
0,102050	0,009461
0,102100	0,013733
0,102150	0,017395
0,102200	0,015259
0,102250	0,010376
0,102300	0,001831
0,102350	-0,007629
0,102400	-0,017090
0,102450	-0,025635
0,102500	-0,030517
0,102550	-0,031738
0,102600	-0,031433
0,102650	-0,023193
0,102700	-0,014343
0,102750	-0,003357
0,102800	0,003967
0,102850	0,011292
0,102900	0,014954
0,102950	0,015259
0,103000	0,011292
0,103050	0,004273
0,103100	-0,004272
0,103150	-0,014954
0,103200	-0,022583
0,103250	-0,030823
0,103300	-0,032959
0,103350	-0,031738
0,103400	-0,026245
0,103450	-0,019226
0,103500	-0,008850
0,103550	-0,001221
0,103600	0,008240
0,103650	0,014649
0,103700	0,016174
0,103750	0,013123
0,103800	0,007324
0,103850	-0,000610
0,103900	-0,010376
0,103950	-0,020447
0,104000	-0,027771
0,104050	-0,032654
0,104100	-0,033264
0,104150	-0,028381
0,104200	-0,020752
0,104250	-0,013428
0,104300	-0,003052
0,104350	0,006104
0,104400	0,012512
0,104450	0,015564
0,104500	0,014038
0,104550	0,010071
0,104600	0,002136
0,104650	-0,007934
0,104700	-0,016785
0,104750	-0,023804
0,104800	-0,031433
0,104850	-0,032043
0,104900	-0,029907
0,104950	-0,024414
0,105000	-0,016174
0,105050	-0,006409
0,105100	0,002136
0,105150	0,010376
0,105200	0,013733
0,105250	0,015259
0,105300	0,011902
0,105350	0,005493
0,105400	-0,003967
0,105450	-0,011291
0,105500	-0,021667
0,105550	-0,028686
0,105600	-0,032043
0,105650	-0,031433
0,105700	-0,027161
0,105750	-0,020447
0,105800	-0,009766
0,105850	0,000610
0,105900	0,008240
0,105950	0,012817
0,106000	0,017090
0,106050	0,016480
0,106100	0,009461
0,106150	0,000916
0,106200	-0,008240
0,106250	-0,017395
0,106300	-0,025330
0,106350	-0,029907
0,106400	-0,031433
0,106450	-0,028076
0,106500	-0,021362
0,106550	-0,012207
0,106600	-0,002441
0,106650	0,008240
0,106700	0,014038
0,106750	0,017700
0,106800	0,018616
0,106850	0,012512
0,106900	0,005188
0,106950	-0,003967
0,107000	-0,014343
0,107050	-0,021667
0,107100	-0,027466
0,107150	-0,029907
0,107200	-0,029297
0,107250	-0,023193
0,107300	-0,015564
0,107350	-0,006409
0,107400	0,003662
0,107450	0,011902
0,107500	0,016480
0,107550	0,016785
0,107600	0,014649
0,107650	0,008545
0,107700	0,000916
0,107750	-0,010071
0,107800	-0,019531
0,107850	-0,025635
0,107900	-0,029907
0,107950	-0,030517
0,108000	-0,027466
0,108050	-0,018921
0,108100	-0,010071
0,108150	-0,000915
0,108200	0,008545
0,108250	0,014343
0,108300	0,017395
0,108350	0,016174
0,108400	0,010681
0,108450	0,002747
0,108500	-0,006103
0,108550	-0,016174
0,108600	-0,024109
0,108650	-0,029907
0,108700	-0,031433
0,108750	-0,027771
0,108800	-0,021973
0,108850	-0,013428
0,108900	-0,004883
0,108950	0,006104
0,109000	0,011902
0,109050	0,016174
0,109100	0,016785
0,109150	0,012817
0,109200	0,006104
0,109250	-0,003052
0,109300	-0,012512
0,109350	-0,020142
0,109400	-0,026855
0,109450	-0,031738
0,109500	-0,028992
0,109550	-0,024414
0,109600	-0,017700
0,109650	-0,007934
0,109700	0,001526
0,109750	0,010986
0,109800	0,015259
0,109850	0,017090
0,109900	0,015259
0,109950	0,009461
0,110000	0,000610
0,110050	-0,009155
0,110100	-0,017395
0,110150	-0,025635
0,110200	-0,029907
0,110250	-0,031738
0,110300	-0,026245
0,110350	-0,020447
0,110400	-0,012207
0,110450	-0,001526
0,110500	0,007629
0,110550	0,013733
0,110600	0,017395
0,110650	0,016174
0,110700	0,011292
0,110750	0,004578
0,110800	-0,006103
0,110850	-0,015259
0,110900	-0,023804
0,110950	-0,028686
0,111000	-0,031433
0,111050	-0,029297
0,111100	-0,023193
0,111150	-0,016174
0,111200	-0,005798
0,111250	0,003357
0,111300	0,010986
0,111350	0,018311
0,111400	0,017395
0,111450	0,014343
0,111500	0,007324
0,111550	-0,001526
0,111600	-0,012512
0,111650	-0,019531
0,111700	-0,026245
0,111750	-0,030823
0,111800	-0,031128
0,111850	-0,026245
0,111900	-0,018310
0,111950	-0,009766
0,112000	-0,000915
0,112050	0,009155
0,112100	0,014954
0,112150	0,016785
0,112200	0,015564
0,112250	0,010986
0,112300	0,002747
0,112350	-0,007324
0,112400	-0,017090
0,112450	-0,024414
0,112500	-0,029907
0,112550	-0,031738
0,112600	-0,028686
0,112650	-0,021362
0,112700	-0,013122
0,112750	-0,002746
0,112800	0,005493
0,112850	0,012207
0,112900	0,016480
0,112950	0,016480
0,113000	0,013123
0,113050	0,005798
0,113100	-0,003662
0,113150	-0,012512
0,113200	-0,022888
0,113250	-0,025940
0,113300	-0,030212
0,113350	-0,028992
0,113400	-0,023804
0,113450	-0,017090
0,113500	-0,005493
0,113550	0,003357
0,113600	0,011597
0,113650	0,017700
0,113700	0,018005
0,113750	0,015564
0,113800	0,010071
0,113850	0,000305
0,113900	-0,009155
0,113950	-0,018005
0,114000	-0,026550
0,114050	-0,030517
0,114100	-0,031128
0,114150	-0,026550
0,114200	-0,018616
0,114250	-0,011291
0,114300	-0,001221
0,114350	0,008240
0,114400	0,014649
0,114450	0,017090
0,114500	0,017700
0,114550	0,012512
0,114600	0,004578
0,114650	-0,005188
0,114700	-0,015869
0,114750	-0,023804
0,114800	-0,028381
0,114850	-0,030517
0,114900	-0,028686
0,114950	-0,024109
0,115000	-0,014038
0,115050	-0,005188
0,115100	0,005798
0,115150	0,012817
0,115200	0,017090
0,115250	0,018311
0,115300	0,014343
0,115350	0,008240
0,115400	-0,001526
0,115450	-0,010986
0,115500	-0,020142
0,115550	-0,027161
0,115600	-0,029907
0,115650	-0,027771
0,115700	-0,025330
0,115750	-0,017395
0,115800	-0,007019
0,115850	0,001831
0,115900	0,009766
0,115950	0,014954
0,116000	0,017395
0,116050	0,014343
0,116100	0,011597
0,116150	0,002747
0,116200	-0,007934
0,116250	-0,017700
0,116300	-0,025940
0,116350	-0,029602
0,116400	-0,030517
0,116450	-0,028076
0,116500	-0,021362
0,116550	-0,013122
0,116600	-0,002746
0,116650	0,006104
0,116700	0,012817
0,116750	0,017090
0,116800	0,016785
0,116850	0,012512
0,116900	0,004578
0,116950	-0,005188
0,117000	-0,015259
0,117050	-0,023193
0,117100	-0,028992
0,117150	-0,030517
0,117200	-0,029602
0,117250	-0,024414
0,117300	-0,016479
0,117350	-0,007934
0,117400	0,003662
0,117450	0,010681
0,117500	0,015564
0,117550	0,017090
0,117600	0,014649
0,117650	0,007935
0,117700	-0,000915
0,117750	-0,010986
0,117800	-0,018921
0,117850	-0,027161
0,117900	-0,032043
0,117950	-0,030823
0,118000	-0,027161
0,118050	-0,019836
0,118100	-0,010071
0,118150	0,000000
0,118200	0,008545
0,118250	0,014649
0,118300	0,016785
0,118350	0,016480
0,118400	0,010681
0,118450	0,002441
0,118500	-0,005493
0,118550	-0,016174
0,118600	-0,024719
0,118650	-0,029297
0,118700	-0,031738
0,118750	-0,029602
0,118800	-0,024109
0,118850	-0,014648
0,118900	-0,005493
0,118950	0,005188
0,119000	0,011902
0,119050	0,016480
0,119100	0,016785
0,119150	0,013123
0,119200	0,004883
0,119250	-0,003662
0,119300	-0,012207
0,119350	-0,022888
0,119400	-0,028992
0,119450	-0,031738
0,119500	-0,031128
0,119550	-0,023193
0,119600	-0,018005
0,119650	-0,008545
0,119700	0,001221
0,119750	0,009155
0,119800	0,014649
0,119850	0,017090
0,119900	0,015259
0,119950	0,008850
0,120000	0,001526
0,120050	-0,008240
0,120100	-0,018921
0,120150	-0,026245
0,120200	-0,030823
0,120250	-0,031738
0,120300	-0,028381
0,120350	-0,020752
0,120400	-0,011597
0,120450	-0,001221
0,120500	0,008850
0,120550	0,013123
0,120600	0,018005
0,120650	0,016785
0,120700	0,012512
0,120750	0,004273
0,120800	-0,005493
0,120850	-0,015564
0,120900	-0,022583
0,120950	-0,028992
0,121000	-0,029297
0,121050	-0,029297
0,121100	-0,022888
0,121150	-0,014954
0,121200	-0,006409
0,121250	0,004273
0,121300	0,012207
0,121350	0,016480
0,121400	0,018005
0,121450	0,014649
0,121500	0,007629
0,121550	-0,001831
0,121600	-0,011291
0,121650	-0,021667
0,121700	-0,027466
0,121750	-0,030212
0,121800	-0,029602
0,121850	-0,026855
0,121900	-0,018921
0,121950	-0,010986
0,122000	0,000305
0,122050	0,008850
0,122100	0,015564
0,122150	0,017700
0,122200	0,015259
0,122250	0,009766
0,122300	0,002747
0,122350	-0,007934
0,122400	-0,017700
0,122450	-0,025330
0,122500	-0,029907
0,122550	-0,031433
0,122600	-0,028076
0,122650	-0,022888
0,122700	-0,013428
0,122750	-0,003662
0,122800	0,005188
0,122850	0,013123
0,122900	0,017090
0,122950	0,015869
0,123000	0,012817
0,123050	0,005798
0,123100	-0,003357
0,123150	-0,012817
0,123200	-0,022888
0,123250	-0,028686
0,123300	-0,031128
0,123350	-0,030517
0,123400	-0,025635
0,123450	-0,018005
0,123500	-0,007934
0,123550	0,000610
0,123600	0,010681
0,123650	0,014343
0,123700	0,015869
0,123750	0,014038
0,123800	0,008240
0,123850	0,000000
0,123900	-0,009766
0,123950	-0,018921
0,124000	-0,026855
0,124050	-0,031128
0,124100	-0,032043
0,124150	-0,028381
0,124200	-0,021667
0,124250	-0,011902
0,124300	-0,001526
0,124350	0,008545
0,124400	0,013428
0,124450	0,016174
0,124500	0,014649
0,124550	0,011292
0,124600	0,003662
0,124650	-0,005798
0,124700	-0,015869
0,124750	-0,023498
0,124800	-0,029907
0,124850	-0,032043
0,124900	-0,028381
0,124950	-0,023804
0,125000	-0,015564
0,125050	-0,005188
0,125100	0,003357
0,125150	0,011597
0,125200	0,015564
0,125250	0,016480
0,125300	0,012207
0,125350	0,006714
0,125400	-0,003052
0,125450	-0,013122
0,125500	-0,021667
0,125550	-0,029297
0,125600	-0,031433
0,125650	-0,031128
0,125700	-0,027466
0,125750	-0,018616
0,125800	-0,009460
0,125850	0,000000
0,125900	0,009155
0,125950	0,014343
0,126000	0,016174
0,126050	0,015259
0,126100	0,009766
0,126150	0,003052
0,126200	-0,008240
0,126250	-0,017700
0,126300	-0,025024
0,126350	-0,030823
0,126400	-0,030823
0,126450	-0,028076
0,126500	-0,021667
0,126550	-0,012817
0,126600	-0,002746
0,126650	0,007324
0,126700	0,013733
0,126750	0,016480
0,126800	0,017395
0,126850	0,012817
0,126900	0,006104
0,126950	-0,003967
0,127000	-0,013733
0,127050	-0,023193
0,127100	-0,027771
0,127150	-0,030517
0,127200	-0,027771
0,127250	-0,023804
0,127300	-0,014954
0,127350	-0,006409
0,127400	0,002747
0,127450	0,010986
0,127500	0,015259
0,127550	0,017090
0,127600	0,015259
0,127650	0,009766
0,127700	-0,001221
0,127750	-0,009766
0,127800	-0,018310
0,127850	-0,026550
0,127900	-0,030823
0,127950	-0,030823
0,128000	-0,025635
0,128050	-0,018921
0,128100	-0,010681
0,128150	0,000000
0,128200	0,007629
0,128250	0,014649
0,128300	0,016785
0,128350	0,014649
0,128400	0,009766
0,128450	0,003357
0,128500	-0,006409
0,128550	-0,016174
0,128600	-0,024109
0,128650	-0,028992
0,128700	-0,029907
0,128750	-0,027771
0,128800	-0,021973
0,128850	-0,014038
0,128900	-0,003662
0,128950	0,004883
0,129000	0,013123
0,129050	0,017395
0,129100	0,017700
0,129150	0,014343
0,129200	0,007019
0,129250	-0,001831
0,129300	-0,011902
0,129350	-0,021057
0,129400	-0,027771
0,129450	-0,030212
0,129500	-0,028686
0,129550	-0,024719
0,129600	-0,016479
0,129650	-0,007934
0,129700	0,001526
0,129750	0,010986
0,129800	0,015869
0,129850	0,018616
0,129900	0,015564
0,129950	0,009766
0,130000	0,002441
0,130050	-0,008545
0,130100	-0,017395
0,130150	-0,025024
0,130200	-0,030517
0,130250	-0,031433
0,130300	-0,026855
0,130350	-0,019531
0,130400	-0,012207
0,130450	-0,002136
0,130500	0,007019
0,130550	0,015259
0,130600	0,018005
0,130650	0,016174
0,130700	0,011597
0,130750	0,004578
0,130800	-0,004883
0,130850	-0,014648
0,130900	-0,023193
0,130950	-0,028381
0,131000	-0,031128
0,131050	-0,029907
0,131100	-0,023498
0,131150	-0,014648
0,131200	-0,006714
0,131250	0,003662
0,131300	0,011292
0,131350	0,015869
0,131400	0,016174
0,131450	0,013428
0,131500	0,007324
0,131550	-0,000915
0,131600	-0,010986
0,131650	-0,021057
0,131700	-0,028076
0,131750	-0,030517
0,131800	-0,029907
0,131850	-0,025940
0,131900	-0,018616
0,131950	-0,009766
0,132000	0,000000
0,132050	0,009155
0,132100	0,015259
0,132150	0,017090
0,132200	0,016480
0,132250	0,009766
0,132300	0,003357
0,132350	-0,006714
0,132400	-0,016785
0,132450	-0,024719
0,132500	-0,030517
0,132550	-0,029907
0,132600	-0,028076
0,132650	-0,022583
0,132700	-0,014343
0,132750	-0,003662
0,132800	0,006409
0,132850	0,013733
0,132900	0,017395
0,132950	0,017395
0,133000	0,011902
0,133050	0,006714
0,133100	-0,003052
0,133150	-0,012512
0,133200	-0,021973
0,133250	-0,028686
0,133300	-0,030823
0,133350	-0,028992
0,133400	-0,022888
0,133450	-0,016479
0,133500	-0,006409
0,133550	0,003662
0,133600	0,010986
0,133650	0,017090
0,133700	0,017700
0,133750	0,015564
0,133800	0,009155
0,133850	0,001221
0,133900	-0,007934
0,133950	-0,017700
0,134000	-0,025330
0,134050	-0,029297
0,134100	-0,030517
0,134150	-0,026245
0,134200	-0,020447
0,134250	-0,010681
0,134300	0,000305
0,134350	0,008545
0,134400	0,014954
0,134450	0,018616
0,134500	0,016480
0,134550	0,012512
0,134600	0,004578
0,134650	-0,005188
0,134700	-0,014343
0,134750	-0,024414
0,134800	-0,028686
0,134850	-0,029907
0,134900	-0,027771
0,134950	-0,023193
0,135000	-0,014038
0,135050	-0,005798
0,135100	0,004578
0,135150	0,013123
0,135200	0,017090
0,135250	0,018005
0,135300	0,014343
0,135350	0,007935
0,135400	-0,001831
0,135450	-0,011291
0,135500	-0,019531
0,135550	-0,025330
0,135600	-0,029907
0,135650	-0,030212
0,135700	-0,025024
0,135750	-0,017395
0,135800	-0,008850
0,135850	0,001831
0,135900	0,010071
0,135950	0,015564
0,136000	0,017700
0,136050	0,017395
0,136100	0,009766
0,136150	0,002747
0,136200	-0,007324
0,136250	-0,016785
0,136300	-0,024414
0,136350	-0,029907
0,136400	-0,031433
0,136450	-0,029602
0,136500	-0,020752
0,136550	-0,013122
0,136600	-0,002136
0,136650	0,006714
0,136700	0,013123
0,136750	0,016174
0,136800	0,015259
0,136850	0,012512
0,136900	0,005493
0,136950	-0,005493
0,137000	-0,014038
0,137050	-0,022583
0,137100	-0,029602
0,137150	-0,032959
0,137200	-0,030517
0,137250	-0,024109
0,137300	-0,016174
0,137350	-0,006409
0,137400	0,002747
0,137450	0,010986
0,137500	0,015564
0,137550	0,017090
0,137600	0,013733
0,137650	0,007324
0,137700	-0,001221
0,137750	-0,010681
0,137800	-0,021057
0,137850	-0,026855
0,137900	-0,030517
0,137950	-0,030517
0,138000	-0,026550
0,138050	-0,020447
0,138100	-0,009155
0,138150	0,000000
0,138200	0,009461
0,138250	0,014954
0,138300	0,018311
0,138350	0,015259
0,138400	0,011292
0,138450	0,002441
0,138500	-0,007324
0,138550	-0,016174
0,138600	-0,024109
0,138650	-0,029297
0,138700	-0,031738
0,138750	-0,030823
0,138800	-0,023498
0,138850	-0,014343
0,138900	-0,004883
0,138950	0,004578
0,139000	0,011292
0,139050	0,016480
0,139100	0,015259
0,139150	0,013733
0,139200	0,006104
0,139250	-0,003357
0,139300	-0,013428
0,139350	-0,022278
0,139400	-0,028381
0,139450	-0,031433
0,139500	-0,030517
0,139550	-0,025330
0,139600	-0,018616
0,139650	-0,007934
0,139700	0,000000
0,139750	0,009766
0,139800	0,014649
0,139850	0,015869
0,139900	0,014038
0,139950	0,008545
0,140000	0,000610
0,140050	-0,008850
0,140100	-0,018616
0,140150	-0,026855
0,140200	-0,030823
0,140250	-0,030823
0,140300	-0,028381
0,140350	-0,021057
0,140400	-0,010681
0,140450	-0,002746
0,140500	0,006714
0,140550	0,014343
0,140600	0,018616
0,140650	0,017395
0,140700	0,012512
0,140750	0,004578
0,140800	-0,005798
0,140850	-0,014648
0,140900	-0,021973
0,140950	-0,028686
0,141000	-0,030517
0,141050	-0,028381
0,141100	-0,023498
0,141150	-0,015869
0,141200	-0,005188
0,141250	0,003357
0,141300	0,012207
0,141350	0,016480
0,141400	0,017090
0,141450	0,014038
0,141500	0,007019
0,141550	-0,001221
0,141600	-0,009460
0,141650	-0,019836
0,141700	-0,027466
0,141750	-0,031738
0,141800	-0,030823
0,141850	-0,025940
0,141900	-0,019226
0,141950	-0,008545
0,142000	0,001526
0,142050	0,008240
0,142100	0,015259
0,142150	0,018311
0,142200	0,016174
0,142250	0,010681
0,142300	0,002441
0,142350	-0,007019
0,142400	-0,016479
0,142450	-0,025635
0,142500	-0,031128
0,142550	-0,031433
0,142600	-0,028686
0,142650	-0,022888
0,142700	-0,013733
0,142750	-0,003662
0,142800	0,005188
0,142850	0,013428
0,142900	0,018311
0,142950	0,017395
0,143000	0,012817
0,143050	0,005798
0,143100	-0,004272
0,143150	-0,013122
0,143200	-0,021973
0,143250	-0,027771
0,143300	-0,031433
0,143350	-0,031128
0,143400	-0,025940
0,143450	-0,018310
0,143500	-0,008545
0,143550	0,001221
0,143600	0,010071
0,143650	0,014649
0,143700	0,015564
0,143750	0,013428
0,143800	0,008240
0,143850	0,000610
0,143900	-0,010071
0,143950	-0,019836
0,144000	-0,026550
0,144050	-0,031738
0,144100	-0,031128
0,144150	-0,028076
0,144200	-0,021362
0,144250	-0,012512
0,144300	-0,001831
0,144350	0,006714
0,144400	0,013428
0,144450	0,016480
0,144500	0,015564
0,144550	0,010681
0,144600	0,003662
0,144650	-0,005188
0,144700	-0,016174
0,144750	-0,024414
0,144800	-0,030823
0,144850	-0,030823
0,144900	-0,029297
0,144950	-0,022888
0,145000	-0,015869
0,145050	-0,004578
0,145100	0,001831
0,145150	0,011597
0,145200	0,016785
0,145250	0,016480
0,145300	0,013428
0,145350	0,006104
0,145400	-0,003052
0,145450	-0,012512
0,145500	-0,022278
0,145550	-0,029297
0,145600	-0,032349
0,145650	-0,031128
0,145700	-0,027466
0,145750	-0,019226
0,145800	-0,010681
0,145850	0,000610
0,145900	0,008240
0,145950	0,014038
0,146000	0,017395
0,146050	0,016174
0,146100	0,009155
0,146150	0,000610
0,146200	-0,008240
0,146250	-0,017090
0,146300	-0,026245
0,146350	-0,029907
0,146400	-0,029907
0,146450	-0,028686
0,146500	-0,021362
0,146550	-0,011597
0,146600	-0,003052
0,146650	0,006409
0,146700	0,013733
0,146750	0,018311
0,146800	0,015564
0,146850	0,013123
0,146900	0,004578
0,146950	-0,003967
0,147000	-0,014343
0,147050	-0,022583
0,147100	-0,028076
0,147150	-0,029907
0,147200	-0,029297
0,147250	-0,024109
0,147300	-0,014343
0,147350	-0,006103
0,147400	0,003967
0,147450	0,012207
0,147500	0,016174
0,147550	0,018616
0,147600	0,014038
0,147650	0,008545
0,147700	-0,001221
0,147750	-0,010071
0,147800	-0,019226
0,147850	-0,026550
0,147900	-0,030212
0,147950	-0,030823
0,148000	-0,026550
0,148050	-0,019226
0,148100	-0,010376
0,148150	0,000000
0,148200	0,008545
0,148250	0,014649
0,148300	0,018005
0,148350	0,016480
0,148400	0,011292
0,148450	0,002747
0,148500	-0,006714
0,148550	-0,015259
0,148600	-0,022583
0,148650	-0,029602
0,148700	-0,030823
0,148750	-0,027771
0,148800	-0,021362
0,148850	-0,013122
0,148900	-0,003357
0,148950	0,004883
0,149000	0,012512
0,149050	0,017700
0,149100	0,017395
0,149150	0,012512
0,149200	0,007324
0,149250	-0,002441
0,149300	-0,012207
0,149350	-0,021057
0,149400	-0,027161
0,149450	-0,030517
0,149500	-0,029907
0,149550	-0,025940
0,149600	-0,016479
0,149650	-0,008545
0,149700	0,002747
0,149750	0,010071
0,149800	0,014954
0,149850	0,017700
0,149900	0,016785
0,149950	0,009461
