Zeitstempel: 18.9.2013 15:16:49
Signalquelle: Sample/Hold Verstärker
Modus: FM


Bemerkung: Durchlaufzeit 50s
FM
Strom Helmholtz -65mA
Amplitude 45mV
Richtung min->max
min Frequenz 8000Hz
max Frequenz 8400Hz

Frequenz in Hz	S/H-Signal in V
8000,125000	-0,626831
8000,250000	-0,682983
8000,375000	-0,681457
8000,500000	-0,687561
8000,625000	-0,683594
8000,750000	-0,700989
8000,875000	-0,697937
8001,000000	-0,628357
8001,125000	-0,659485
8001,250000	-0,643616
8001,375000	-0,696106
8001,500000	-0,694275
8001,625000	-0,684814
8001,750000	-0,699463
8001,875000	-0,618591
8002,000000	-0,682983
8002,125000	-0,686035
8002,250000	-0,679016
8002,375000	-0,610962
8002,500000	-0,640869
8002,625000	-0,641479
8002,750000	-0,667725
8002,875000	-0,610046
8003,000000	-0,657349
8003,125000	-0,581360
8003,250000	-0,579529
8003,375000	-0,667419
8003,500000	-0,652161
8003,625000	-0,655517
8003,750000	-0,655212
8003,875000	-0,656738
8004,000000	-0,601807
8004,125000	-0,668030
8004,250000	-0,672607
8004,375000	-0,673523
8004,500000	-0,695496
8004,625000	-0,668030
8004,750000	-0,646057
8004,875000	-0,644531
8005,000000	-0,659790
8005,125000	-0,684814
8005,250000	-0,675354
8005,375000	-0,625915
8005,500000	-0,624084
8005,625000	-0,678406
8005,750000	-0,701904
8005,875000	-0,704346
8006,000000	-0,667725
8006,125000	-0,674133
8006,250000	-0,697327
8006,375000	-0,637512
8006,500000	-0,672913
8006,625000	-0,671387
8006,750000	-0,671387
8006,875000	-0,659180
8007,000000	-0,674133
8007,125000	-0,647278
8007,250000	-0,647888
8007,375000	-0,606995
8007,500000	-0,654297
8007,625000	-0,678711
8007,750000	-0,677185
8007,875000	-0,663757
8008,000000	-0,591736
8008,125000	-0,657959
8008,250000	-0,657043
8008,375000	-0,656128
8008,500000	-0,664368
8008,625000	-0,639343
8008,750000	-0,678101
8008,875000	-0,670471
8009,000000	-0,672913
8009,125000	-0,675354
8009,250000	-0,630798
8009,375000	-0,720520
8009,500000	-0,719910
8009,625000	-0,635986
8009,750000	-0,644531
8009,875000	-0,711365
8010,000000	-0,679932
8010,125000	-0,679016
8010,250000	-0,618896
8010,375000	-0,657043
8010,500000	-0,692139
8010,625000	-0,690613
8010,750000	-0,740356
8010,875000	-0,692444
8011,000000	-0,671387
8011,125000	-0,666504
8011,250000	-0,666199
8011,375000	-0,688782
8011,500000	-0,691223
8011,625000	-0,620422
8011,750000	-0,617065
8011,875000	-0,722961
8012,000000	-0,659790
8012,125000	-0,680237
8012,250000	-0,679932
8012,375000	-0,680237
8012,500000	-0,646973
8012,625000	-0,726929
8012,750000	-0,633240
8012,875000	-0,671692
8013,000000	-0,674744
8013,125000	-0,629883
8013,250000	-0,654297
8013,375000	-0,650330
8013,500000	-0,648193
8013,625000	-0,667725
8013,750000	-0,671997
8013,875000	-0,668335
8014,000000	-0,604553
8014,125000	-0,604553
8014,250000	-0,646667
8014,375000	-0,653076
8014,500000	-0,673218
8014,625000	-0,672913
8014,750000	-0,722046
8014,875000	-0,704956
8015,000000	-0,639343
8015,125000	-0,674438
8015,250000	-0,676575
8015,375000	-0,668335
8015,500000	-0,642700
8015,625000	-0,664368
8015,750000	-0,662537
8015,875000	-0,669861
8016,000000	-0,636597
8016,125000	-0,674438
8016,250000	-0,668945
8016,375000	-0,668335
8016,500000	-0,691223
8016,625000	-0,685120
8016,750000	-0,621338
8016,875000	-0,619812
8017,000000	-0,622864
8017,125000	-0,619812
8017,250000	-0,639038
8017,375000	-0,620117
8017,500000	-0,618286
8017,625000	-0,733337
8017,750000	-0,666809
8017,875000	-0,686340
8018,000000	-0,650330
8018,125000	-0,650330
8018,250000	-0,667725
8018,375000	-0,638733
8018,500000	-0,668945
8018,625000	-0,667725
8018,750000	-0,717468
8018,875000	-0,644836
8019,000000	-0,662842
8019,125000	-0,661316
8019,250000	-0,661011
8019,375000	-0,690308
8019,500000	-0,649719
8019,625000	-0,690308
8019,750000	-0,688782
8019,875000	-0,657654
8020,000000	-0,686035
8020,125000	-0,705566
8020,250000	-0,666504
8020,375000	-0,664368
8020,500000	-0,652771
8020,625000	-0,661316
8020,750000	-0,662231
8020,875000	-0,612793
8021,000000	-0,600891
8021,125000	-0,655212
8021,250000	-0,661011
8021,375000	-0,646973
8021,500000	-0,647888
8021,625000	-0,688782
8021,750000	-0,657959
8021,875000	-0,650330
8022,000000	-0,672302
8022,125000	-0,670166
8022,250000	-0,667419
8022,375000	-0,672607
8022,500000	-0,642700
8022,625000	-0,644531
8022,750000	-0,687561
8022,875000	-0,658569
8023,000000	-0,669861
8023,125000	-0,651550
8023,250000	-0,649719
8023,375000	-0,619202
8023,500000	-0,615539
8023,625000	-0,625000
8023,750000	-0,621948
8023,875000	-0,671387
8024,000000	-0,652161
8024,125000	-0,672302
8024,250000	-0,693664
8024,375000	-0,692749
8024,500000	-0,697327
8024,625000	-0,673828
8024,750000	-0,667419
8024,875000	-0,648498
8025,000000	-0,663452
8025,125000	-0,690918
8025,250000	-0,684509
8025,375000	-0,626221
8025,500000	-0,625000
8025,625000	-0,658569
8025,750000	-0,613403
8025,875000	-0,657349
8026,000000	-0,648804
8026,125000	-0,650330
8026,250000	-0,713196
8026,375000	-0,627746
8026,500000	-0,645752
8026,625000	-0,645447
8026,750000	-0,635071
8026,875000	-0,665893
8027,000000	-0,673828
8027,125000	-0,728455
8027,250000	-0,726623
8027,375000	-0,683594
8027,500000	-0,658264
8027,625000	-0,676269
8027,750000	-0,676880
8027,875000	-0,667419
8028,000000	-0,665283
8028,125000	-0,666199
8028,250000	-0,652161
8028,375000	-0,650024
8028,500000	-0,640259
8028,625000	-0,666504
8028,750000	-0,644531
8028,875000	-0,643616
8029,000000	-0,659485
8029,125000	-0,666199
8029,250000	-0,710144
8029,375000	-0,751953
8029,500000	-0,751343
8029,625000	-0,678101
8029,750000	-0,621033
8029,875000	-0,589905
8030,000000	-0,586243
8030,125000	-0,671692
8030,250000	-0,679016
8030,375000	-0,665893
8030,500000	-0,680237
8030,625000	-0,679626
8030,750000	-0,678406
8030,875000	-0,635681
8031,000000	-0,624390
8031,125000	-0,641785
8031,250000	-0,634155
8031,375000	-0,688782
8031,500000	-0,633850
8031,625000	-0,669250
8031,750000	-0,668640
8031,875000	-0,635376
8032,000000	-0,661316
8032,125000	-0,646362
8032,250000	-0,660095
8032,375000	-0,661011
8032,500000	-0,651550
8032,625000	-0,676880
8032,750000	-0,693970
8032,875000	-0,691833
8033,000000	-0,789490
8033,125000	-0,626526
8033,250000	-0,691528
8033,375000	-0,668640
8033,500000	-0,667114
8033,625000	-0,673828
8033,750000	-0,729370
8033,875000	-0,679321
8034,000000	-0,676880
8034,125000	-0,645447
8034,250000	-0,613098
8034,375000	-0,688476
8034,500000	-0,715332
8034,625000	-0,716553
8034,750000	-0,655212
8034,875000	-0,668335
8035,000000	-0,713196
8035,125000	-0,630188
8035,250000	-0,655823
8035,375000	-0,662231
8035,500000	-0,652771
8035,625000	-0,661316
8035,750000	-0,660095
8035,875000	-0,676269
8036,000000	-0,650635
8036,125000	-0,648498
8036,250000	-0,684509
8036,375000	-0,684509
8036,500000	-0,669861
8036,625000	-0,624390
8036,750000	-0,690308
8036,875000	-0,688782
8037,000000	-0,672302
8037,125000	-0,683594
8037,250000	-0,628357
8037,375000	-0,658874
8037,500000	-0,657654
8037,625000	-0,656128
8037,750000	-0,689087
8037,875000	-0,659790
8038,000000	-0,658264
8038,125000	-0,679626
8038,250000	-0,632019
8038,375000	-0,658264
8038,500000	-0,683288
8038,625000	-0,683288
8038,750000	-0,697021
8038,875000	-0,697327
8039,000000	-0,665893
8039,125000	-0,638122
8039,250000	-0,638122
8039,375000	-0,648193
8039,500000	-0,642090
8039,625000	-0,698547
8039,750000	-0,698852
8039,875000	-0,693970
8040,000000	-0,698852
8040,125000	-0,663757
8040,250000	-0,664673
8040,375000	-0,666809
8040,500000	-0,641785
8040,625000	-0,710754
8040,750000	-0,663147
8040,875000	-0,656433
8041,000000	-0,674744
8041,125000	-0,618896
8041,250000	-0,642090
8041,375000	-0,661316
8041,500000	-0,663147
8041,625000	-0,663757
8041,750000	-0,689392
8041,875000	-0,664978
8042,000000	-0,700073
8042,125000	-0,683594
8042,250000	-0,676880
8042,375000	-0,660400
8042,500000	-0,709534
8042,625000	-0,706482
8042,750000	-0,652771
8042,875000	-0,701904
8043,000000	-0,687256
8043,125000	-0,658264
8043,250000	-0,657349
8043,375000	-0,677490
8043,500000	-0,613098
8043,625000	-0,667725
8043,750000	-0,668335
8043,875000	-0,675049
8044,000000	-0,662842
8044,125000	-0,631409
8044,250000	-0,651550
8044,375000	-0,651245
8044,500000	-0,658264
8044,625000	-0,708313
8044,750000	-0,696411
8044,875000	-0,693970
8045,000000	-0,669250
8045,125000	-0,595398
8045,250000	-0,646362
8045,375000	-0,649414
8045,500000	-0,647278
8045,625000	-0,671387
8045,750000	-0,664062
8045,875000	-0,692444
8046,000000	-0,567627
8046,125000	-0,583496
8046,250000	-0,672302
8046,375000	-0,667725
8046,500000	-0,697327
8046,625000	-0,696716
8046,750000	-0,726929
8046,875000	-0,633240
8047,000000	-0,690308
8047,125000	-0,716553
8047,250000	-0,716247
8047,375000	-0,674744
8047,500000	-0,681152
8047,625000	-0,648193
8047,750000	-0,647888
8047,875000	-0,716553
8048,000000	-0,717773
8048,125000	-0,672913
8048,250000	-0,597229
8048,375000	-0,598450
8048,500000	-0,678101
8048,625000	-0,689697
8048,750000	-0,659485
8048,875000	-0,657043
8049,000000	-0,661011
8049,125000	-0,623779
8049,250000	-0,659790
8049,375000	-0,722656
8049,500000	-0,722351
8049,625000	-0,640259
8049,750000	-0,680237
8049,875000	-0,696716
8050,000000	-0,693664
8050,125000	-0,657959
8050,250000	-0,634766
8050,375000	-0,631103
8050,500000	-0,689392
8050,625000	-0,690308
8050,750000	-0,657654
8050,875000	-0,653381
8051,000000	-0,625610
8051,125000	-0,637817
8051,250000	-0,641479
8051,375000	-0,663757
8051,500000	-0,681457
8051,625000	-0,690918
8051,750000	-0,689697
8051,875000	-0,651855
8052,000000	-0,695190
8052,125000	-0,667114
8052,250000	-0,700378
8052,375000	-0,700684
8052,500000	-0,679016
8052,625000	-0,654297
8052,750000	-0,683288
8052,875000	-0,682678
8053,000000	-0,634460
8053,125000	-0,680847
8053,250000	-0,711975
8053,375000	-0,621338
8053,500000	-0,619812
8053,625000	-0,668335
8053,750000	-0,658264
8053,875000	-0,656738
8054,000000	-0,654297
8054,125000	-0,695496
8054,250000	-0,697937
8054,375000	-0,623474
8054,500000	-0,628052
8054,625000	-0,626831
8054,750000	-0,677490
8054,875000	-0,683594
8055,000000	-0,658569
8055,125000	-0,647278
8055,250000	-0,652466
8055,375000	-0,690613
8055,500000	-0,664368
8055,625000	-0,635071
8055,750000	-0,635986
8055,875000	-0,637512
8056,000000	-0,618286
8056,125000	-0,671997
8056,250000	-0,631103
8056,375000	-0,632934
8056,500000	-0,643616
8056,625000	-0,639038
8056,750000	-0,692139
8056,875000	-0,691833
8057,000000	-0,679321
8057,125000	-0,641174
8057,250000	-0,681763
8057,375000	-0,647583
8057,500000	-0,647888
8057,625000	-0,656128
8057,750000	-0,644836
8057,875000	-0,645142
8058,000000	-0,643310
8058,125000	-0,642395
8058,250000	-0,694275
8058,375000	-0,712585
8058,500000	-0,620422
8058,625000	-0,620117
8058,750000	-0,729980
8058,875000	-0,671081
8059,000000	-0,709228
8059,125000	-0,662537
8059,250000	-0,664062
8059,375000	-0,667114
8059,500000	-0,705261
8059,625000	-0,663452
8059,750000	-0,664978
8059,875000	-0,669250
8060,000000	-0,649719
8060,125000	-0,650330
8060,250000	-0,648193
8060,375000	-0,700073
8060,500000	-0,667114
8060,625000	-0,613403
8060,750000	-0,688171
8060,875000	-0,687866
8061,000000	-0,697937
8061,125000	-0,693359
8061,250000	-0,685120
8061,375000	-0,676880
8061,500000	-0,682068
8061,625000	-0,655517
8061,750000	-0,677185
8061,875000	-0,643005
8062,000000	-0,643921
8062,125000	-0,662537
8062,250000	-0,657043
8062,375000	-0,700378
8062,500000	-0,645447
8062,625000	-0,646362
8062,750000	-0,647888
8062,875000	-0,642395
8063,000000	-0,718689
8063,125000	-0,720215
8063,250000	-0,610046
8063,375000	-0,653992
8063,500000	-0,643616
8063,625000	-0,674744
8063,750000	-0,675049
8063,875000	-0,632019
8064,000000	-0,687561
8064,125000	-0,682373
8064,250000	-0,682373
8064,375000	-0,671997
8064,500000	-0,647583
8064,625000	-0,675964
8064,750000	-0,695801
8064,875000	-0,694885
8065,000000	-0,671692
8065,125000	-0,668640
8065,250000	-0,642090
8065,375000	-0,675354
8065,500000	-0,658874
8065,625000	-0,674133
8065,750000	-0,646667
8065,875000	-0,671692
8066,000000	-0,671081
8066,125000	-0,686340
8066,250000	-0,673523
8066,375000	-0,639038
8066,500000	-0,696716
8066,625000	-0,695496
8066,750000	-0,645447
8066,875000	-0,681763
8067,000000	-0,632629
8067,125000	-0,630188
8067,250000	-0,680847
8067,375000	-0,666504
8067,500000	-0,682373
8067,625000	-0,650330
8067,750000	-0,651245
8067,875000	-0,647583
8068,000000	-0,671387
8068,125000	-0,666199
8068,250000	-0,681457
8068,375000	-0,686645
8068,500000	-0,699768
8068,625000	-0,663452
8068,750000	-0,677795
8068,875000	-0,676880
8069,000000	-0,676880
8069,125000	-0,650635
8069,250000	-0,664368
8069,375000	-0,620422
8069,500000	-0,621643
8069,625000	-0,655212
8069,750000	-0,657043
8069,875000	-0,672913
8070,000000	-0,671997
8070,125000	-0,660095
8070,250000	-0,663147
8070,375000	-0,662231
8070,500000	-0,665283
8070,625000	-0,665588
8070,750000	-0,611267
8070,875000	-0,637207
8071,000000	-0,646057
8071,125000	-0,645447
8071,250000	-0,639648
8071,375000	-0,669861
8071,500000	-0,635986
8071,625000	-0,665588
8071,750000	-0,666504
8071,875000	-0,679932
8072,000000	-0,663757
8072,125000	-0,657349
8072,250000	-0,680237
8072,375000	-0,683594
8072,500000	-0,664673
8072,625000	-0,686951
8072,750000	-0,641174
8072,875000	-0,642700
8073,000000	-0,633850
8073,125000	-0,665893
8073,250000	-0,664673
8073,375000	-0,655212
8073,500000	-0,653992
8073,625000	-0,643005
8073,750000	-0,622559
8073,875000	-0,635681
8074,000000	-0,635681
8074,125000	-0,617371
8074,250000	-0,675049
8074,375000	-0,689697
8074,500000	-0,678711
8074,625000	-0,677185
8074,750000	-0,671997
8074,875000	-0,680847
8075,000000	-0,710144
8075,125000	-0,708313
8075,250000	-0,656433
8075,375000	-0,670471
8075,500000	-0,693664
8075,625000	-0,654297
8075,750000	-0,653076
8075,875000	-0,666199
8076,000000	-0,687561
8076,125000	-0,690308
8076,250000	-0,637512
8076,375000	-0,674133
8076,500000	-0,676269
8076,625000	-0,645142
8076,750000	-0,641479
8076,875000	-0,641479
8077,000000	-0,653076
8077,125000	-0,666504
8077,250000	-0,682983
8077,375000	-0,682068
8077,500000	-0,682983
8077,625000	-0,663452
8077,750000	-0,684509
8077,875000	-0,672913
8078,000000	-0,674744
8078,125000	-0,682678
8078,250000	-0,653381
8078,375000	-0,669556
8078,500000	-0,687256
8078,625000	-0,686645
8078,750000	-0,662537
8078,875000	-0,671997
8079,000000	-0,640869
8079,125000	-0,637817
8079,250000	-0,674133
8079,375000	-0,673523
8079,500000	-0,687256
8079,625000	-0,651550
8079,750000	-0,651855
8079,875000	-0,650330
8080,000000	-0,639038
8080,125000	-0,635376
8080,250000	-0,632324
8080,375000	-0,639343
8080,500000	-0,665893
8080,625000	-0,662842
8080,750000	-0,686645
8080,875000	-0,685425
8081,000000	-0,632019
8081,125000	-0,629883
8081,250000	-0,649414
8081,375000	-0,648193
8081,500000	-0,646362
8081,625000	-0,659485
8081,750000	-0,633545
8081,875000	-0,696106
8082,000000	-0,696106
8082,125000	-0,657043
8082,250000	-0,675659
8082,375000	-0,613403
8082,500000	-0,628662
8082,625000	-0,673218
8082,750000	-0,665588
8082,875000	-0,677185
8083,000000	-0,704040
8083,125000	-0,704346
8083,250000	-0,682678
8083,375000	-0,700684
8083,500000	-0,639648
8083,625000	-0,691223
8083,750000	-0,690308
8083,875000	-0,645447
8084,000000	-0,686645
8084,125000	-0,672607
8084,250000	-0,671387
8084,375000	-0,651855
8084,500000	-0,657043
8084,625000	-0,626831
8084,750000	-0,659485
8084,875000	-0,657654
8085,000000	-0,630493
8085,125000	-0,622253
8085,250000	-0,647888
8085,375000	-0,662537
8085,500000	-0,668335
8085,625000	-0,651550
8085,750000	-0,674133
8085,875000	-0,664062
8086,000000	-0,664368
8086,125000	-0,645752
8086,250000	-0,668030
8086,375000	-0,669556
8086,500000	-0,680542
8086,625000	-0,679016
8086,750000	-0,682678
8086,875000	-0,652161
8087,000000	-0,689697
8087,125000	-0,689697
8087,250000	-0,673523
8087,375000	-0,660400
8087,500000	-0,661316
8087,625000	-0,670776
8087,750000	-0,668640
8087,875000	-0,656738
8088,000000	-0,677185
8088,125000	-0,639038
8088,250000	-0,637512
8088,375000	-0,649109
8088,500000	-0,639343
8088,625000	-0,672302
8088,750000	-0,625000
8088,875000	-0,624695
8089,000000	-0,654907
8089,125000	-0,649414
8089,250000	-0,655212
8089,375000	-0,626831
8089,500000	-0,639343
8089,625000	-0,661621
8089,750000	-0,649109
8089,875000	-0,643005
8090,000000	-0,642090
8090,125000	-0,683288
8090,250000	-0,678101
8090,375000	-0,678406
8090,500000	-0,629883
8090,625000	-0,630188
8090,750000	-0,675049
8090,875000	-0,680237
8091,000000	-0,673218
8091,125000	-0,672607
8091,250000	-0,665893
8091,375000	-0,692444
8091,500000	-0,672302
8091,625000	-0,633850
8091,750000	-0,633545
8091,875000	-0,653686
8092,000000	-0,640259
8092,125000	-0,686951
8092,250000	-0,687256
8092,375000	-0,658874
8092,500000	-0,660705
8092,625000	-0,674133
8092,750000	-0,671997
8092,875000	-0,672302
8093,000000	-0,655517
8093,125000	-0,686035
8093,250000	-0,637207
8093,375000	-0,632324
8093,500000	-0,665893
8093,625000	-0,682678
8093,750000	-0,655517
8093,875000	-0,639038
8094,000000	-0,639648
8094,125000	-0,669556
8094,250000	-0,644531
8094,375000	-0,666809
8094,500000	-0,679016
8094,625000	-0,681152
8094,750000	-0,635071
8094,875000	-0,659790
8095,000000	-0,656738
8095,125000	-0,655823
8095,250000	-0,682068
8095,375000	-0,641785
8095,500000	-0,674744
8095,625000	-0,616150
8095,750000	-0,615539
8095,875000	-0,679016
8096,000000	-0,681457
8096,125000	-0,657043
8096,250000	-0,655212
8096,375000	-0,647888
8096,500000	-0,613403
8096,625000	-0,642090
8096,750000	-0,676575
8096,875000	-0,676575
8097,000000	-0,619507
8097,125000	-0,671692
8097,250000	-0,634155
8097,375000	-0,629883
8097,500000	-0,641174
8097,625000	-0,661011
8097,750000	-0,636291
8097,875000	-0,653686
8098,000000	-0,652466
8098,125000	-0,689087
8098,250000	-0,667114
8098,375000	-0,655823
8098,500000	-0,662842
8098,625000	-0,666199
8098,750000	-0,686035
8098,875000	-0,689087
8099,000000	-0,675354
8099,125000	-0,673218
8099,250000	-0,701294
8099,375000	-0,688476
8099,500000	-0,693970
8099,625000	-0,662537
8099,750000	-0,659790
8099,875000	-0,684814
8100,000000	-0,658264
8100,125000	-0,618591
8100,250000	-0,620422
8100,375000	-0,684814
8100,500000	-0,624084
8100,625000	-0,625305
8100,750000	-0,658569
8100,875000	-0,657349
8101,000000	-0,638428
8101,125000	-0,644226
8101,250000	-0,633850
8101,375000	-0,632019
8101,500000	-0,661926
8101,625000	-0,637817
8101,750000	-0,631714
8101,875000	-0,647583
8102,000000	-0,646667
8102,125000	-0,648193
8102,250000	-0,647583
8102,375000	-0,665893
8102,500000	-0,610046
8102,625000	-0,666504
8102,750000	-0,612793
8102,875000	-0,648804
8103,000000	-0,679932
8103,125000	-0,676575
8103,250000	-0,680542
8103,375000	-0,643005
8103,500000	-0,650940
8103,625000	-0,691223
8103,750000	-0,689392
8103,875000	-0,711365
8104,000000	-0,664978
8104,125000	-0,682068
8104,250000	-0,681152
8104,375000	-0,697327
8104,500000	-0,649109
8104,625000	-0,624695
8104,750000	-0,654297
8104,875000	-0,654602
8105,000000	-0,685730
8105,125000	-0,678711
8105,250000	-0,682678
8105,375000	-0,683288
8105,500000	-0,686951
8105,625000	-0,672913
8105,750000	-0,648193
8105,875000	-0,638733
8106,000000	-0,638733
8106,125000	-0,655823
8106,250000	-0,681457
8106,375000	-0,646362
8106,500000	-0,662231
8106,625000	-0,652771
8106,750000	-0,681763
8106,875000	-0,660095
8107,000000	-0,643310
8107,125000	-0,640869
8107,250000	-0,682983
8107,375000	-0,634460
8107,500000	-0,642700
8107,625000	-0,652161
8107,750000	-0,655212
8107,875000	-0,623779
8108,000000	-0,654297
8108,125000	-0,635681
8108,250000	-0,636291
8108,375000	-0,682373
8108,500000	-0,638428
8108,625000	-0,641785
8108,750000	-0,649719
8108,875000	-0,650330
8109,000000	-0,668335
8109,125000	-0,644226
8109,250000	-0,633850
8109,375000	-0,634155
8109,500000	-0,639954
8109,625000	-0,622559
8109,750000	-0,647888
8109,875000	-0,641785
8110,000000	-0,642395
8110,125000	-0,651245
8110,250000	-0,661926
8110,375000	-0,646973
8110,500000	-0,643616
8110,625000	-0,633240
8110,750000	-0,622559
8110,875000	-0,639954
8111,000000	-0,669556
8111,125000	-0,669250
8111,250000	-0,629272
8111,375000	-0,651245
8111,500000	-0,622559
8111,625000	-0,621338
8111,750000	-0,674438
8111,875000	-0,673523
8112,000000	-0,645752
8112,125000	-0,685425
8112,250000	-0,685730
8112,375000	-0,582886
8112,500000	-0,641174
8112,625000	-0,653381
8112,750000	-0,648193
8112,875000	-0,643310
8113,000000	-0,633850
8113,125000	-0,586548
8113,250000	-0,631409
8113,375000	-0,630188
8113,500000	-0,633850
8113,625000	-0,616760
8113,750000	-0,648498
8113,875000	-0,621643
8114,000000	-0,626831
8114,125000	-0,637512
8114,250000	-0,647888
8114,375000	-0,665283
8114,500000	-0,665893
8114,625000	-0,635986
8114,750000	-0,631714
8114,875000	-0,643921
8115,000000	-0,631409
8115,125000	-0,629883
8115,250000	-0,608215
8115,375000	-0,650024
8115,500000	-0,642700
8115,625000	-0,641785
8115,750000	-0,619812
8115,875000	-0,643921
8116,000000	-0,665588
8116,125000	-0,617371
8116,250000	-0,617371
8116,375000	-0,622253
8116,500000	-0,661316
8116,625000	-0,616150
8116,750000	-0,629883
8116,875000	-0,632019
8117,000000	-0,646362
8117,125000	-0,655517
8117,250000	-0,664062
8117,375000	-0,663757
8117,500000	-0,647888
8117,625000	-0,667114
8117,750000	-0,638428
8117,875000	-0,633850
8118,000000	-0,633240
8118,125000	-0,650024
8118,250000	-0,631714
8118,375000	-0,617676
8118,500000	-0,617371
8118,625000	-0,623169
8118,750000	-0,645752
8118,875000	-0,651245
8119,000000	-0,623474
8119,125000	-0,623474
8119,250000	-0,666504
8119,375000	-0,641479
8119,500000	-0,636902
8119,625000	-0,633240
8119,750000	-0,647888
8119,875000	-0,652771
8120,000000	-0,633850
8120,125000	-0,654602
8120,250000	-0,653686
8120,375000	-0,619507
8120,500000	-0,631409
8120,625000	-0,608826
8120,750000	-0,626831
8120,875000	-0,630493
8121,000000	-0,628052
8121,125000	-0,608520
8121,250000	-0,593262
8121,375000	-0,592346
8121,500000	-0,633850
8121,625000	-0,606384
8121,750000	-0,592346
8121,875000	-0,578003
8122,000000	-0,610962
8122,125000	-0,620422
8122,250000	-0,627746
8122,375000	-0,621643
8122,500000	-0,620727
8122,625000	-0,625610
8122,750000	-0,613098
8122,875000	-0,628967
8123,000000	-0,592346
8123,125000	-0,594177
8123,250000	-0,617371
8123,375000	-0,640259
8123,500000	-0,642700
8123,625000	-0,641479
8123,750000	-0,625000
8123,875000	-0,592956
8124,000000	-0,625610
8124,125000	-0,611572
8124,250000	-0,610351
8124,375000	-0,634766
8124,500000	-0,597229
8124,625000	-0,616455
8124,750000	-0,615539
8124,875000	-0,590515
8125,000000	-0,601807
8125,125000	-0,593567
8125,250000	-0,588074
8125,375000	-0,586853
8125,500000	-0,603638
8125,625000	-0,576782
8125,750000	-0,602112
8125,875000	-0,599060
8126,000000	-0,640564
8126,125000	-0,632019
8126,250000	-0,642700
8126,375000	-0,613403
8126,500000	-0,614014
8126,625000	-0,621948
8126,750000	-0,623474
8126,875000	-0,631714
8127,000000	-0,592346
8127,125000	-0,596924
8127,250000	-0,579529
8127,375000	-0,591125
8127,500000	-0,580749
8127,625000	-0,579529
8127,750000	-0,608826
8127,875000	-0,618591
8128,000000	-0,608215
8128,125000	-0,558777
8128,250000	-0,557556
8128,375000	-0,597229
8128,500000	-0,593567
8128,625000	-0,601807
8128,750000	-0,602417
8128,875000	-0,604248
8129,000000	-0,590210
8129,125000	-0,578613
8129,250000	-0,575867
8129,375000	-0,573730
8129,500000	-0,567932
8129,625000	-0,585632
8129,750000	-0,586853
8129,875000	-0,583191
8130,000000	-0,591736
8130,125000	-0,597534
8130,250000	-0,603027
8130,375000	-0,594788
8130,500000	-0,592956
8130,625000	-0,599976
8130,750000	-0,592651
8130,875000	-0,610351
8131,000000	-0,594788
8131,125000	-0,599060
8131,250000	-0,530701
8131,375000	-0,561523
8131,500000	-0,612488
8131,625000	-0,612183
8131,750000	-0,587768
8131,875000	-0,614624
8132,000000	-0,558166
8132,125000	-0,590210
8132,250000	-0,588379
8132,375000	-0,575256
8132,500000	-0,587463
8132,625000	-0,578308
8132,750000	-0,576477
8132,875000	-0,585937
8133,000000	-0,579529
8133,125000	-0,592346
8133,250000	-0,585022
8133,375000	-0,586243
8133,500000	-0,574646
8133,625000	-0,578918
8133,750000	-0,574341
8133,875000	-0,572815
8134,000000	-0,545959
8134,125000	-0,577087
8134,250000	-0,565796
8134,375000	-0,608826
8134,500000	-0,606689
8134,625000	-0,581665
8134,750000	-0,557861
8134,875000	-0,581360
8135,000000	-0,555420
8135,125000	-0,601807
8135,250000	-0,558166
8135,375000	-0,572815
8135,500000	-0,573425
8135,625000	-0,572815
8135,750000	-0,567627
8135,875000	-0,573120
8136,000000	-0,568542
8136,125000	-0,628357
8136,250000	-0,629883
8136,375000	-0,569763
8136,500000	-0,591125
8136,625000	-0,539246
8136,750000	-0,538330
8136,875000	-0,595703
8137,000000	-0,604553
8137,125000	-0,563965
8137,250000	-0,592041
8137,375000	-0,593567
8137,500000	-0,527344
8137,625000	-0,574646
8137,750000	-0,561523
8137,875000	-0,562439
8138,000000	-0,603027
8138,125000	-0,552978
8138,250000	-0,583496
8138,375000	-0,549621
8138,500000	-0,550232
8138,625000	-0,551147
8138,750000	-0,559082
8138,875000	-0,560303
8139,000000	-0,555725
8139,125000	-0,544434
8139,250000	-0,541992
8139,375000	-0,509949
8139,500000	-0,568542
8139,625000	-0,566711
8139,750000	-0,551758
8139,875000	-0,527954
8140,000000	-0,519104
8140,125000	-0,557251
8140,250000	-0,561523
8140,375000	-0,530395
8140,500000	-0,554199
8140,625000	-0,535889
8140,750000	-0,538025
8140,875000	-0,541382
8141,000000	-0,515137
8141,125000	-0,518799
8141,250000	-0,556030
8141,375000	-0,557251
8141,500000	-0,543823
8141,625000	-0,528870
8141,750000	-0,498352
8141,875000	-0,497131
8142,000000	-0,556030
8142,125000	-0,522156
8142,250000	-0,527649
8142,375000	-0,560303
8142,500000	-0,561218
8142,625000	-0,503845
8142,750000	-0,552978
8142,875000	-0,541382
8143,000000	-0,537414
8143,125000	-0,513000
8143,250000	-0,505676
8143,375000	-0,522766
8143,500000	-0,494995
8143,625000	-0,493774
8143,750000	-0,513916
8143,875000	-0,511780
8144,000000	-0,517883
8144,125000	-0,498047
8144,250000	-0,487671
8144,375000	-0,514526
8144,500000	-0,532226
8144,625000	-0,498657
8144,750000	-0,496826
8144,875000	-0,474243
8145,000000	-0,492554
8145,125000	-0,479126
8145,250000	-0,520325
8145,375000	-0,520325
8145,500000	-0,491028
8145,625000	-0,514526
8145,750000	-0,510864
8145,875000	-0,509949
8146,000000	-0,506592
8146,125000	-0,469055
8146,250000	-0,476074
8146,375000	-0,479736
8146,500000	-0,480041
8146,625000	-0,506287
8146,750000	-0,503845
8146,875000	-0,469971
8147,000000	-0,466003
8147,125000	-0,469971
8147,250000	-0,490112
8147,375000	-0,497436
8147,500000	-0,461426
8147,625000	-0,460205
8147,750000	-0,508728
8147,875000	-0,458069
8148,000000	-0,515442
8148,125000	-0,511780
8148,250000	-0,502319
8148,375000	-0,460510
8148,500000	-0,442810
8148,625000	-0,433044
8148,750000	-0,433044
8148,875000	-0,473633
8149,000000	-0,462952
8149,125000	-0,453796
8149,250000	-0,454101
8149,375000	-0,456848
8149,500000	-0,492859
8149,625000	-0,464477
8149,750000	-0,478821
8149,875000	-0,475769
8150,000000	-0,444336
8150,125000	-0,467529
8150,250000	-0,431824
8150,375000	-0,457458
8150,500000	-0,458374
8150,625000	-0,461731
8150,750000	-0,433655
8150,875000	-0,416565
8151,000000	-0,428467
8151,125000	-0,432129
8151,250000	-0,455627
8151,375000	-0,435791
8151,500000	-0,413208
8151,625000	-0,412903
8151,750000	-0,452270
8151,875000	-0,419311
8152,000000	-0,439148
8152,125000	-0,433655
8152,250000	-0,433655
8152,375000	-0,415344
8152,500000	-0,440369
8152,625000	-0,419311
8152,750000	-0,418091
8152,875000	-0,407715
8153,000000	-0,401306
8153,125000	-0,376282
8153,250000	-0,405884
8153,375000	-0,406189
8153,500000	-0,393982
8153,625000	-0,390625
8153,750000	-0,408020
8153,875000	-0,406189
8154,000000	-0,374451
8154,125000	-0,353088
8154,250000	-0,404663
8154,375000	-0,396423
8154,500000	-0,395508
8154,625000	-0,438538
8154,750000	-0,434875
8154,875000	-0,370483
8155,000000	-0,402222
8155,125000	-0,433044
8155,250000	-0,384521
8155,375000	-0,402222
8155,500000	-0,420532
8155,625000	-0,421142
8155,750000	-0,383911
8155,875000	-0,364380
8156,000000	-0,374451
8156,125000	-0,431213
8156,250000	-0,433044
8156,375000	-0,390930
8156,500000	-0,398865
8156,625000	-0,390015
8156,750000	-0,389099
8156,875000	-0,363159
8157,000000	-0,365601
8157,125000	-0,351868
8157,250000	-0,405273
8157,375000	-0,405273
8157,500000	-0,394287
8157,625000	-0,362244
8157,750000	-0,325317
8157,875000	-0,323181
8158,000000	-0,379944
8158,125000	-0,343017
8158,250000	-0,364990
8158,375000	-0,369873
8158,500000	-0,370483
8158,625000	-0,369873
8158,750000	-0,321045
8158,875000	-0,325622
8159,000000	-0,317078
8159,125000	-0,367126
8159,250000	-0,341492
8159,375000	-0,341186
8159,500000	-0,315552
8159,625000	-0,313721
8159,750000	-0,325622
8159,875000	-0,339966
8160,000000	-0,337830
8160,125000	-0,321655
8160,250000	-0,325622
8160,375000	-0,307922
8160,500000	-0,340576
8160,625000	-0,332642
8160,750000	-0,331421
8160,875000	-0,329590
8161,000000	-0,296631
8161,125000	-0,318603
8161,250000	-0,329285
8161,375000	-0,312805
8161,500000	-0,307312
8161,625000	-0,308227
8161,750000	-0,261841
8161,875000	-0,261230
8162,000000	-0,294800
8162,125000	-0,320740
8162,250000	-0,292053
8162,375000	-0,325012
8162,500000	-0,326233
8162,625000	-0,315246
8162,750000	-0,328064
8162,875000	-0,307617
8163,000000	-0,306091
8163,125000	-0,260620
8163,250000	-0,295105
8163,375000	-0,310974
8163,500000	-0,292663
8163,625000	-0,292663
8163,750000	-0,292969
8163,875000	-0,285339
8164,000000	-0,256653
8164,125000	-0,252991
8164,250000	-0,267944
8164,375000	-0,278320
8164,500000	-0,285034
8164,625000	-0,322266
8164,750000	-0,320129
8164,875000	-0,257263
8165,000000	-0,251160
8165,125000	-0,233459
8165,250000	-0,228882
8165,375000	-0,261841
8165,500000	-0,261841
8165,625000	-0,267944
8165,750000	-0,266113
8165,875000	-0,264282
8166,000000	-0,245361
8166,125000	-0,230713
8166,250000	-0,242004
8166,375000	-0,238953
8166,500000	-0,242004
8166,625000	-0,279236
8166,750000	-0,261536
8166,875000	-0,270386
8167,000000	-0,268555
8167,125000	-0,264892
8167,250000	-0,239563
8167,375000	-0,281067
8167,500000	-0,234985
8167,625000	-0,234070
8167,750000	-0,225830
8167,875000	-0,188293
8168,000000	-0,206604
8168,125000	-0,247192
8168,250000	-0,252380
8168,375000	-0,218506
8168,500000	-0,218506
8168,625000	-0,264892
8168,750000	-0,261841
8168,875000	-0,196533
8169,000000	-0,205994
8169,125000	-0,187988
8169,250000	-0,174560
8169,375000	-0,176392
8169,500000	-0,151672
8169,625000	-0,169678
8169,750000	-0,190430
8169,875000	-0,189514
8170,000000	-0,184326
8170,125000	-0,179443
8170,250000	-0,187683
8170,375000	-0,216064
8170,500000	-0,216675
8170,625000	-0,179138
8170,750000	-0,144348
8170,875000	-0,208740
8171,000000	-0,205688
8171,125000	-0,146484
8171,250000	-0,191345
8171,375000	-0,157471
8171,500000	-0,165710
8171,625000	-0,164795
8171,750000	-0,171814
8171,875000	-0,142517
8172,000000	-0,155334
8172,125000	-0,150146
8172,250000	-0,139160
8172,375000	-0,140381
8172,500000	-0,156860
8172,625000	-0,127869
8172,750000	-0,124512
8172,875000	-0,101318
8173,000000	-0,126343
8173,125000	-0,094299
8173,250000	-0,090332
8173,375000	-0,088806
8173,500000	-0,156860
8173,625000	-0,114136
8173,750000	-0,099792
8173,875000	-0,097961
8174,000000	-0,090637
8174,125000	-0,090942
8174,250000	-0,071106
8174,375000	-0,090332
8174,500000	-0,091858
8174,625000	-0,079956
8174,750000	-0,058594
8174,875000	-0,087891
8175,000000	-0,085144
8175,125000	-0,108948
8175,250000	-0,073547
8175,375000	-0,072937
8175,500000	-0,053406
8175,625000	-0,051269
8175,750000	-0,069885
8175,875000	-0,054626
8176,000000	-0,117187
8176,125000	-0,115967
8176,250000	-0,109863
8176,375000	-0,083008
8176,500000	-0,093689
8176,625000	-0,054321
8176,750000	-0,053100
8176,875000	-0,064392
8177,000000	-0,058594
8177,125000	-0,045166
8177,250000	-0,051269
8177,375000	-0,053100
8177,500000	-0,030212
8177,625000	-0,027771
8177,750000	-0,032654
8177,875000	-0,033264
8178,000000	-0,023193
8178,125000	-0,030517
8178,250000	-0,044556
8178,375000	0,011902
8178,500000	0,011902
8178,625000	-0,025024
8178,750000	-0,032349
8178,875000	0,004883
8179,000000	0,008240
8179,125000	-0,003052
8179,250000	0,017395
8179,375000	-0,003357
8179,500000	0,025330
8179,625000	0,024719
8179,750000	-0,014954
8179,875000	-0,042419
8180,000000	0,007935
8180,125000	0,010071
8180,250000	0,015259
8180,375000	-0,010071
8180,500000	0,016174
8180,625000	-0,015869
8180,750000	-0,015259
8180,875000	-0,033874
8181,000000	-0,023193
8181,125000	-0,011902
8181,250000	0,048523
8181,375000	0,048218
8181,500000	0,057068
8181,625000	0,022583
8181,750000	-0,026245
8181,875000	-0,023193
8182,000000	0,049744
8182,125000	0,034180
8182,250000	0,044251
8182,375000	0,037232
8182,500000	0,037232
8182,625000	0,051270
8182,750000	0,031433
8182,875000	0,031433
8183,000000	0,030823
8183,125000	0,051270
8183,250000	0,036621
8183,375000	0,048828
8183,500000	0,065918
8183,625000	0,068054
8183,750000	0,042420
8183,875000	0,054016
8184,000000	0,084229
8184,125000	0,084534
8184,250000	0,091858
8184,375000	0,071106
8184,500000	0,063782
8184,625000	0,101318
8184,750000	0,102234
8184,875000	0,111084
8185,000000	0,112000
8185,125000	0,077210
8185,250000	0,034790
8185,375000	0,047608
8185,500000	0,130920
8185,625000	0,104675
8185,750000	0,090942
8185,875000	0,092774
8186,000000	0,119324
8186,125000	0,133362
8186,250000	0,139160
8186,375000	0,141907
8186,500000	0,141907
8186,625000	0,119629
8186,750000	0,120545
8186,875000	0,111389
8187,000000	0,112000
8187,125000	0,140991
8187,250000	0,157471
8187,375000	0,150757
8187,500000	0,122986
8187,625000	0,121155
8187,750000	0,151062
8187,875000	0,180664
8188,000000	0,141907
8188,125000	0,143128
8188,250000	0,145569
8188,375000	0,168457
8188,500000	0,161743
8188,625000	0,160217
8188,750000	0,160523
8188,875000	0,161743
8189,000000	0,144959
8189,125000	0,175171
8189,250000	0,177002
8189,375000	0,145874
8189,500000	0,190735
8189,625000	0,201416
8189,750000	0,185852
8189,875000	0,187073
8190,000000	0,187683
8190,125000	0,186462
8190,250000	0,174866
8190,375000	0,177918
8190,500000	0,182190
8190,625000	0,188294
8190,750000	0,175171
8190,875000	0,209351
8191,000000	0,207214
8191,125000	0,221253
8191,250000	0,194092
8191,375000	0,243836
8191,500000	0,156860
8191,625000	0,168152
8191,750000	0,228272
8191,875000	0,198364
8192,000000	0,185547
8192,125000	0,186768
8192,250000	0,225525
8192,375000	0,171204
8192,500000	0,207825
8192,625000	0,248413
8192,750000	0,246887
8192,875000	0,233765
8193,000000	0,259705
8193,125000	0,279541
8193,250000	0,281677
8193,375000	0,224915
8193,500000	0,245056
8193,625000	0,256348
8193,750000	0,269470
8193,875000	0,271607
8194,000000	0,220947
8194,125000	0,239258
8194,250000	0,277710
8194,375000	0,280762
8194,500000	0,281372
8194,625000	0,287781
8194,750000	0,293579
8194,875000	0,282288
8195,000000	0,281372
8195,125000	0,294495
8195,250000	0,286865
8195,375000	0,282593
8195,500000	0,285645
8195,625000	0,270691
8195,750000	0,274353
8195,875000	0,256348
8196,000000	0,290833
8196,125000	0,292053
8196,250000	0,306702
8196,375000	0,324097
8196,500000	0,285950
8196,625000	0,296631
8196,750000	0,294495
8196,875000	0,272827
8197,000000	0,290527
8197,125000	0,293579
8197,250000	0,291748
8197,375000	0,316467
8197,500000	0,319519
8197,625000	0,324707
8197,750000	0,321045
8197,875000	0,320740
8198,000000	0,370789
8198,125000	0,352783
8198,250000	0,353088
8198,375000	0,353394
8198,500000	0,364380
8198,625000	0,313110
8198,750000	0,332031
8198,875000	0,365296
8199,000000	0,367432
8199,125000	0,382080
8199,250000	0,375977
8199,375000	0,373535
8199,500000	0,401306
8199,625000	0,402222
8199,750000	0,393677
8199,875000	0,392151
8200,000000	0,366211
8200,125000	0,366211
8200,250000	0,390015
8200,375000	0,345459
8200,500000	0,415344
8200,625000	0,407105
8200,750000	0,406799
8200,875000	0,392761
8201,000000	0,409241
8201,125000	0,391235
8201,250000	0,392761
8201,375000	0,413208
8201,500000	0,380859
8201,625000	0,401917
8201,750000	0,400086
8201,875000	0,400086
8202,000000	0,404358
8202,125000	0,412598
8202,250000	0,315552
8202,375000	0,317993
8202,500000	0,389099
8202,625000	0,373230
8202,750000	0,400696
8202,875000	0,413818
8203,000000	0,414429
8203,125000	0,426331
8203,250000	0,447693
8203,375000	0,438538
8203,500000	0,412293
8203,625000	0,412293
8203,750000	0,395203
8203,875000	0,427551
8204,000000	0,446777
8204,125000	0,446777
8204,250000	0,444946
8204,375000	0,443726
8204,500000	0,404358
8204,625000	0,464783
8204,750000	0,464783
8204,875000	0,434570
8205,000000	0,439148
8205,125000	0,447693
8205,250000	0,447083
8205,375000	0,440674
8205,500000	0,425720
8205,625000	0,386963
8205,750000	0,424500
8205,875000	0,425415
8206,000000	0,437622
8206,125000	0,448303
8206,250000	0,482483
8206,375000	0,484314
8206,500000	0,439148
8206,625000	0,428772
8206,750000	0,415039
8206,875000	0,442810
8207,000000	0,443115
8207,125000	0,461426
8207,250000	0,467224
8207,375000	0,474243
8207,500000	0,445252
8207,625000	0,444946
8207,750000	0,415955
8207,875000	0,438233
8208,000000	0,436707
8208,125000	0,435181
8208,250000	0,435791
8208,375000	0,448608
8208,500000	0,439453
8208,625000	0,420837
8208,750000	0,420837
8208,875000	0,435486
8209,000000	0,445557
8209,125000	0,468445
8209,250000	0,467529
8209,375000	0,475159
8209,500000	0,448914
8209,625000	0,446472
8209,750000	0,418091
8209,875000	0,417786
8210,000000	0,440064
8210,125000	0,455017
8210,250000	0,457153
8210,375000	0,458374
8210,500000	0,448303
8210,625000	0,473633
8210,750000	0,466919
8210,875000	0,435486
8211,000000	0,437622
8211,125000	0,455322
8211,250000	0,491638
8211,375000	0,469666
8211,500000	0,469666
8211,625000	0,467529
8211,750000	0,452881
8211,875000	0,477905
8212,000000	0,479431
8212,125000	0,479126
8212,250000	0,464478
8212,375000	0,477600
8212,500000	0,463562
8212,625000	0,422363
8212,750000	0,423584
8212,875000	0,429993
8213,000000	0,425720
8213,125000	0,450440
8213,250000	0,452271
8213,375000	0,458374
8213,500000	0,491333
8213,625000	0,474548
8213,750000	0,451050
8213,875000	0,451660
8214,000000	0,472717
8214,125000	0,465088
8214,250000	0,468140
8214,375000	0,469666
8214,500000	0,476990
8214,625000	0,471191
8214,750000	0,444031
8214,875000	0,467835
8215,000000	0,468750
8215,125000	0,480957
8215,250000	0,522156
8215,375000	0,482788
8215,500000	0,412598
8215,625000	0,476379
8215,750000	0,410462
8215,875000	0,485840
8216,000000	0,467529
8216,125000	0,468140
8216,250000	0,469055
8216,375000	0,476990
8216,500000	0,445252
8216,625000	0,488587
8216,750000	0,485840
8216,875000	0,505371
8217,000000	0,457764
8217,125000	0,464172
8217,250000	0,462647
8217,375000	0,512390
8217,500000	0,474243
8217,625000	0,448914
8217,750000	0,481262
8217,875000	0,481873
8218,000000	0,482788
8218,125000	0,486145
8218,250000	0,471191
8218,375000	0,471191
8218,500000	0,491638
8218,625000	0,485230
8218,750000	0,508423
8218,875000	0,489807
8219,000000	0,490112
8219,125000	0,458984
8219,250000	0,470276
8219,375000	0,452576
8219,500000	0,454407
8219,625000	0,490112
8219,750000	0,518494
8219,875000	0,499268
8220,000000	0,475159
8220,125000	0,476379
8220,250000	0,451965
8220,375000	0,482178
8220,500000	0,478821
8220,625000	0,489807
8220,750000	0,487671
8220,875000	0,473938
8221,000000	0,474243
8221,125000	0,485230
8221,250000	0,483704
8221,375000	0,466919
8221,500000	0,493775
8221,625000	0,481567
8221,750000	0,459900
8221,875000	0,462647
8222,000000	0,471497
8222,125000	0,451965
8222,250000	0,429688
8222,375000	0,430603
8222,500000	0,457459
8222,625000	0,454407
8222,750000	0,459290
8222,875000	0,478211
8223,000000	0,479126
8223,125000	0,490723
8223,250000	0,449219
8223,375000	0,476685
8223,500000	0,478821
8223,625000	0,481262
8223,750000	0,463867
8223,875000	0,446472
8224,000000	0,483704
8224,125000	0,484009
8224,250000	0,442505
8224,375000	0,437012
8224,500000	0,475769
8224,625000	0,457459
8224,750000	0,454407
8224,875000	0,452576
8225,000000	0,479126
8225,125000	0,459290
8225,250000	0,459290
8225,375000	0,507813
8225,500000	0,456543
8225,625000	0,515442
8225,750000	0,473328
8225,875000	0,474854
8226,000000	0,509338
8226,125000	0,455322
8226,250000	0,472717
8226,375000	0,476074
8226,500000	0,434265
8226,625000	0,444031
8226,750000	0,442200
8226,875000	0,477295
8227,000000	0,477600
8227,125000	0,464478
8227,250000	0,439758
8227,375000	0,454102
8227,500000	0,454712
8227,625000	0,487976
8227,750000	0,453796
8227,875000	0,457153
8228,000000	0,403442
8228,125000	0,404663
8228,250000	0,437317
8228,375000	0,458069
8228,500000	0,474243
8228,625000	0,474854
8228,750000	0,470276
8228,875000	0,455628
8229,000000	0,452271
8229,125000	0,446472
8229,250000	0,446777
8229,375000	0,445252
8229,500000	0,430298
8229,625000	0,446472
8229,750000	0,447388
8229,875000	0,405274
8230,000000	0,444031
8230,125000	0,412598
8230,250000	0,457764
8230,375000	0,459900
8230,500000	0,394287
8230,625000	0,438233
8230,750000	0,408936
8230,875000	0,432434
8231,000000	0,432434
8231,125000	0,419922
8231,250000	0,399475
8231,375000	0,446472
8231,500000	0,446472
8231,625000	0,441589
8231,750000	0,418091
8231,875000	0,406189
8232,000000	0,440369
8232,125000	0,441284
8232,250000	0,455628
8232,375000	0,418701
8232,500000	0,389710
8232,625000	0,388794
8232,750000	0,424194
8232,875000	0,404968
8233,000000	0,401001
8233,125000	0,413208
8233,250000	0,410767
8233,375000	0,428162
8233,500000	0,389404
8233,625000	0,385742
8233,750000	0,386963
8233,875000	0,398865
8234,000000	0,401001
8234,125000	0,405884
8234,250000	0,399170
8234,375000	0,400086
8234,500000	0,392151
8234,625000	0,401001
8234,750000	0,373840
8234,875000	0,349732
8235,000000	0,363159
8235,125000	0,402222
8235,250000	0,406189
8235,375000	0,414124
8235,500000	0,415039
8235,625000	0,367432
8235,750000	0,402832
8235,875000	0,408325
8236,000000	0,385742
8236,125000	0,387573
8236,250000	0,349426
8236,375000	0,375977
8236,500000	0,382996
8236,625000	0,383911
8236,750000	0,358887
8236,875000	0,382996
8237,000000	0,370483
8237,125000	0,367127
8237,250000	0,368042
8237,375000	0,366516
8237,500000	0,378723
8237,625000	0,332031
8237,750000	0,354614
8237,875000	0,352478
8238,000000	0,384522
8238,125000	0,366211
8238,250000	0,364380
8238,375000	0,363464
8238,500000	0,359802
8238,625000	0,330811
8238,750000	0,330505
8238,875000	0,335083
8239,000000	0,333862
8239,125000	0,325623
8239,250000	0,358887
8239,375000	0,333557
8239,500000	0,334473
8239,625000	0,354920
8239,750000	0,352783
8239,875000	0,369263
8240,000000	0,314331
8240,125000	0,314636
8240,250000	0,328369
8240,375000	0,317078
8240,500000	0,325623
8240,625000	0,327759
8240,750000	0,335388
8240,875000	0,311585
8241,000000	0,342102
8241,125000	0,289917
8241,250000	0,290833
8241,375000	0,280762
8241,500000	0,337525
8241,625000	0,289917
8241,750000	0,324097
8241,875000	0,322876
8242,000000	0,290222
8242,125000	0,344544
8242,250000	0,319824
8242,375000	0,319824
8242,500000	0,322876
8242,625000	0,308838
8242,750000	0,296021
8242,875000	0,298157
8243,000000	0,299683
8243,125000	0,288086
8243,250000	0,345764
8243,375000	0,332947
8243,500000	0,334168
8243,625000	0,292358
8243,750000	0,247192
8243,875000	0,313416
8244,000000	0,291443
8244,125000	0,292053
8244,250000	0,321961
8244,375000	0,290833
8244,500000	0,305786
8244,625000	0,305786
8244,750000	0,236816
8244,875000	0,282898
8245,000000	0,284424
8245,125000	0,268555
8245,250000	0,268250
8245,375000	0,284424
8245,500000	0,240784
8245,625000	0,285034
8245,750000	0,285034
8245,875000	0,283814
8246,000000	0,249634
8246,125000	0,246277
8246,250000	0,207520
8246,375000	0,208435
8246,500000	0,277100
8246,625000	0,257874
8246,750000	0,241089
8246,875000	0,241699
8247,000000	0,247803
8247,125000	0,242004
8247,250000	0,251465
8247,375000	0,253906
8247,500000	0,255127
8247,625000	0,209961
8247,750000	0,248718
8247,875000	0,235291
8248,000000	0,238648
8248,125000	0,237122
8248,250000	0,244446
8248,375000	0,228882
8248,500000	0,231323
8248,625000	0,231934
8248,750000	0,214844
8248,875000	0,240479
8249,000000	0,249634
8249,125000	0,224304
8249,250000	0,224915
8249,375000	0,242920
8249,500000	0,226441
8249,625000	0,192871
8249,750000	0,194092
8249,875000	0,223389
8250,000000	0,208435
8250,125000	0,218201
8250,250000	0,224915
8250,375000	0,223999
8250,500000	0,182190
8250,625000	0,213013
8250,750000	0,193176
8250,875000	0,194702
8251,000000	0,215759
8251,125000	0,175171
8251,250000	0,185852
8251,375000	0,139771
8251,500000	0,139465
8251,625000	0,154114
8251,750000	0,156860
8251,875000	0,157471
8252,000000	0,169067
8252,125000	0,166626
8252,250000	0,123291
8252,375000	0,120850
8252,500000	0,113831
8252,625000	0,114746
8252,750000	0,154114
8252,875000	0,124512
8253,000000	0,103150
8253,125000	0,112000
8253,250000	0,112000
8253,375000	0,129700
8253,500000	0,131531
8253,625000	0,091858
8253,750000	0,093384
8253,875000	0,083618
8254,000000	0,119934
8254,125000	0,105286
8254,250000	0,095215
8254,375000	0,095520
8254,500000	0,083618
8254,625000	0,087891
8254,750000	0,103150
8254,875000	0,104065
8255,000000	0,082092
8255,125000	0,094299
8255,250000	0,094299
8255,375000	0,101624
8255,500000	0,102234
8255,625000	0,084534
8255,750000	0,123901
8255,875000	0,097656
8256,000000	0,086365
8256,125000	0,087280
8256,250000	0,096741
8256,375000	0,061340
8256,500000	0,105286
8256,625000	0,106201
8256,750000	0,096436
8256,875000	0,090332
8257,000000	0,094605
8257,125000	0,090942
8257,250000	0,090332
8257,375000	0,061035
8257,500000	0,126038
8257,625000	0,087586
8257,750000	0,089111
8257,875000	0,090637
8258,000000	0,084229
8258,125000	0,059204
8258,250000	0,070191
8258,375000	0,071106
8258,500000	0,082092
8258,625000	0,052490
8258,750000	0,034790
8258,875000	0,058899
8259,000000	0,066528
8259,125000	0,051270
8259,250000	0,044251
8259,375000	0,014038
8259,500000	0,015259
8259,625000	0,050049
8259,750000	0,045776
8259,875000	0,040894
8260,000000	0,036011
8260,125000	0,034485
8260,250000	0,057373
8260,375000	0,059204
8260,500000	0,025330
8260,625000	0,025330
8260,750000	0,066223
8260,875000	0,042114
8261,000000	0,002441
8261,125000	0,011292
8261,250000	0,010986
8261,375000	0,034485
8261,500000	-0,013428
8261,625000	0,028992
8261,750000	0,029602
8261,875000	0,029297
8262,000000	0,064392
8262,125000	0,003662
8262,250000	-0,001831
8262,375000	-0,003357
8262,500000	0,037842
8262,625000	0,010071
8262,750000	-0,036621
8262,875000	0,013428
8263,000000	0,059815
8263,125000	-0,017395
8263,250000	0,029297
8263,375000	-0,011291
8263,500000	-0,010681
8263,625000	0,000610
8263,750000	0,028687
8263,875000	0,031738
8264,000000	0,023193
8264,125000	0,023193
8264,250000	0,028687
8264,375000	-0,024719
8264,500000	0,011292
8264,625000	0,011292
8264,750000	0,019226
8264,875000	-0,020142
8265,000000	0,010681
8265,125000	-0,022888
8265,250000	-0,023804
8265,375000	-0,009766
8265,500000	0,009461
8265,625000	-0,009460
8265,750000	-0,007019
8265,875000	-0,020447
8266,000000	-0,039062
8266,125000	-0,054016
8266,250000	0,017700
8266,375000	0,018921
8266,500000	-0,038452
8266,625000	-0,034485
8266,750000	-0,040283
8266,875000	-0,039673
8267,000000	-0,044556
8267,125000	-0,038757
8267,250000	-0,042725
8267,375000	-0,068970
8267,500000	-0,067139
8267,625000	-0,053406
8267,750000	-0,061340
8267,875000	-0,060425
8268,000000	-0,059509
8268,125000	-0,077820
8268,250000	-0,080566
8268,375000	-0,081787
8268,500000	-0,046387
8268,625000	-0,046387
8268,750000	-0,064087
8268,875000	-0,072327
8269,000000	-0,057373
8269,125000	-0,078735
8269,250000	-0,070801
8269,375000	-0,075378
8269,500000	-0,070190
8269,625000	-0,061951
8269,750000	-0,061035
8269,875000	-0,081177
8270,000000	-0,077209
8270,125000	-0,079956
8270,250000	-0,115356
8270,375000	-0,117187
8270,500000	-0,084228
8270,625000	-0,082397
8270,750000	-0,134582
8270,875000	-0,130920
8271,000000	-0,088501
8271,125000	-0,092773
8271,250000	-0,108032
8271,375000	-0,111999
8271,500000	-0,112610
8271,625000	-0,121765
8271,750000	-0,071106
8271,875000	-0,102844
8272,000000	-0,099792
8272,125000	-0,102234
8272,250000	-0,085144
8272,375000	-0,116272
8272,500000	-0,103760
8272,625000	-0,103149
8272,750000	-0,109558
8272,875000	-0,125122
8273,000000	-0,173950
8273,125000	-0,171509
8273,250000	-0,120239
8273,375000	-0,120544
8273,500000	-0,108642
8273,625000	-0,140686
8273,750000	-0,139160
8273,875000	-0,144958
8274,000000	-0,138245
8274,125000	-0,165405
8274,250000	-0,185547
8274,375000	-0,187378
8274,500000	-0,165710
8274,625000	-0,127563
8274,750000	-0,169983
8274,875000	-0,167541
8275,000000	-0,120239
8275,125000	-0,142822
8275,250000	-0,170288
8275,375000	-0,180664
8275,500000	-0,181274
8275,625000	-0,139160
8275,750000	-0,164490
8275,875000	-0,170288
8276,000000	-0,166626
8276,125000	-0,172424
8276,250000	-0,133667
8276,375000	-0,189819
8276,500000	-0,188599
8276,625000	-0,187683
8276,750000	-0,182800
8276,875000	-0,204468
8277,000000	-0,169983
8277,125000	-0,167541
8277,250000	-0,187988
8277,375000	-0,195618
8277,500000	-0,181580
8277,625000	-0,185242
8277,750000	-0,184326
8277,875000	-0,155029
8278,000000	-0,202942
8278,125000	-0,215454
8278,250000	-0,169372
8278,375000	-0,171814
8278,500000	-0,163269
8278,625000	-0,201721
8278,750000	-0,218201
8278,875000	-0,214538
8279,000000	-0,169678
8279,125000	-0,191345
8279,250000	-0,183716
8279,375000	-0,211792
8279,500000	-0,210571
8279,625000	-0,187683
8279,750000	-0,209045
8279,875000	-0,218506
8280,000000	-0,216370
8280,125000	-0,228882
8280,250000	-0,211792
8280,375000	-0,190735
8280,500000	-0,217895
8280,625000	-0,216370
8280,750000	-0,213013
8280,875000	-0,231018
8281,000000	-0,227356
8281,125000	-0,223999
8281,250000	-0,230713
8281,375000	-0,213928
8281,500000	-0,218506
8281,625000	-0,210571
8281,750000	-0,209656
8281,875000	-0,227051
8282,000000	-0,228882
8282,125000	-0,220642
8282,250000	-0,255432
8282,375000	-0,249634
8282,500000	-0,224304
8282,625000	-0,239258
8282,750000	-0,291138
8282,875000	-0,290222
8283,000000	-0,265198
8283,125000	-0,242309
8283,250000	-0,240173
8283,375000	-0,217895
8283,500000	-0,215759
8283,625000	-0,262146
8283,750000	-0,290527
8283,875000	-0,266724
8284,000000	-0,262451
8284,125000	-0,254211
8284,250000	-0,261536
8284,375000	-0,235901
8284,500000	-0,266113
8284,625000	-0,264587
8284,750000	-0,266418
8284,875000	-0,277405
8285,000000	-0,265808
8285,125000	-0,267944
8285,250000	-0,271606
8285,375000	-0,305481
8285,500000	-0,269165
8285,625000	-0,294189
8285,750000	-0,293884
8285,875000	-0,278625
8286,000000	-0,294189
8286,125000	-0,296020
8286,250000	-0,320740
8286,375000	-0,320129
8286,500000	-0,340881
8286,625000	-0,276794
8286,750000	-0,337219
8286,875000	-0,335693
8287,000000	-0,310059
8287,125000	-0,323486
8287,250000	-0,297851
8287,375000	-0,345154
8287,500000	-0,344543
8287,625000	-0,282288
8287,750000	-0,300598
8287,875000	-0,288391
8288,000000	-0,285644
8288,125000	-0,292053
8288,250000	-0,319214
8288,375000	-0,321655
8288,500000	-0,332642
8288,625000	-0,330505
8288,750000	-0,284119
8288,875000	-0,362854
8289,000000	-0,329895
8289,125000	-0,352478
8289,250000	-0,333252
8289,375000	-0,328674
8289,500000	-0,324707
8289,625000	-0,314331
8289,750000	-0,311279
8289,875000	-0,373535
8290,000000	-0,313415
8290,125000	-0,337219
8290,250000	-0,337524
8290,375000	-0,340271
8290,500000	-0,320740
8290,625000	-0,285339
8290,750000	-0,316162
8290,875000	-0,313721
8291,000000	-0,337219
8291,125000	-0,347595
8291,250000	-0,348511
8291,375000	-0,361938
8291,500000	-0,362244
8291,625000	-0,406189
8291,750000	-0,334473
8291,875000	-0,335388
8292,000000	-0,333252
8292,125000	-0,337830
8292,250000	-0,342102
8292,375000	-0,338135
8292,500000	-0,334778
8292,625000	-0,334473
8292,750000	-0,356445
8292,875000	-0,379944
8293,000000	-0,355530
8293,125000	-0,357666
8293,250000	-0,347595
8293,375000	-0,374145
8293,500000	-0,396423
8293,625000	-0,403442
8293,750000	-0,402832
8293,875000	-0,366211
8294,000000	-0,387268
8294,125000	-0,366821
8294,250000	-0,363159
8294,375000	-0,366211
8294,500000	-0,352783
8294,625000	-0,386963
8294,750000	-0,396728
8294,875000	-0,395813
8295,000000	-0,386963
8295,125000	-0,361328
8295,250000	-0,388184
8295,375000	-0,387268
8295,500000	-0,385437
8295,625000	-0,378723
8295,750000	-0,414734
8295,875000	-0,356445
8296,000000	-0,354004
8296,125000	-0,402527
8296,250000	-0,385742
8296,375000	-0,427246
8296,500000	-0,418396
8296,625000	-0,418091
8296,750000	-0,365906
8296,875000	-0,421448
8297,000000	-0,429687
8297,125000	-0,422058
8297,250000	-0,419617
8297,375000	-0,429993
8297,500000	-0,371704
8297,625000	-0,412903
8297,750000	-0,411682
8297,875000	-0,363159
8298,000000	-0,416260
8298,125000	-0,410461
8298,250000	-0,429382
8298,375000	-0,433044
8298,500000	-0,401611
8298,625000	-0,425415
8298,750000	-0,417786
8298,875000	-0,417480
8299,000000	-0,423279
8299,125000	-0,404053
8299,250000	-0,410461
8299,375000	-0,349121
8299,500000	-0,400391
8299,625000	-0,398865
8299,750000	-0,386352
8299,875000	-0,417480
8300,000000	-0,415955
8300,125000	-0,413513
8300,250000	-0,433350
8300,375000	-0,419922
8300,500000	-0,427551
8300,625000	-0,429993
8300,750000	-0,440979
8300,875000	-0,422974
8301,000000	-0,419311
8301,125000	-0,417480
8301,250000	-0,487671
8301,375000	-0,440369
8301,500000	-0,425415
8301,625000	-0,422058
8301,750000	-0,421753
8301,875000	-0,449524
8302,000000	-0,432434
8302,125000	-0,438538
8302,250000	-0,437317
8302,375000	-0,445251
8302,500000	-0,443115
8302,625000	-0,451355
8302,750000	-0,395203
8302,875000	-0,393371
8303,000000	-0,433350
8303,125000	-0,477295
8303,250000	-0,467834
8303,375000	-0,462036
8303,500000	-0,449219
8303,625000	-0,466309
8303,750000	-0,434875
8303,875000	-0,431518
8304,000000	-0,430298
8304,125000	-0,468140
8304,250000	-0,436706
8304,375000	-0,472412
8304,500000	-0,447388
8304,625000	-0,450439
8304,750000	-0,471802
8304,875000	-0,459595
8305,000000	-0,481567
8305,125000	-0,480957
8305,250000	-0,496826
8305,375000	-0,425720
8305,500000	-0,440674
8305,625000	-0,502624
8305,750000	-0,501404
8305,875000	-0,480041
8306,000000	-0,514831
8306,125000	-0,435791
8306,250000	-0,433655
8306,375000	-0,450439
8306,500000	-0,485535
8306,625000	-0,474243
8306,750000	-0,485535
8306,875000	-0,487366
8307,000000	-0,516663
8307,125000	-0,471191
8307,250000	-0,475159
8307,375000	-0,492554
8307,500000	-0,494995
8307,625000	-0,469665
8307,750000	-0,467834
8307,875000	-0,497131
8308,000000	-0,494690
8308,125000	-0,529480
8308,250000	-0,469360
8308,375000	-0,497742
8308,500000	-0,499267
8308,625000	-0,498657
8308,750000	-0,482788
8308,875000	-0,516357
8309,000000	-0,494080
8309,125000	-0,493469
8309,250000	-0,471496
8309,375000	-0,500793
8309,500000	-0,494995
8309,625000	-0,523376
8309,750000	-0,521851
8309,875000	-0,492248
8310,000000	-0,514831
8310,125000	-0,494080
8310,250000	-0,490112
8310,375000	-0,498962
8310,500000	-0,506897
8310,625000	-0,514831
8310,750000	-0,513611
8310,875000	-0,514526
8311,000000	-0,508423
8311,125000	-0,475159
8311,250000	-0,475464
8311,375000	-0,533142
8311,500000	-0,535583
8311,625000	-0,527038
8311,750000	-0,508423
8311,875000	-0,534058
8312,000000	-0,531616
8312,125000	-0,544128
8312,250000	-0,513306
8312,375000	-0,487366
8312,500000	-0,518799
8312,625000	-0,519104
8312,750000	-0,504455
8312,875000	-0,476074
8313,000000	-0,538330
8313,125000	-0,535278
8313,250000	-0,533752
8313,375000	-0,505066
8313,500000	-0,519409
8313,625000	-0,525818
8313,750000	-0,527954
8313,875000	-0,508423
8314,000000	-0,538330
8314,125000	-0,526428
8314,250000	-0,522461
8314,375000	-0,504150
8314,500000	-0,504761
8314,625000	-0,537414
8314,750000	-0,516052
8314,875000	-0,516357
8315,000000	-0,512695
8315,125000	-0,529175
8315,250000	-0,536499
8315,375000	-0,544434
8315,500000	-0,548401
8315,625000	-0,568848
8315,750000	-0,524292
8315,875000	-0,515137
8316,000000	-0,514221
8316,125000	-0,501099
8316,250000	-0,512390
8316,375000	-0,527344
8316,500000	-0,549621
8316,625000	-0,549316
8316,750000	-0,546265
8316,875000	-0,529480
8317,000000	-0,536804
8317,125000	-0,537414
8317,250000	-0,536499
8317,375000	-0,521545
8317,500000	-0,576477
8317,625000	-0,539856
8317,750000	-0,538940
8317,875000	-0,523071
8318,000000	-0,538635
8318,125000	-0,547180
8318,250000	-0,543823
8318,375000	-0,545044
8318,500000	-0,517273
8318,625000	-0,580444
8318,750000	-0,544128
8318,875000	-0,543518
8319,000000	-0,546265
8319,125000	-0,555115
8319,250000	-0,557556
8319,375000	-0,550537
8319,500000	-0,553589
8319,625000	-0,529785
8319,750000	-0,556030
8319,875000	-0,549011
8320,000000	-0,548401
8320,125000	-0,556946
8320,250000	-0,565491
8320,375000	-0,571594
8320,500000	-0,533752
8320,625000	-0,533447
8320,750000	-0,576782
8320,875000	-0,562134
8321,000000	-0,565185
8321,125000	-0,563354
8321,250000	-0,562744
8321,375000	-0,535889
8321,500000	-0,557861
8321,625000	-0,570679
8321,750000	-0,577087
8321,875000	-0,577698
8322,000000	-0,548096
8322,125000	-0,595093
8322,250000	-0,592346
8322,375000	-0,536499
8322,500000	-0,545044
8322,625000	-0,565796
8322,750000	-0,552978
8322,875000	-0,549011
8323,000000	-0,579224
8323,125000	-0,576782
8323,250000	-0,571289
8323,375000	-0,570679
8323,500000	-0,553894
8323,625000	-0,567627
8323,750000	-0,533447
8323,875000	-0,575256
8324,000000	-0,576477
8324,125000	-0,571594
8324,250000	-0,543213
8324,375000	-0,544128
8324,500000	-0,539551
8324,625000	-0,574036
8324,750000	-0,576477
8324,875000	-0,610657
8325,000000	-0,517883
8325,125000	-0,514526
8325,250000	-0,570984
8325,375000	-0,546265
8325,500000	-0,591431
8325,625000	-0,622559
8325,750000	-0,625000
8325,875000	-0,587463
8326,000000	-0,592651
8326,125000	-0,600586
8326,250000	-0,601196
8326,375000	-0,610657
8326,500000	-0,567322
8326,625000	-0,582580
8326,750000	-0,621338
8326,875000	-0,621948
8327,000000	-0,617065
8327,125000	-0,577392
8327,250000	-0,598144
8327,375000	-0,512390
8327,500000	-0,571899
8327,625000	-0,629883
8327,750000	-0,573120
8327,875000	-0,591431
8328,000000	-0,591736
8328,125000	-0,592956
8328,250000	-0,596313
8328,375000	-0,581360
8328,500000	-0,580444
8328,625000	-0,582580
8328,750000	-0,575256
8328,875000	-0,606079
8329,000000	-0,602417
8329,125000	-0,603027
8329,250000	-0,586548
8329,375000	-0,628662
8329,500000	-0,582886
8329,625000	-0,593262
8329,750000	-0,593567
8329,875000	-0,568237
8330,000000	-0,595093
8330,125000	-0,573730
8330,250000	-0,573730
8330,375000	-0,612793
8330,500000	-0,613098
8330,625000	-0,589600
8330,750000	-0,576477
8330,875000	-0,576477
8331,000000	-0,584106
8331,125000	-0,630493
8331,250000	-0,598450
8331,375000	-0,599060
8331,500000	-0,561829
8331,625000	-0,605774
8331,750000	-0,576782
8331,875000	-0,578918
8332,000000	-0,578613
8332,125000	-0,573730
8332,250000	-0,562439
8332,375000	-0,607910
8332,500000	-0,605469
8332,625000	-0,574341
8332,750000	-0,621033
8332,875000	-0,598755
8333,000000	-0,613708
8333,125000	-0,614929
8333,250000	-0,600891
8333,375000	-0,573730
8333,500000	-0,625610
8333,625000	-0,664673
8333,750000	-0,640259
8333,875000	-0,606995
8334,000000	-0,600281
8334,125000	-0,659180
8334,250000	-0,660095
8334,375000	-0,588684
8334,500000	-0,603638
8334,625000	-0,643310
8334,750000	-0,618591
8334,875000	-0,619812
8335,000000	-0,610657
8335,125000	-0,577087
8335,250000	-0,585937
8335,375000	-0,585022
8335,500000	-0,606384
8335,625000	-0,614319
8335,750000	-0,604553
8335,875000	-0,584717
8336,000000	-0,582886
8336,125000	-0,600586
8336,250000	-0,599670
8336,375000	-0,580749
8336,500000	-0,577087
8336,625000	-0,614014
8336,750000	-0,645447
8336,875000	-0,617676
8337,000000	-0,608215
8337,125000	-0,609131
8337,250000	-0,675354
8337,375000	-0,609436
8337,500000	-0,603027
8337,625000	-0,601196
8337,750000	-0,576172
8337,875000	-0,621033
8338,000000	-0,590515
8338,125000	-0,630493
8338,250000	-0,632019
8338,375000	-0,603027
8338,500000	-0,681763
8338,625000	-0,589600
8338,750000	-0,636597
8338,875000	-0,639343
8339,000000	-0,639954
8339,125000	-0,658569
8339,250000	-0,633850
8339,375000	-0,633545
8339,500000	-0,617065
8339,625000	-0,616455
8339,750000	-0,623779
8339,875000	-0,604858
8340,000000	-0,605163
8340,125000	-0,610046
8340,250000	-0,629272
8340,375000	-0,554809
8340,500000	-0,602417
8340,625000	-0,606079
8340,750000	-0,653076
8340,875000	-0,635071
8341,000000	-0,647888
8341,125000	-0,645752
8341,250000	-0,646362
8341,375000	-0,662231
8341,500000	-0,618286
8341,625000	-0,624084
8341,750000	-0,623169
8341,875000	-0,640564
8342,000000	-0,602417
8342,125000	-0,614014
8342,250000	-0,613403
8342,375000	-0,570373
8342,500000	-0,639038
8342,625000	-0,647888
8342,750000	-0,605469
8342,875000	-0,605163
8343,000000	-0,617065
8343,125000	-0,656128
8343,250000	-0,608826
8343,375000	-0,605469
8343,500000	-0,645447
8343,625000	-0,640259
8343,750000	-0,643616
8343,875000	-0,667725
8344,000000	-0,668945
8344,125000	-0,624390
8344,250000	-0,639343
8344,375000	-0,672913
8344,500000	-0,659180
8344,625000	-0,651550
8344,750000	-0,631409
8344,875000	-0,628662
8345,000000	-0,657959
8345,125000	-0,656433
8345,250000	-0,644226
8345,375000	-0,627746
8345,500000	-0,623169
8345,625000	-0,639343
8345,750000	-0,639038
8345,875000	-0,631409
8346,000000	-0,615845
8346,125000	-0,618591
8346,250000	-0,619507
8346,375000	-0,646362
8346,500000	-0,613708
8346,625000	-0,644836
8346,750000	-0,634155
8346,875000	-0,635071
8347,000000	-0,642395
8347,125000	-0,630188
8347,250000	-0,649414
8347,375000	-0,646362
8347,500000	-0,632629
8347,625000	-0,645752
8347,750000	-0,653381
8347,875000	-0,641174
8348,000000	-0,642700
8348,125000	-0,644226
8348,250000	-0,661621
8348,375000	-0,658264
8348,500000	-0,657654
8348,625000	-0,680542
8348,750000	-0,661621
8348,875000	-0,619507
8349,000000	-0,654907
8349,125000	-0,654297
8349,250000	-0,664368
8349,375000	-0,639954
8349,500000	-0,663757
8349,625000	-0,632934
8349,750000	-0,636597
8349,875000	-0,664062
8350,000000	-0,653686
8350,125000	-0,614929
8350,250000	-0,614929
8350,375000	-0,639038
8350,500000	-0,660705
8350,625000	-0,635376
8350,750000	-0,643616
8350,875000	-0,645752
8351,000000	-0,615539
8351,125000	-0,650635
8351,250000	-0,674438
8351,375000	-0,673828
8351,500000	-0,625610
8351,625000	-0,658264
8351,750000	-0,662231
8351,875000	-0,664978
8352,000000	-0,665283
8352,125000	-0,626526
8352,250000	-0,654907
8352,375000	-0,695190
8352,500000	-0,692749
8352,625000	-0,640869
8352,750000	-0,640869
8352,875000	-0,627136
8353,000000	-0,638733
8353,125000	-0,639648
8353,250000	-0,649719
8353,375000	-0,607605
8353,500000	-0,658874
8353,625000	-0,659180
8353,750000	-0,635681
8353,875000	-0,654602
8354,000000	-0,666504
8354,125000	-0,646362
8354,250000	-0,645447
8354,375000	-0,657349
8354,500000	-0,654297
8354,625000	-0,686951
8354,750000	-0,665588
8354,875000	-0,642395
8355,000000	-0,634460
8355,125000	-0,648804
8355,250000	-0,643005
8355,375000	-0,643005
8355,500000	-0,690308
8355,625000	-0,640869
8355,750000	-0,634155
8355,875000	-0,670776
8356,000000	-0,672302
8356,125000	-0,678406
8356,250000	-0,650024
8356,375000	-0,675964
8356,500000	-0,675354
8356,625000	-0,645752
8356,750000	-0,657043
8356,875000	-0,651245
8357,000000	-0,629578
8357,125000	-0,631103
8357,250000	-0,649109
8357,375000	-0,706177
8357,500000	-0,657654
8357,625000	-0,658264
8357,750000	-0,668945
8357,875000	-0,607605
8358,000000	-0,682678
8358,125000	-0,682373
8358,250000	-0,682678
8358,375000	-0,633240
8358,500000	-0,673523
8358,625000	-0,656128
8358,750000	-0,651245
8358,875000	-0,632934
8359,000000	-0,649414
8359,125000	-0,657654
8359,250000	-0,655517
8359,375000	-0,654602
8359,500000	-0,635376
8359,625000	-0,656433
8359,750000	-0,631409
8359,875000	-0,670776
8360,000000	-0,671997
8360,125000	-0,633850
8360,250000	-0,645447
8360,375000	-0,658264
8360,500000	-0,656738
8360,625000	-0,646667
8360,750000	-0,632324
8360,875000	-0,641174
8361,000000	-0,649719
8361,125000	-0,647583
8361,250000	-0,678711
8361,375000	-0,635071
8361,500000	-0,666199
8361,625000	-0,665588
8361,750000	-0,639648
8361,875000	-0,681457
8362,000000	-0,632324
8362,125000	-0,659790
8362,250000	-0,661316
8362,375000	-0,644531
8362,500000	-0,640869
8362,625000	-0,693054
8362,750000	-0,689697
8362,875000	-0,678101
8363,000000	-0,644226
8363,125000	-0,639648
8363,250000	-0,658874
8363,375000	-0,658264
8363,500000	-0,694275
8363,625000	-0,653686
8363,750000	-0,616760
8363,875000	-0,686951
8364,000000	-0,691833
8364,125000	-0,657349
8364,250000	-0,646362
8364,375000	-0,672607
8364,500000	-0,673523
8364,625000	-0,663452
8364,750000	-0,681457
8364,875000	-0,659180
8365,000000	-0,691528
8365,125000	-0,689392
8365,250000	-0,657043
8365,375000	-0,696716
8365,500000	-0,655212
8365,625000	-0,652466
8365,750000	-0,628662
8365,875000	-0,677795
8366,000000	-0,667114
8366,125000	-0,658264
8366,250000	-0,657349
8366,375000	-0,644531
8366,500000	-0,683899
8366,625000	-0,657959
8366,750000	-0,655212
8366,875000	-0,692444
8367,000000	-0,659790
8367,125000	-0,640869
8367,250000	-0,620422
8367,375000	-0,619202
8367,500000	-0,656128
8367,625000	-0,672302
8367,750000	-0,682373
8367,875000	-0,677185
8368,000000	-0,682068
8368,125000	-0,652161
8368,250000	-0,650635
8368,375000	-0,649719
8368,500000	-0,650330
8368,625000	-0,664062
8368,750000	-0,657043
8368,875000	-0,626526
8369,000000	-0,670471
8369,125000	-0,668640
8369,250000	-0,650940
8369,375000	-0,664368
8369,500000	-0,645447
8369,625000	-0,610657
8369,750000	-0,649109
8369,875000	-0,655823
8370,000000	-0,672607
8370,125000	-0,680237
8370,250000	-0,680847
8370,375000	-0,678101
8370,500000	-0,674744
8370,625000	-0,648498
8370,750000	-0,689697
8370,875000	-0,689697
8371,000000	-0,660705
8371,125000	-0,693054
8371,250000	-0,657959
8371,375000	-0,658264
8371,500000	-0,667114
8371,625000	-0,697632
8371,750000	-0,665283
8371,875000	-0,673828
8372,000000	-0,673523
8372,125000	-0,677490
8372,250000	-0,663147
8372,375000	-0,653686
8372,500000	-0,652771
8372,625000	-0,667725
8372,750000	-0,675049
8372,875000	-0,668945
8373,000000	-0,676269
8373,125000	-0,676269
8373,250000	-0,667419
8373,375000	-0,651245
8373,500000	-0,741882
8373,625000	-0,738830
8373,750000	-0,639343
8373,875000	-0,680237
8374,000000	-0,651550
8374,125000	-0,669861
8374,250000	-0,670471
8374,375000	-0,676575
8374,500000	-0,655517
8374,625000	-0,654602
8374,750000	-0,666504
8374,875000	-0,671081
8375,000000	-0,664978
8375,125000	-0,715332
8375,250000	-0,699768
8375,375000	-0,699158
8375,500000	-0,665893
8375,625000	-0,671387
8375,750000	-0,655212
8375,875000	-0,639343
8376,000000	-0,637512
8376,125000	-0,646973
8376,250000	-0,657349
8376,375000	-0,668640
8376,500000	-0,666199
8376,625000	-0,647888
8376,750000	-0,653076
8376,875000	-0,647583
8377,000000	-0,665588
8377,125000	-0,665283
8377,250000	-0,664978
8377,375000	-0,710144
8377,500000	-0,682983
8377,625000	-0,680237
8377,750000	-0,700073
8377,875000	-0,715637
8378,000000	-0,672607
8378,125000	-0,661316
8378,250000	-0,659790
8378,375000	-0,683288
8378,500000	-0,679016
8378,625000	-0,660705
8378,750000	-0,628357
8378,875000	-0,630798
8379,000000	-0,671081
8379,125000	-0,638733
8379,250000	-0,682983
8379,375000	-0,683899
8379,500000	-0,695496
8379,625000	-0,679016
8379,750000	-0,681457
8379,875000	-0,646057
8380,000000	-0,644836
8380,125000	-0,622864
8380,250000	-0,652771
8380,375000	-0,673218
8380,500000	-0,673523
8380,625000	-0,650635
8380,750000	-0,679626
8380,875000	-0,672913
8381,000000	-0,654907
8381,125000	-0,653381
8381,250000	-0,708923
8381,375000	-0,662842
8381,500000	-0,667419
8381,625000	-0,664673
8381,750000	-0,672913
8381,875000	-0,640869
8382,000000	-0,697021
8382,125000	-0,667419
8382,250000	-0,665283
8382,375000	-0,678406
8382,500000	-0,675354
8382,625000	-0,664062
8382,750000	-0,642395
8382,875000	-0,648193
8383,000000	-0,671081
8383,125000	-0,691528
8383,250000	-0,674438
8383,375000	-0,675659
8383,500000	-0,671387
8383,625000	-0,644836
8383,750000	-0,699158
8383,875000	-0,696411
8384,000000	-0,648804
8384,125000	-0,668030
8384,250000	-0,679016
8384,375000	-0,676880
8384,500000	-0,676575
8384,625000	-0,641785
8384,750000	-0,664368
8384,875000	-0,657959
8385,000000	-0,630798
8385,125000	-0,635071
8385,250000	-0,659180
8385,375000	-0,699768
8385,500000	-0,694275
8385,625000	-0,693664
8385,750000	-0,679626
8385,875000	-0,656738
8386,000000	-0,682983
8386,125000	-0,681763
8386,250000	-0,679016
8386,375000	-0,666199
8386,500000	-0,661621
8386,625000	-0,651855
8386,750000	-0,650024
8386,875000	-0,705872
8387,000000	-0,668640
8387,125000	-0,665283
8387,250000	-0,687866
8387,375000	-0,686340
8387,500000	-0,663452
8387,625000	-0,628357
8387,750000	-0,661926
8387,875000	-0,667419
8388,000000	-0,667725
8388,125000	-0,701904
8388,250000	-0,659485
8388,375000	-0,649719
8388,500000	-0,647888
8388,625000	-0,673523
8388,750000	-0,680542
8388,875000	-0,652771
8389,000000	-0,668640
8389,125000	-0,669861
8389,250000	-0,675659
8389,375000	-0,662537
8389,500000	-0,679321
8389,625000	-0,677185
8389,750000	-0,690308
8389,875000	-0,705566
8390,000000	-0,668640
8390,125000	-0,668945
8390,250000	-0,670471
8390,375000	-0,694885
8390,500000	-0,698242
8390,625000	-0,652161
8390,750000	-0,607300
8390,875000	-0,653381
8391,000000	-0,680542
8391,125000	-0,651855
8391,250000	-0,671692
8391,375000	-0,672607
8391,500000	-0,631714
8391,625000	-0,681763
8391,750000	-0,660095
8391,875000	-0,661621
8392,000000	-0,663452
8392,125000	-0,667114
8392,250000	-0,664062
8392,375000	-0,668030
8392,500000	-0,668945
8392,625000	-0,699768
8392,750000	-0,663452
8392,875000	-0,657349
8393,000000	-0,684814
8393,125000	-0,685425
8393,250000	-0,656433
8393,375000	-0,673218
8393,500000	-0,653076
8393,625000	-0,653076
8393,750000	-0,663452
8393,875000	-0,671081
8394,000000	-0,632934
8394,125000	-0,676575
8394,250000	-0,677185
8394,375000	-0,689392
8394,500000	-0,670471
8394,625000	-0,669556
8394,750000	-0,664368
8394,875000	-0,682678
8395,000000	-0,675659
8395,125000	-0,694885
8395,250000	-0,691833
8395,375000	-0,693970
8395,500000	-0,700073
8395,625000	-0,646667
8395,750000	-0,674133
8395,875000	-0,661926
8396,000000	-0,665283
8396,125000	-0,680542
8396,250000	-0,653381
8396,375000	-0,642700
8396,500000	-0,640564
8396,625000	-0,673828
8396,750000	-0,660400
8396,875000	-0,653992
8397,000000	-0,669556
8397,125000	-0,668030
8397,250000	-0,651245
8397,375000	-0,642700
8397,500000	-0,697937
8397,625000	-0,697937
8397,750000	-0,632934
8397,875000	-0,631103
8398,000000	-0,638733
8398,125000	-0,620422
8398,250000	-0,621643
8398,375000	-0,641479
8398,500000	-0,662231
8398,625000	-0,663147
8398,750000	-0,662537
8398,875000	-0,661621
8399,000000	-0,700378
8399,125000	-0,673523
8399,250000	-0,635681
8399,375000	-0,635376
8399,500000	-0,625305
8399,625000	-0,642395
8399,750000	-0,689087
8399,875000	-0,689697
8400,000000	-0,694580
