Zeitstempel: 18.9.2013 11:27:50
Signalquelle: Analysator
Abtastrate: 20000.00 Hz
Modus: TIME


Bemerkung: Frequenzzaehler 4706.795

Zeit in s	Analysatorsignal in V
0.000000	0.000610
0.000050	-0.005188
0.000100	0.002441
0.000150	0.006714
0.000200	-0.001221
0.000250	0.008545
0.000300	0.009155
0.000350	-0.012512
0.000400	-0.004272
0.000450	-0.006103
0.000500	-0.009766
0.000550	-0.007324
0.000600	0.000610
0.000650	-0.006409
0.000700	-0.005493
0.000750	-0.008545
0.000800	-0.019836
0.000850	-0.019226
0.000900	-0.009155
0.000950	-0.012817
0.001000	-0.021057
0.001050	-0.022583
0.001100	-0.035095
0.001150	-0.029602
0.001200	-0.036621
0.001250	-0.038452
0.001300	-0.036926
0.001350	-0.033874
0.001400	-0.038757
0.001450	-0.052185
0.001500	-0.054932
0.001550	-0.066223
0.001600	-0.082092
0.001650	-0.081177
0.001700	-0.095825
0.001750	-0.106201
0.001800	-0.118103
0.001850	-0.128479
0.001900	-0.152893
0.001950	-0.175476
0.002000	-0.187683
0.002050	-0.194092
0.002100	-0.189819
0.002150	-0.198059
0.002200	-0.235290
0.002250	-0.250549
0.002300	-0.267639
0.002350	-0.281372
0.002400	-0.296020
0.002450	-0.308838
0.002500	-0.327454
0.002550	-0.343017
0.002600	-0.356140
0.002650	-0.379944
0.002700	-0.398865
0.002750	-0.413818
0.002800	-0.425415
0.002850	-0.437622
0.002900	-0.466919
0.002950	-0.484619
0.003000	-0.486450
0.003050	-0.493774
0.003100	-0.508728
0.003150	-0.513306
0.003200	-0.516357
0.003250	-0.521545
0.003300	-0.530090
0.003350	-0.527344
0.003400	-0.529785
0.003450	-0.520935
0.003500	-0.516052
0.003550	-0.508728
0.003600	-0.505066
0.003650	-0.508423
0.003700	-0.509949
0.003750	-0.501709
0.003800	-0.484924
0.003850	-0.477295
0.003900	-0.468140
0.003950	-0.452881
0.004000	-0.442810
0.004050	-0.425415
0.004100	-0.404968
0.004150	-0.392761
0.004200	-0.380859
0.004250	-0.349426
0.004300	-0.326843
0.004350	-0.320434
0.004400	-0.302124
0.004450	-0.275268
0.004500	-0.245666
0.004550	-0.231018
0.004600	-0.207519
0.004650	-0.188293
0.004700	-0.173950
0.004750	-0.165710
0.004800	-0.143738
0.004850	-0.126648
0.004900	-0.103760
0.004950	-0.093079
0.005000	-0.078430
0.005050	-0.064392
0.005100	-0.045166
0.005150	-0.028381
0.005200	-0.011902
0.005250	-0.013122
0.005300	-0.012207
0.005350	-0.009155
0.005400	-0.017090
0.005450	-0.028992
0.005500	-0.030823
0.005550	-0.045471
0.005600	-0.040893
0.005650	-0.038452
0.005700	-0.042419
0.005750	-0.053406
0.005800	-0.065918
0.005850	-0.074768
0.005900	-0.091858
0.005950	-0.133057
0.006000	-0.139465
0.006050	-0.148315
0.006100	-0.171814
0.006150	-0.185547
0.006200	-0.205383
0.006250	-0.230102
0.006300	-0.249329
0.006350	-0.267334
0.006400	-0.265808
0.006450	-0.261230
0.006500	-0.258484
0.006550	-0.241394
0.006600	-0.217285
0.006650	-0.199280
0.006700	-0.165710
0.006750	-0.135193
0.006800	-0.101013
0.006850	-0.067139
0.006900	-0.033874
0.006950	0.005493
0.007000	0.003052
0.007050	-0.005798
0.007100	0.008850
0.007150	-0.001221
0.007200	-0.008240
0.007250	0.002136
0.007300	0.014343
0.007350	0.013123
0.007400	0.013733
0.007450	0.022278
0.007500	0.030212
0.007550	0.009461
0.007600	0.010986
0.007650	0.028381
0.007700	0.016174
0.007750	0.023499
0.007800	0.033875
0.007850	0.020752
0.007900	0.028687
0.007950	0.023193
0.008000	0.016785
0.008050	0.016480
0.008100	0.015564
0.008150	0.043640
0.008200	0.038757
0.008250	0.020142
0.008300	0.008240
0.008350	0.026856
0.008400	0.024109
0.008450	0.029602
0.008500	0.033569
0.008550	0.022583
0.008600	0.015259
0.008650	0.031128
0.008700	0.032349
0.008750	0.026550
0.008800	0.018921
0.008850	0.029602
0.008900	0.037232
0.008950	0.028992
0.009000	0.017090
0.009050	0.025330
0.009100	0.032044
0.009150	0.015259
0.009200	0.028687
0.009250	0.025940
0.009300	0.020447
0.009350	0.036926
0.009400	0.024719
0.009450	0.012512
0.009500	0.023804
0.009550	0.039368
0.009600	0.024109
0.009650	0.022278
0.009700	0.034180
0.009750	0.029602
0.009800	0.028076
0.009850	0.031128
0.009900	0.029297
0.009950	0.024414
0.010000	0.024109
0.010050	0.027771
0.010100	0.018005
0.010150	0.034790
0.010200	0.027771
0.010250	0.020142
0.010300	0.035706
0.010350	0.030518
0.010400	0.024109
0.010450	0.032044
0.010500	0.033875
0.010550	0.023193
0.010600	0.027466
0.010650	0.031128
0.010700	0.021362
0.010750	0.018005
0.010800	0.031128
0.010850	0.034180
0.010900	0.027771
0.010950	0.022278
0.011000	0.037537
0.011050	0.024719
0.011100	0.012512
0.011150	0.025635
0.011200	0.021057
0.011250	0.015259
0.011300	0.026550
0.011350	0.037232
0.011400	0.006409
0.011450	0.014343
0.011500	0.019531
0.011550	0.009766
0.011600	0.020752
0.011650	0.020447
0.011700	0.023193
0.011750	0.034485
0.011800	0.017090
0.011850	0.016785
0.011900	0.027161
0.011950	0.014038
0.012000	0.010986
0.012050	0.032349
0.012100	0.025940
0.012150	0.019226
0.012200	0.031128
0.012250	0.017700
0.012300	0.012207
0.012350	0.021362
0.012400	0.021973
0.012450	0.032044
0.012500	0.028992
0.012550	0.015259
0.012600	0.024414
0.012650	0.021362
0.012700	0.017700
0.012750	0.023804
0.012800	0.029297
0.012850	0.019531
0.012900	0.026550
0.012950	0.022278
0.013000	0.025330
0.013050	0.033264
0.013100	0.016785
0.013150	0.024719
0.013200	0.032959
0.013250	0.019531
0.013300	0.018311
0.013350	0.028381
0.013400	0.017700
0.013450	0.012512
0.013500	0.037537
0.013550	0.026550
0.013600	0.012207
0.013650	0.027771
0.013700	0.024414
0.013750	0.024109
0.013800	0.019226
0.013850	0.018616
0.013900	0.032044
0.013950	0.024719
0.014000	0.017700
0.014050	0.023499
0.014100	0.014954
0.014150	0.019531
0.014200	0.027771
0.014250	0.020752
0.014300	0.023193
0.014350	0.011902
0.014400	0.029907
0.014450	0.031433
0.014500	0.023804
0.014550	0.028076
0.014600	0.016480
0.014650	0.023193
0.014700	0.017090
0.014750	0.016174
0.014800	0.025330
0.014850	0.023193
0.014900	0.016785
0.014950	0.026245
0.015000	0.020752
0.015050	0.013733
0.015100	0.013733
0.015150	0.026245
0.015200	0.005493
0.015250	0.012817
0.015300	0.023499
0.015350	0.016174
0.015400	0.020752
0.015450	0.023499
0.015500	0.013428
0.015550	0.022583
0.015600	0.018311
0.015650	0.020752
0.015700	0.020752
0.015750	0.024414
0.015800	0.018311
0.015850	0.016174
0.015900	0.024719
0.015950	0.030823
0.016000	0.016480
0.016050	0.012817
0.016100	0.016480
0.016150	0.020447
0.016200	0.015869
0.016250	0.018921
0.016300	0.008545
0.016350	0.006104
0.016400	0.025635
0.016450	0.018311
0.016500	0.006714
0.016550	0.015259
0.016600	0.012817
0.016650	0.010681
0.016700	0.021362
0.016750	0.009461
0.016800	0.007324
0.016850	0.011902
0.016900	0.027161
0.016950	0.012512
0.017000	0.010071
0.017050	0.013123
0.017100	0.004578
0.017150	0.019837
0.017200	0.012512
0.017250	0.011292
0.017300	0.012817
0.017350	0.015259
0.017400	0.013428
0.017450	0.019837
0.017500	0.006409
0.017550	0.001221
0.017600	-0.001831
0.017650	0.027466
0.017700	0.010681
0.017750	0.006104
0.017800	0.010071
0.017850	0.008850
0.017900	0.006409
0.017950	0.001221
0.018000	0.010986
0.018050	0.015564
0.018100	0.005798
0.018150	0.010071
0.018200	0.006104
0.018250	0.001831
0.018300	0.018311
0.018350	0.019531
0.018400	0.002441
0.018450	0.014038
0.018500	-0.000610
0.018550	0.014343
0.018600	0.015869
0.018650	0.006409
0.018700	0.012512
0.018750	0.010376
0.018800	0.007629
0.018850	0.010681
0.018900	0.010681
0.018950	0.010986
0.019000	0.000610
0.019050	0.007935
0.019100	0.003967
0.019150	0.006714
0.019200	0.016174
0.019250	-0.000610
0.019300	0.000305
0.019350	0.003662
0.019400	-0.005188
0.019450	0.014649
0.019500	0.015869
0.019550	0.007935
0.019600	-0.004578
0.019650	-0.000610
0.019700	0.013733
0.019750	-0.007324
0.019800	0.003967
0.019850	-0.010986
0.019900	0.001526
0.019950	0.015564
0.020000	-0.003967
0.020050	-0.007934
0.020100	0.008240
0.020150	-0.010376
0.020200	-0.005493
0.020250	0.009766
0.020300	-0.013122
0.020350	-0.010681
0.020400	0.002136
0.020450	-0.009155
0.020500	0.002441
0.020550	-0.005493
0.020600	-0.010376
0.020650	-0.010071
0.020700	-0.012512
0.020750	-0.015869
0.020800	-0.014343
0.020850	-0.016174
0.020900	-0.027161
0.020950	-0.035095
0.021000	-0.026550
0.021050	-0.025940
0.021100	-0.040283
0.021150	-0.036621
0.021200	-0.044861
0.021250	-0.055542
0.021300	-0.054321
0.021350	-0.059814
0.021400	-0.061951
0.021450	-0.077515
0.021500	-0.088501
0.021550	-0.081482
0.021600	-0.084228
0.021650	-0.091247
0.021700	-0.097046
0.021750	-0.113220
0.021800	-0.127563
0.021850	-0.130920
0.021900	-0.145264
0.021950	-0.166626
0.022000	-0.167541
0.022050	-0.193787
0.022100	-0.206909
0.022150	-0.223999
0.022200	-0.251465
0.022250	-0.274353
0.022300	-0.291748
0.022350	-0.308533
0.022400	-0.317383
0.022450	-0.332642
0.022500	-0.347900
0.022550	-0.350037
0.022600	-0.361938
0.022650	-0.388184
0.022700	-0.399475
0.022750	-0.415344
0.022800	-0.438232
0.022850	-0.452576
0.022900	-0.464477
0.022950	-0.482483
0.023000	-0.504150
0.023050	-0.508423
0.023100	-0.517883
0.023150	-0.525818
0.023200	-0.529785
0.023250	-0.530090
0.023300	-0.525818
0.023350	-0.529785
0.023400	-0.544434
0.023450	-0.533447
0.023500	-0.519409
0.023550	-0.529480
0.023600	-0.525818
0.023650	-0.508118
0.023700	-0.509643
0.023750	-0.509033
0.023800	-0.503235
0.023850	-0.486450
0.023900	-0.470276
0.023950	-0.475464
0.024000	-0.454407
0.024050	-0.444641
0.024100	-0.417786
0.024150	-0.407104
0.024200	-0.385132
0.024250	-0.363769
0.024300	-0.339966
0.024350	-0.310669
0.024400	-0.290527
0.024450	-0.278931
0.024500	-0.263672
0.024550	-0.244141
0.024600	-0.210266
0.024650	-0.189819
0.024700	-0.165405
0.024750	-0.148315
0.024800	-0.133057
0.024850	-0.101623
0.024900	-0.078125
0.024950	-0.066528
0.025000	-0.059204
0.025050	-0.043030
0.025100	-0.020752
0.025150	-0.019836
0.025200	-0.024109
0.025250	-0.021973
0.025300	-0.023804
0.025350	-0.019226
0.025400	-0.024109
0.025450	-0.013733
0.025500	-0.022583
0.025550	-0.032349
0.025600	-0.045776
0.025650	-0.046692
0.025700	-0.048828
0.025750	-0.055237
0.025800	-0.064697
0.025850	-0.078735
0.025900	-0.096130
0.025950	-0.076599
0.026000	-0.103455
0.026050	-0.127563
0.026100	-0.160522
0.026150	-0.191040
0.026200	-0.206299
0.026250	-0.224304
0.026300	-0.240784
0.026350	-0.254822
0.026400	-0.266418
0.026450	-0.264587
0.026500	-0.268555
0.026550	-0.249634
0.026600	-0.234070
0.026650	-0.212402
0.026700	-0.170898
0.026750	-0.129089
0.026800	-0.101318
0.026850	-0.061340
0.026900	-0.030517
0.026950	0.010986
0.027000	0.005798
0.027050	-0.006103
0.027100	-0.008850
0.027150	-0.008545
0.027200	-0.003357
0.027250	0.003967
0.027300	0.004578
0.027350	0.017700
0.027400	0.028992
0.027450	0.014649
0.027500	0.020447
0.027550	0.019531
0.027600	0.002136
0.027650	0.011902
0.027700	0.017090
0.027750	0.003662
0.027800	0.025940
0.027850	0.021668
0.027900	0.017090
0.027950	0.019531
0.028000	0.013733
0.028050	0.016785
0.028100	0.022278
0.028150	0.038757
0.028200	0.033569
0.028250	0.016480
0.028300	0.036621
0.028350	0.016785
0.028400	0.023499
0.028450	0.031433
0.028500	0.012207
0.028550	0.029602
0.028600	0.025330
0.028650	0.027466
0.028700	0.031433
0.028750	0.035400
0.028800	0.023804
0.028850	0.025635
0.028900	0.035400
0.028950	0.019226
0.029000	0.030823
0.029050	0.041809
0.029100	0.013123
0.029150	0.032654
0.029200	0.042725
0.029250	0.016174
0.029300	0.025025
0.029350	0.031738
0.029400	0.022888
0.029450	0.037842
0.029500	0.033875
0.029550	0.022888
0.029600	0.029907
0.029650	0.022278
0.029700	0.031433
0.029750	0.033264
0.029800	0.031128
0.029850	0.035400
0.029900	0.034790
0.029950	0.026856
0.030000	0.028687
0.030050	0.034180
0.030100	0.017395
0.030150	0.024719
0.030200	0.025330
0.030250	0.030823
0.030300	0.027161
0.030350	0.025025
0.030400	0.024109
0.030450	0.034485
0.030500	0.039673
0.030550	0.022888
0.030600	0.019531
0.030650	0.024719
0.030700	0.032654
0.030750	0.015564
0.030800	0.027161
0.030850	0.020752
0.030900	0.018921
0.030950	0.026245
0.031000	0.011292
0.031050	0.022278
0.031100	0.027466
0.031150	0.012512
0.031200	0.024719
0.031250	0.029907
0.031300	0.014343
0.031350	0.026245
0.031400	0.023193
0.031450	0.007324
0.031500	0.025635
0.031550	0.031128
0.031600	0.018005
0.031650	0.034180
0.031700	0.017090
0.031750	0.017700
0.031800	0.029297
0.031850	0.017090
0.031900	0.017700
0.031950	0.032349
0.032000	0.007935
0.032050	0.017090
0.032100	0.033264
0.032150	0.005493
0.032200	0.026856
0.032250	0.030518
0.032300	0.012207
0.032350	0.022583
0.032400	0.017395
0.032450	0.021362
0.032500	0.031738
0.032550	0.026245
0.032600	0.021668
0.032650	0.019226
0.032700	0.012512
0.032750	0.018921
0.032800	0.023193
0.032850	0.024719
0.032900	0.018921
0.032950	0.013123
0.033000	0.023499
0.033050	0.022278
0.033100	0.014649
0.033150	0.020752
0.033200	0.024109
0.033250	0.020752
0.033300	0.029602
0.033350	0.029907
0.033400	0.045166
0.033450	0.008545
0.033500	0.003967
0.033550	0.033264
0.033600	0.019531
0.033650	0.019531
0.033700	0.023804
0.033750	0.021668
0.033800	0.025940
0.033850	0.025635
0.033900	0.019837
0.033950	0.024719
0.034000	0.032044
0.034050	0.014343
0.034100	0.030518
0.034150	0.024109
0.034200	0.007629
0.034250	0.030212
0.034300	0.028992
0.034350	0.023804
0.034400	0.020447
0.034450	0.021057
0.034500	0.010681
0.034550	0.016480
0.034600	0.035400
0.034650	0.016174
0.034700	0.009461
0.034750	0.026245
0.034800	0.007629
0.034850	0.025025
0.034900	0.026550
0.034950	0.019837
0.035000	0.035706
0.035050	0.021973
0.035100	0.012817
0.035150	0.021362
0.035200	0.016480
0.035250	0.012207
0.035300	0.022278
0.035350	0.014954
0.035400	0.017090
0.035450	0.032654
0.035500	0.028381
0.035550	0.007019
0.035600	0.013733
0.035650	0.012817
0.035700	0.019531
0.035750	0.030518
0.035800	0.023499
0.035850	0.015259
0.035900	0.014954
0.035950	0.021362
0.036000	0.029297
0.036050	0.020752
0.036100	0.008240
0.036150	0.015259
0.036200	0.010681
0.036250	0.014038
0.036300	0.010376
0.036350	0.019531
0.036400	0.000000
0.036450	0.007324
0.036500	0.020752
0.036550	0.011292
0.036600	0.013123
0.036650	0.010681
0.036700	0.015869
0.036750	0.011597
0.036800	0.011902
0.036850	0.015564
0.036900	0.020752
0.036950	0.007629
0.037000	0.011292
0.037050	0.020142
0.037100	0.001526
0.037150	0.007019
0.037200	0.017395
0.037250	0.012207
0.037300	0.002747
0.037350	0.016785
0.037400	0.010681
0.037450	0.004273
0.037500	0.016785
0.037550	0.004578
0.037600	0.010681
0.037650	0.016785
0.037700	0.003662
0.037750	0.007629
0.037800	0.014649
0.037850	-0.009460
0.037900	0.018005
0.037950	0.021973
0.038000	-0.007934
0.038050	0.003662
0.038100	0.025635
0.038150	0.004273
0.038200	-0.001526
0.038250	0.013733
0.038300	0.001221
0.038350	0.007324
0.038400	0.007935
0.038450	0.005798
0.038500	0.015869
0.038550	0.006409
0.038600	0.018005
0.038650	0.013428
0.038700	0.007019
0.038750	0.007324
0.038800	0.014038
0.038850	0.014954
0.038900	0.013123
0.038950	0.015259
0.039000	0.009461
0.039050	-0.000305
0.039100	0.002747
0.039150	0.012207
0.039200	0.007324
0.039250	0.005798
0.039300	0.003052
0.039350	0.000916
0.039400	0.007629
0.039450	0.010071
0.039500	-0.006409
0.039550	-0.004883
0.039600	0.008240
0.039650	-0.005493
0.039700	-0.010986
0.039750	0.012817
0.039800	0.010376
0.039850	0.004578
0.039900	-0.006714
0.039950	0.003967
0.040000	0.012817
0.040050	-0.006409
0.040100	-0.021973
0.040150	-0.000915
0.040200	0.007019
0.040250	0.007629
0.040300	-0.003357
0.040350	-0.002136
0.040400	-0.007019
0.040450	0.000916
0.040500	-0.007629
0.040550	-0.006714
0.040600	-0.013122
0.040650	-0.018616
0.040700	-0.010376
0.040750	-0.008545
0.040800	-0.016479
0.040850	-0.012512
0.040900	-0.016174
0.040950	-0.017395
0.041000	-0.009155
0.041050	-0.022888
0.041100	-0.031128
0.041150	-0.020752
0.041200	-0.018616
0.041250	-0.030212
0.041300	-0.036011
0.041350	-0.036621
0.041400	-0.048218
0.041450	-0.054016
0.041500	-0.054932
0.041550	-0.069580
0.041600	-0.090942
0.041650	-0.098572
0.041700	-0.107727
0.041750	-0.117493
0.041800	-0.122375
0.041850	-0.130005
0.041900	-0.130310
0.041950	-0.144043
0.042000	-0.160522
0.042050	-0.169983
0.042100	-0.190430
0.042150	-0.212097
0.042200	-0.230713
0.042250	-0.253601
0.042300	-0.261841
0.042350	-0.285034
0.042400	-0.303345
0.042450	-0.334778
0.042500	-0.351257
0.042550	-0.374451
0.042600	-0.396118
0.042650	-0.419311
0.042700	-0.430298
0.042750	-0.434265
0.042800	-0.454101
0.042850	-0.478516
0.042900	-0.476074
0.042950	-0.487366
0.043000	-0.507202
0.043050	-0.516968
0.043100	-0.525818
0.043150	-0.535583
0.043200	-0.539856
0.043250	-0.537720
0.043300	-0.542908
0.043350	-0.534363
0.043400	-0.543823
0.043450	-0.546875
0.043500	-0.535583
0.043550	-0.534363
0.043600	-0.523987
0.043650	-0.514831
0.043700	-0.503845
0.043750	-0.506897
0.043800	-0.484924
0.043850	-0.469055
0.043900	-0.455017
0.043950	-0.446167
0.044000	-0.436706
0.044050	-0.426636
0.044100	-0.400696
0.044150	-0.378723
0.044200	-0.367432
0.044250	-0.354614
0.044300	-0.334167
0.044350	-0.317078
0.044400	-0.304260
0.044450	-0.279236
0.044500	-0.261841
0.044550	-0.241394
0.044600	-0.230408
0.044650	-0.205688
0.044700	-0.189819
0.044750	-0.171204
0.044800	-0.148010
0.044850	-0.133667
0.044900	-0.113525
0.044950	-0.086670
0.045000	-0.054016
0.045050	-0.046387
0.045100	-0.028381
0.045150	-0.016785
0.045200	-0.015869
0.045250	-0.028686
0.045300	-0.030517
0.045350	-0.035095
0.045400	-0.037842
0.045450	-0.025635
0.045500	-0.021973
0.045550	-0.023193
0.045600	-0.036926
0.045650	-0.062256
0.045700	-0.066223
0.045750	-0.077820
0.045800	-0.085449
0.045850	-0.083313
0.045900	-0.093079
0.045950	-0.147705
0.046000	-0.158691
0.046050	-0.166321
0.046100	-0.186767
0.046150	-0.191650
0.046200	-0.211792
0.046250	-0.230408
0.046300	-0.249634
0.046350	-0.265503
0.046400	-0.283508
0.046450	-0.284729
0.046500	-0.271301
0.046550	-0.252685
0.046600	-0.238647
0.046650	-0.224609
0.046700	-0.186767
0.046750	-0.151672
0.046800	-0.106506
0.046850	-0.067749
0.046900	-0.024414
0.046950	0.003052
0.047000	0.007019
0.047050	-0.007934
0.047100	0.000610
0.047150	0.004578
0.047200	0.001526
0.047250	0.003662
0.047300	0.014343
0.047350	0.012817
0.047400	0.006714
0.047450	0.018921
0.047500	0.021668
0.047550	0.021362
0.047600	0.014954
0.047650	0.020447
0.047700	0.012817
0.047750	0.020752
0.047800	0.024414
0.047850	0.008545
0.047900	0.016785
0.047950	0.022583
0.048000	0.016174
0.048050	0.024109
0.048100	0.017090
0.048150	0.023804
0.048200	0.030823
0.048250	0.021362
0.048300	0.008240
0.048350	0.030518
0.048400	0.030518
0.048450	0.021973
0.048500	0.032349
0.048550	0.026550
0.048600	0.028076
0.048650	0.032959
0.048700	0.036621
0.048750	0.033569
0.048800	0.027466
0.048850	0.032349
0.048900	0.022888
0.048950	0.034485
0.049000	0.033875
0.049050	0.028992
0.049100	0.033569
0.049150	0.022888
0.049200	0.028992
0.049250	0.030518
0.049300	0.029907
0.049350	0.024109
0.049400	0.035400
0.049450	0.032959
0.049500	0.034485
0.049550	0.037232
0.049600	0.025330
0.049650	0.029297
0.049700	0.030212
0.049750	0.013123
0.049800	0.034180
0.049850	0.034790
0.049900	0.013428
0.049950	0.031433
0.050000	0.035706
0.050050	0.025635
0.050100	0.036316
0.050150	0.039063
0.050200	0.016785
0.050250	0.026245
0.050300	0.034485
0.050350	0.025025
0.050400	0.028687
0.050450	0.028076
0.050500	0.028076
0.050550	0.032654
0.050600	0.015869
0.050650	0.024414
0.050700	0.027466
0.050750	0.022583
0.050800	0.027161
0.050850	0.018311
0.050900	0.024719
0.050950	0.028076
0.051000	0.025940
0.051050	0.015564
0.051100	0.010071
0.051150	0.029297
0.051200	0.026550
0.051250	0.016174
0.051300	0.018921
0.051350	0.021973
0.051400	0.037537
0.051450	0.025940
0.051500	0.009766
0.051550	0.020142
0.051600	0.023499
0.051650	0.014954
0.051700	0.028381
0.051750	0.037537
0.051800	0.021057
0.051850	0.021973
0.051900	0.034790
0.051950	0.010681
0.052000	0.018005
0.052050	0.027466
0.052100	0.011902
0.052150	0.016480
0.052200	0.016174
0.052250	0.024414
0.052300	0.021668
0.052350	0.026550
0.052400	0.021973
0.052450	0.021973
0.052500	0.021362
0.052550	0.014649
0.052600	0.029602
0.052650	0.016174
0.052700	0.022888
0.052750	0.034790
0.052800	0.022888
0.052850	0.015564
0.052900	0.008850
0.052950	0.018616
0.053000	0.028076
0.053050	0.023193
0.053100	0.022278
0.053150	0.032959
0.053200	0.028992
0.053250	0.015869
0.053300	0.023804
0.053350	0.025940
0.053400	0.020142
0.053450	0.031433
0.053500	0.028687
0.053550	0.012512
0.053600	0.027161
0.053650	0.036926
0.053700	0.019531
0.053750	0.028992
0.053800	0.023804
0.053850	0.020142
0.053900	0.020752
0.053950	0.029297
0.054000	0.009766
0.054050	0.015869
0.054100	0.024414
0.054150	0.012817
0.054200	0.021973
0.054250	0.015564
0.054300	0.012207
0.054350	0.032349
0.054400	0.014649
0.054450	0.018005
0.054500	0.024109
0.054550	0.005493
0.054600	0.015259
0.054650	0.030212
0.054700	0.010986
0.054750	0.025025
0.054800	0.027161
0.054850	0.010376
0.054900	0.014343
0.054950	0.021668
0.055000	0.014954
0.055050	0.026856
0.055100	0.029907
0.055150	0.007935
0.055200	0.027771
0.055250	0.029297
0.055300	0.016174
0.055350	0.018005
0.055400	0.011597
0.055450	0.016174
0.055500	0.015869
0.055550	0.011597
0.055600	0.013733
0.055650	0.021362
0.055700	0.019837
0.055750	0.021057
0.055800	0.017700
0.055850	0.010376
0.055900	0.013123
0.055950	0.027161
0.056000	0.014038
0.056050	0.017090
0.056100	0.033569
0.056150	0.010681
0.056200	0.013123
0.056250	0.021057
0.056300	0.013123
0.056350	0.017090
0.056400	0.006104
0.056450	0.005188
0.056500	0.009461
0.056550	0.014649
0.056600	0.011902
0.056650	0.021973
0.056700	0.019837
0.056750	0.008240
0.056800	0.022888
0.056850	0.023804
0.056900	0.010986
0.056950	0.008850
0.057000	0.016785
0.057050	0.012817
0.057100	0.014038
0.057150	0.011902
0.057200	0.023193
0.057250	0.012207
0.057300	0.005188
0.057350	0.014649
0.057400	0.011902
0.057450	-0.000305
0.057500	0.011902
0.057550	0.025330
0.057600	0.007324
0.057650	0.004273
0.057700	0.012207
0.057750	0.012817
0.057800	-0.005798
0.057850	0.006409
0.057900	0.008850
0.057950	0.013123
0.058000	0.002747
0.058050	-0.007629
0.058100	0.014038
0.058150	0.023193
0.058200	-0.004578
0.058250	0.006409
0.058300	0.024109
0.058350	0.010681
0.058400	-0.002136
0.058450	-0.003052
0.058500	0.000305
0.058550	0.015259
0.058600	0.019837
0.058650	-0.005798
0.058700	0.006104
0.058750	0.019837
0.058800	0.002747
0.058850	0.009766
0.058900	0.010681
0.058950	0.016174
0.059000	0.013123
0.059050	0.008545
0.059100	0.010681
0.059150	0.010071
0.059200	-0.006103
0.059250	0.014343
0.059300	0.022583
0.059350	-0.001831
0.059400	0.006409
0.059450	0.021973
0.059500	0.002441
0.059550	-0.003357
0.059600	0.012207
0.059650	-0.002136
0.059700	0.003357
0.059750	0.014343
0.059800	0.006409
0.059850	-0.011291
0.059900	-0.003662
0.059950	-0.002746
0.060000	-0.003052
0.060050	-0.000610
0.060100	-0.003357
0.060150	-0.001831
0.060200	0.003662
0.060250	-0.004272
0.060300	-0.008545
0.060350	0.006104
0.060400	-0.019531
0.060450	-0.006409
0.060500	0.002747
0.060550	-0.019836
0.060600	-0.016785
0.060650	-0.000610
0.060700	-0.025635
0.060750	-0.019836
0.060800	-0.019226
0.060850	-0.020142
0.060900	-0.026855
0.060950	-0.015259
0.061000	-0.016174
0.061050	-0.023193
0.061100	-0.032349
0.061150	-0.039673
0.061200	-0.044861
0.061250	-0.045166
0.061300	-0.049744
0.061350	-0.049133
0.061400	-0.051575
0.061450	-0.049438
0.061500	-0.061340
0.061550	-0.065002
0.061600	-0.081482
0.061650	-0.099182
0.061700	-0.105591
0.061750	-0.114441
0.061800	-0.122986
0.061850	-0.138855
0.061900	-0.151977
0.061950	-0.184021
0.062000	-0.209656
0.062050	-0.219116
0.062100	-0.224609
0.062150	-0.231323
0.062200	-0.242920
0.062250	-0.269470
0.062300	-0.272522
0.062350	-0.276184
0.062400	-0.297851
0.062450	-0.317383
0.062500	-0.329590
0.062550	-0.348205
0.062600	-0.365906
0.062650	-0.379028
0.062700	-0.391846
0.062750	-0.401611
0.062800	-0.421448
0.062850	-0.436401
0.062900	-0.450745
0.062950	-0.470581
0.063000	-0.473633
0.063050	-0.480347
0.063100	-0.494080
0.063150	-0.494995
0.063200	-0.503540
0.063250	-0.522461
0.063300	-0.535278
0.063350	-0.546265
0.063400	-0.543518
0.063450	-0.538025
0.063500	-0.534363
0.063550	-0.525818
0.063600	-0.521851
0.063650	-0.530701
0.063700	-0.524902
0.063750	-0.516968
0.063800	-0.504150
0.063850	-0.477905
0.063900	-0.462341
0.063950	-0.464477
0.064000	-0.452576
0.064050	-0.435181
0.064100	-0.422668
0.064150	-0.411987
0.064200	-0.390625
0.064250	-0.386658
0.064300	-0.368652
0.064350	-0.351257
0.064400	-0.325012
0.064450	-0.291748
0.064500	-0.274658
0.064550	-0.271606
0.064600	-0.239868
0.064650	-0.203857
0.064700	-0.166931
0.064750	-0.138245
0.064800	-0.112610
0.064850	-0.088501
0.064900	-0.079651
0.064950	-0.057983
0.065000	-0.045166
0.065050	-0.020447
0.065100	-0.022583
0.065150	-0.019226
0.065200	-0.021362
0.065250	-0.021667
0.065300	-0.016479
0.065350	-0.018310
0.065400	-0.027161
0.065450	-0.029297
0.065500	-0.032043
0.065550	-0.039978
0.065600	-0.045471
0.065650	-0.052185
0.065700	-0.055237
0.065750	-0.049744
0.065800	-0.056152
0.065850	-0.074158
0.065900	-0.063782
0.065950	-0.035400
0.066000	-0.067139
0.066050	-0.095825
0.066100	-0.124206
0.066150	-0.147095
0.066200	-0.172729
0.066250	-0.187988
0.066300	-0.203552
0.066350	-0.218506
0.066400	-0.238037
0.066450	-0.256958
0.066500	-0.269165
0.066550	-0.265198
0.066600	-0.247803
0.066650	-0.219726
0.066700	-0.171509
0.066750	-0.135193
0.066800	-0.093994
0.066850	-0.053100
0.066900	-0.019226
0.066950	0.004273
0.067000	-0.015869
0.067050	-0.018310
0.067100	-0.006103
0.067150	0.005493
0.067200	0.008850
0.067250	0.005493
0.067300	0.000305
0.067350	0.014649
0.067400	0.020142
0.067450	0.012207
0.067500	0.022888
0.067550	0.018921
0.067600	0.013733
0.067650	0.018616
0.067700	0.016785
0.067750	0.010986
0.067800	0.020142
0.067850	0.014649
0.067900	0.028076
0.067950	0.023804
0.068000	0.004578
0.068050	0.015259
0.068100	0.033875
0.068150	0.032959
0.068200	0.018005
0.068250	0.024414
0.068300	0.017395
0.068350	0.018616
0.068400	0.029907
0.068450	0.039673
0.068500	0.024109
0.068550	0.014649
0.068600	0.031738
0.068650	0.043945
0.068700	0.043335
0.068750	0.023499
0.068800	0.020142
0.068850	0.036011
0.068900	0.031128
0.068950	0.023804
0.069000	0.030823
0.069050	0.028381
0.069100	0.021057
0.069150	0.031128
0.069200	0.030823
0.069250	0.021973
0.069300	0.033264
0.069350	0.028381
0.069400	0.019837
0.069450	0.025635
0.069500	0.027466
0.069550	0.027466
0.069600	0.019837
0.069650	0.023193
0.069700	0.025025
0.069750	0.029907
0.069800	0.024109
0.069850	0.021668
0.069900	0.021057
0.069950	0.027466
0.070000	0.031128
0.070050	0.021668
0.070100	0.012817
0.070150	0.030518
0.070200	0.025025
0.070250	0.024109
0.070300	0.035400
0.070350	0.022583
0.070400	0.025025
0.070450	0.031738
0.070500	0.018921
0.070550	0.019837
0.070600	0.025940
0.070650	0.026550
0.070700	0.031433
0.070750	0.018616
0.070800	0.024414
0.070850	0.024109
0.070900	0.016785
0.070950	0.030518
0.071000	0.014954
0.071050	0.023499
0.071100	0.030823
0.071150	0.022888
0.071200	0.025635
0.071250	0.031738
0.071300	0.025025
0.071350	0.014649
0.071400	0.021362
0.071450	0.020752
0.071500	0.027466
0.071550	0.014038
0.071600	0.017395
0.071650	0.034485
0.071700	0.025940
0.071750	0.017090
0.071800	0.015869
0.071850	0.024719
0.071900	0.016785
0.071950	0.010986
0.072000	0.025025
0.072050	0.029907
0.072100	0.022583
0.072150	0.019226
0.072200	0.028381
0.072250	0.012207
0.072300	0.014343
0.072350	0.030518
0.072400	0.018311
0.072450	0.010071
0.072500	0.029602
0.072550	0.017090
0.072600	0.019531
0.072650	0.023193
0.072700	0.011902
0.072750	0.024414
0.072800	0.024414
0.072850	0.014649
0.072900	0.012207
0.072950	0.022888
0.073000	0.014954
0.073050	0.021668
0.073100	0.021362
0.073150	0.004883
0.073200	0.019226
0.073250	0.026245
0.073300	0.003662
0.073350	0.021362
0.073400	0.026550
0.073450	0.018005
0.073500	0.025330
0.073550	0.019837
0.073600	0.013428
0.073650	0.019837
0.073700	0.031738
0.073750	0.023804
0.073800	0.025940
0.073850	0.015564
0.073900	0.003662
0.073950	0.032959
0.074000	0.027771
0.074050	0.012512
0.074100	0.032349
0.074150	0.024414
0.074200	0.019531
0.074250	0.018311
0.074300	0.014038
0.074350	0.021057
0.074400	0.016480
0.074450	0.024719
0.074500	0.014954
0.074550	0.018616
0.074600	0.019531
0.074650	0.018921
0.074700	0.021057
0.074750	0.018005
0.074800	0.022278
0.074850	0.016480
0.074900	0.018005
0.074950	0.023499
0.075000	0.024109
0.075050	0.013428
0.075100	0.021973
0.075150	0.021973
0.075200	0.014038
0.075250	0.010681
0.075300	0.021973
0.075350	0.012207
0.075400	0.015564
0.075450	0.024414
0.075500	0.012207
0.075550	0.022278
0.075600	0.026245
0.075650	0.012817
0.075700	0.025025
0.075750	0.018921
0.075800	0.004883
0.075850	0.017090
0.075900	0.021973
0.075950	0.023193
0.076000	0.022278
0.076050	0.010071
0.076100	0.011902
0.076150	0.025940
0.076200	0.022888
0.076250	0.006409
0.076300	0.018005
0.076350	0.003052
0.076400	0.007019
0.076450	0.021057
0.076500	0.004883
0.076550	0.008545
0.076600	0.008545
0.076650	0.009461
0.076700	0.015564
0.076750	0.015259
0.076800	0.006714
0.076850	0.010071
0.076900	0.010071
0.076950	0.016785
0.077000	0.010681
0.077050	0.020447
0.077100	0.018921
0.077150	0.011902
0.077200	0.012207
0.077250	0.014343
0.077300	0.013428
0.077350	0.016785
0.077400	0.023499
0.077450	0.017700
0.077500	0.006104
0.077550	0.010071
0.077600	0.025635
0.077650	0.005798
0.077700	0.012817
0.077750	0.001221
0.077800	-0.002441
0.077850	0.020447
0.077900	0.017395
0.077950	0.005798
0.078000	0.002441
0.078050	0.003967
0.078100	0.004273
0.078150	0.010071
0.078200	0.007324
0.078250	0.019531
0.078300	0.016785
0.078350	-0.005188
0.078400	0.010376
0.078450	0.017090
0.078500	0.005188
0.078550	0.000916
0.078600	0.008545
0.078650	0.017700
0.078700	0.009155
0.078750	0.004883
0.078800	0.023804
0.078850	0.007935
0.078900	0.004883
0.078950	-0.001221
0.079000	0.010986
0.079050	0.007324
0.079100	0.010071
0.079150	0.003967
0.079200	0.003967
0.079250	0.006409
0.079300	0.000000
0.079350	0.005188
0.079400	0.004883
0.079450	-0.010986
0.079500	0.002441
0.079550	0.006409
0.079600	0.001221
0.079650	0.006104
0.079700	0.005188
0.079750	0.000610
0.079800	-0.002441
0.079850	-0.000610
0.079900	0.006104
0.079950	0.001221
0.080000	-0.014648
0.080050	0.001221
0.080100	0.009461
0.080150	-0.008240
0.080200	-0.008545
0.080250	-0.005798
0.080300	-0.012512
0.080350	0.005798
0.080400	0.009155
0.080450	-0.016785
0.080500	-0.010681
0.080550	-0.012817
0.080600	-0.012817
0.080650	-0.022278
0.080700	-0.017090
0.080750	-0.014954
0.080800	-0.018921
0.080850	-0.017395
0.080900	-0.032654
0.080950	-0.030517
0.081000	-0.007934
0.081050	-0.014038
0.081100	-0.028381
0.081150	-0.032959
0.081200	-0.044556
0.081250	-0.047302
0.081300	-0.050964
0.081350	-0.064697
0.081400	-0.061645
0.081450	-0.058288
0.081500	-0.073852
0.081550	-0.085449
0.081600	-0.093994
0.081650	-0.107727
0.081700	-0.112915
0.081750	-0.126038
0.081800	-0.132446
0.081850	-0.155945
0.081900	-0.174560
0.081950	-0.187073
0.082000	-0.190430
0.082050	-0.198059
0.082100	-0.201721
0.082150	-0.209350
0.082200	-0.227051
0.082250	-0.259094
0.082300	-0.269470
0.082350	-0.280456
0.082400	-0.296936
0.082450	-0.326843
0.082500	-0.345459
0.082550	-0.362854
0.082600	-0.370483
0.082650	-0.394287
0.082700	-0.397339
0.082750	-0.404968
0.082800	-0.416565
0.082850	-0.443420
0.082900	-0.445862
0.082950	-0.463867
0.083000	-0.480957
0.083050	-0.486450
0.083100	-0.503540
0.083150	-0.514526
0.083200	-0.526428
0.083250	-0.533752
0.083300	-0.525818
0.083350	-0.521545
0.083400	-0.526428
0.083450	-0.536499
0.083500	-0.539551
0.083550	-0.548706
0.083600	-0.543823
0.083650	-0.530395
0.083700	-0.531921
0.083750	-0.522461
0.083800	-0.512085
0.083850	-0.494080
0.083900	-0.484009
0.083950	-0.470581
0.084000	-0.451355
0.084050	-0.426636
0.084100	-0.411377
0.084150	-0.397949
0.084200	-0.390015
0.084250	-0.374451
0.084300	-0.353393
0.084350	-0.341797
0.084400	-0.322266
0.084450	-0.307007
0.084500	-0.279236
0.084550	-0.257568
0.084600	-0.236511
0.084650	-0.201721
0.084700	-0.180359
0.084750	-0.158996
0.084800	-0.150146
0.084850	-0.140381
0.084900	-0.112610
0.084950	-0.085449
0.085000	-0.058288
0.085050	-0.046387
0.085100	-0.028381
0.085150	-0.020447
0.085200	-0.017700
0.085250	-0.022278
0.085300	-0.019836
0.085350	-0.015564
0.085400	-0.026550
0.085450	-0.025940
0.085500	-0.023498
0.085550	-0.036011
0.085600	-0.037537
0.085650	-0.036926
0.085700	-0.044861
0.085750	-0.052795
0.085800	-0.062866
0.085850	-0.075684
0.085900	-0.111084
0.085950	-0.171814
0.086000	-0.170288
0.086050	-0.187378
0.086100	-0.198669
0.086150	-0.214233
0.086200	-0.229492
0.086250	-0.237121
0.086300	-0.264282
0.086350	-0.279236
0.086400	-0.280151
0.086450	-0.282898
0.086500	-0.276794
0.086550	-0.257568
0.086600	-0.248108
0.086650	-0.222168
0.086700	-0.195618
0.086750	-0.159302
0.086800	-0.129700
0.086850	-0.089111
0.086900	-0.047913
0.086950	-0.017700
0.087000	-0.007934
0.087050	0.005798
0.087100	0.000000
0.087150	-0.000610
0.087200	0.019531
0.087250	0.017700
0.087300	0.013428
0.087350	0.005493
0.087400	0.018005
0.087450	0.023193
0.087500	0.004273
0.087550	0.018005
0.087600	0.020752
0.087650	0.001831
0.087700	0.014038
0.087750	0.023804
0.087800	0.020142
0.087850	0.027466
0.087900	0.012207
0.087950	0.007324
0.088000	0.028076
0.088050	0.029602
0.088100	0.010986
0.088150	0.028076
0.088200	0.024719
0.088250	0.008850
0.088300	0.032959
0.088350	0.029907
0.088400	0.013428
0.088450	0.038452
0.088500	0.024109
0.088550	0.019531
0.088600	0.035095
0.088650	0.037842
0.088700	0.027466
0.088750	0.025025
0.088800	0.015564
0.088850	0.028381
0.088900	0.031128
0.088950	0.022888
0.089000	0.025330
0.089050	0.034180
0.089100	0.017090
0.089150	0.025330
0.089200	0.024414
0.089250	0.016174
0.089300	0.026550
0.089350	0.032349
0.089400	0.016174
0.089450	0.024719
0.089500	0.047913
0.089550	0.018921
0.089600	0.033875
0.089650	0.031433
0.089700	0.019531
0.089750	0.032959
0.089800	0.021362
0.089850	0.033264
0.089900	0.036316
0.089950	0.028992
0.090000	0.025635
0.090050	0.029907
0.090100	0.035706
0.090150	0.024719
0.090200	0.032654
0.090250	0.029297
0.090300	0.024109
0.090350	0.036316
0.090400	0.036011
0.090450	0.022583
0.090500	0.034790
0.090550	0.021668
0.090600	0.026245
0.090650	0.028381
0.090700	0.012817
0.090750	0.014954
0.090800	0.039673
0.090850	0.018005
0.090900	0.016174
0.090950	0.029907
0.091000	0.010986
0.091050	0.024109
0.091100	0.011902
0.091150	0.026856
0.091200	0.020142
0.091250	0.022278
0.091300	0.022888
0.091350	0.028992
0.091400	0.028381
0.091450	0.010376
0.091500	0.030823
0.091550	0.020142
0.091600	0.011597
0.091650	0.027466
0.091700	0.021973
0.091750	0.006104
0.091800	0.018005
0.091850	0.024109
0.091900	0.022278
0.091950	0.020752
0.092000	0.021973
0.092050	0.018311
0.092100	0.022888
0.092150	0.020142
0.092200	0.022583
0.092250	0.022583
0.092300	0.018616
0.092350	0.017395
0.092400	0.021362
0.092450	0.023804
0.092500	0.011597
0.092550	0.024414
0.092600	0.026550
0.092650	0.016174
0.092700	0.025940
0.092750	0.025635
0.092800	0.017700
0.092850	0.024414
0.092900	0.024719
0.092950	0.008545
0.093000	0.011902
0.093050	0.026856
0.093100	0.012512
0.093150	0.013733
0.093200	0.029602
0.093250	0.027161
0.093300	0.021973
0.093350	0.018005
0.093400	0.032654
0.093450	0.029907
0.093500	0.018616
0.093550	0.033569
0.093600	0.028076
0.093650	0.016174
0.093700	0.021973
0.093750	0.025635
0.093800	0.018616
0.093850	0.010376
0.093900	0.030212
0.093950	0.007629
0.094000	0.011292
0.094050	0.028687
0.094100	0.015259
0.094150	0.021057
0.094200	0.015259
0.094250	0.012817
0.094300	0.021362
0.094350	0.025635
0.094400	0.024414
0.094450	0.017395
0.094500	0.024414
0.094550	0.004883
0.094600	0.011292
0.094650	0.032959
0.094700	0.008850
0.094750	0.021973
0.094800	0.018005
0.094850	0.017395
0.094900	0.015869
0.094950	0.021973
0.095000	0.027771
0.095050	0.021362
0.095100	0.010986
0.095150	0.022278
0.095200	0.012512
0.095250	0.014343
0.095300	0.012817
0.095350	0.026856
0.095400	0.013123
0.095450	0.017700
0.095500	0.030823
0.095550	0.010376
0.095600	0.020447
0.095650	0.020752
0.095700	0.002747
0.095750	0.017090
0.095800	0.022888
0.095850	0.018005
0.095900	0.020752
0.095950	0.032044
0.096000	0.016480
0.096050	0.023499
0.096100	0.025025
0.096150	-0.001831
0.096200	0.008240
0.096250	0.016174
0.096300	0.011902
0.096350	0.024109
0.096400	0.012512
0.096450	0.019226
0.096500	0.019837
0.096550	0.011292
0.096600	0.014649
0.096650	0.011902
0.096700	0.018616
0.096750	0.018311
0.096800	0.017395
0.096850	0.017090
0.096900	0.016480
0.096950	0.010071
0.097000	0.013733
0.097050	0.008850
0.097100	0.021057
0.097150	0.008850
0.097200	0.005188
0.097250	0.021668
0.097300	0.016174
0.097350	0.003357
0.097400	0.014038
0.097450	0.012512
0.097500	0.015564
0.097550	0.011597
0.097600	0.018616
0.097650	0.015259
0.097700	0.007324
0.097750	0.009461
0.097800	0.013428
0.097850	-0.007629
0.097900	0.022888
0.097950	0.023499
0.098000	0.003052
0.098050	0.002747
0.098100	0.001526
0.098150	0.017090
0.098200	0.009461
0.098250	0.006104
0.098300	0.002136
0.098350	0.007629
0.098400	0.012512
0.098450	0.010986
0.098500	-0.005798
0.098550	-0.000305
0.098600	0.008850
0.098650	0.000610
0.098700	0.013123
0.098750	0.004883
0.098800	0.004578
0.098850	0.012207
0.098900	0.007019
0.098950	0.006714
0.099000	0.013428
0.099050	0.007019
0.099100	0.004578
0.099150	0.017395
0.099200	-0.003967
0.099250	0.006714
0.099300	0.017090
0.099350	-0.001831
0.099400	-0.005798
0.099450	0.013428
0.099500	-0.010986
0.099550	0.002136
0.099600	0.018005
0.099650	0.006104
0.099700	0.010986
0.099750	0.001221
0.099800	0.003357
0.099850	-0.002136
0.099900	-0.003357
0.099950	-0.003357
0.100000	0.006104
0.100050	-0.000610
0.100100	0.000305
0.100150	0.012207
0.100200	-0.000915
0.100250	0.003967
0.100300	0.003662
0.100350	-0.008850
0.100400	-0.000610
0.100450	0.000610
0.100500	-0.018921
0.100550	-0.009155
0.100600	-0.014038
0.100650	-0.015564
0.100700	-0.013428
0.100750	-0.012207
0.100800	-0.010986
0.100850	-0.014038
0.100900	-0.019836
0.100950	-0.025940
0.101000	-0.035095
0.101050	-0.029907
0.101100	-0.020752
0.101150	-0.028076
0.101200	-0.032043
0.101250	-0.027466
0.101300	-0.039368
0.101350	-0.042725
0.101400	-0.037842
0.101450	-0.050964
0.101500	-0.055847
0.101550	-0.065002
0.101600	-0.067749
0.101650	-0.075684
0.101700	-0.095825
0.101750	-0.097046
0.101800	-0.107117
0.101850	-0.132446
0.101900	-0.147095
0.101950	-0.165100
0.102000	-0.184936
0.102050	-0.190430
0.102100	-0.210571
0.102150	-0.222778
0.102200	-0.236511
0.102250	-0.242615
0.102300	-0.263672
0.102350	-0.280151
0.102400	-0.306702
0.102450	-0.330810
0.102500	-0.349731
0.102550	-0.369263
0.102600	-0.381164
0.102650	-0.388489
0.102700	-0.398254
0.102750	-0.411377
0.102800	-0.427551
0.102850	-0.443115
0.102900	-0.453186
0.102950	-0.474243
0.103000	-0.488586
0.103050	-0.501709
0.103100	-0.520019
0.103150	-0.526123
0.103200	-0.533447
0.103250	-0.537720
0.103300	-0.541077
0.103350	-0.552368
0.103400	-0.549011
0.103450	-0.548401
0.103500	-0.541382
0.103550	-0.522766
0.103600	-0.531006
0.103650	-0.515137
0.103700	-0.502319
0.103750	-0.502014
0.103800	-0.499878
0.103850	-0.483093
0.103900	-0.472107
0.103950	-0.447998
0.104000	-0.433350
0.104050	-0.426941
0.104100	-0.409241
0.104150	-0.399475
0.104200	-0.385132
0.104250	-0.364380
0.104300	-0.343017
0.104350	-0.335083
0.104400	-0.320434
0.104450	-0.289307
0.104500	-0.265503
0.104550	-0.246887
0.104600	-0.228577
0.104650	-0.202026
0.104700	-0.172729
0.104750	-0.148010
0.104800	-0.119629
0.104850	-0.095520
0.104900	-0.076599
0.104950	-0.068970
0.105000	-0.052185
0.105050	-0.047913
0.105100	-0.042114
0.105150	-0.022888
0.105200	-0.019836
0.105250	-0.022278
0.105300	-0.019531
0.105350	-0.019836
0.105400	-0.031128
0.105450	-0.031738
0.105500	-0.034485
0.105550	-0.039062
0.105600	-0.034790
0.105650	-0.032959
0.105700	-0.039673
0.105750	-0.052185
0.105800	-0.058288
0.105850	-0.069580
0.105900	-0.086365
0.105950	-0.070801
0.106000	-0.097351
0.106050	-0.122375
0.106100	-0.152588
0.106150	-0.174866
0.106200	-0.204773
0.106250	-0.216675
0.106300	-0.235901
0.106350	-0.242309
0.106400	-0.259399
0.106450	-0.278320
0.106500	-0.265198
0.106550	-0.247497
0.106600	-0.219116
0.106650	-0.189209
0.106700	-0.148010
0.106750	-0.112305
0.106800	-0.072327
0.106850	-0.045776
0.106900	-0.002136
0.106950	0.008850
0.107000	-0.010681
0.107050	-0.006714
0.107100	-0.000610
0.107150	-0.000610
0.107200	0.004578
0.107250	-0.001221
0.107300	0.022583
0.107350	0.032654
0.107400	0.013123
0.107450	0.028076
0.107500	0.034485
0.107550	0.015564
0.107600	0.012817
0.107650	0.014343
0.107700	0.011902
0.107750	0.016480
0.107800	0.021973
0.107850	0.010986
0.107900	0.019531
0.107950	0.022583
0.108000	0.017090
0.108050	0.017395
0.108100	0.014038
0.108150	0.025025
0.108200	0.010681
0.108250	0.026245
0.108300	0.009766
0.108350	0.022278
0.108400	0.026856
0.108450	0.011902
0.108500	0.026856
0.108550	0.027771
0.108600	0.017090
0.108650	0.027161
0.108700	0.019837
0.108750	0.021973
0.108800	0.019531
0.108850	0.020752
0.108900	0.030823
0.108950	0.017090
0.109000	0.028381
0.109050	0.031433
0.109100	0.040283
0.109150	0.020752
0.109200	0.024719
0.109250	0.040894
0.109300	0.030518
0.109350	0.023804
0.109400	0.038452
0.109450	0.037232
0.109500	0.019531
0.109550	0.021973
0.109600	0.031433
0.109650	0.034485
0.109700	0.035400
0.109750	0.020752
0.109800	0.029602
0.109850	0.037232
0.109900	0.023499
0.109950	0.020752
0.110000	0.036621
0.110050	0.028076
0.110100	0.011902
0.110150	0.042725
0.110200	0.040283
0.110250	0.028381
0.110300	0.028381
0.110350	0.028992
0.110400	0.029602
0.110450	0.031738
0.110500	0.018311
0.110550	0.029907
0.110600	0.031433
0.110650	0.025330
0.110700	0.043640
0.110750	0.017700
0.110800	0.010376
0.110850	0.036621
0.110900	0.022888
0.110950	0.019837
0.111000	0.025330
0.111050	0.018311
0.111100	0.023499
0.111150	0.029297
0.111200	0.009155
0.111250	0.025635
0.111300	0.035400
0.111350	0.016785
0.111400	0.013428
0.111450	0.020447
0.111500	0.019837
0.111550	0.022888
0.111600	0.012207
0.111650	0.015564
0.111700	0.022888
0.111750	0.018311
0.111800	0.015869
0.111850	0.004883
0.111900	0.022583
0.111950	0.022278
0.112000	0.017395
0.112050	0.014343
0.112100	0.014649
0.112150	0.021973
0.112200	0.024109
0.112250	0.021973
0.112300	0.027161
0.112350	0.026856
0.112400	0.018005
0.112450	0.022583
0.112500	0.029907
0.112550	0.013123
0.112600	0.016480
0.112650	0.024719
0.112700	0.006714
0.112750	0.025940
0.112800	0.026856
0.112850	0.017395
0.112900	0.025025
0.112950	0.017700
0.113000	0.018616
0.113050	0.022888
0.113100	0.015869
0.113150	0.013733
0.113200	0.013428
0.113250	0.008240
0.113300	0.017395
0.113350	0.035400
0.113400	0.012207
0.113450	0.013123
0.113500	0.020752
0.113550	0.017090
0.113600	0.028687
0.113650	0.023804
0.113700	0.021973
0.113750	0.021362
0.113800	0.019531
0.113850	0.014038
0.113900	0.014343
0.113950	0.026856
0.114000	0.015259
0.114050	0.015564
0.114100	0.029602
0.114150	0.016480
0.114200	0.014954
0.114250	0.018005
0.114300	0.012817
0.114350	0.023804
0.114400	0.007324
0.114450	0.014038
0.114500	0.020447
0.114550	0.019531
0.114600	0.003662
0.114650	0.024109
0.114700	0.019226
0.114750	0.007019
0.114800	0.025025
0.114850	0.016174
0.114900	0.016480
0.114950	0.014343
0.115000	0.020752
0.115050	0.018311
0.115100	0.029602
0.115150	0.022278
0.115200	0.006409
0.115250	0.021668
0.115300	0.021057
0.115350	0.018005
0.115400	0.027161
0.115450	0.024414
0.115500	0.010071
0.115550	0.013428
0.115600	0.014649
0.115650	0.012817
0.115700	0.009766
0.115750	0.012817
0.115800	0.010681
0.115850	0.010376
0.115900	0.021973
0.115950	0.017090
0.116000	0.016174
0.116050	0.016174
0.116100	0.010681
0.116150	0.016785
0.116200	0.018921
0.116250	0.021973
0.116300	0.011292
0.116350	0.015564
0.116400	0.021362
0.116450	0.012512
0.116500	0.007324
0.116550	0.015869
0.116600	0.021057
0.116650	-0.001526
0.116700	0.011902
0.116750	0.016785
0.116800	0.006409
0.116850	0.017090
0.116900	0.007019
0.116950	-0.000915
0.117000	0.005493
0.117050	0.013428
0.117100	0.011597
0.117150	0.012817
0.117200	0.008850
0.117250	0.014954
0.117300	0.028076
0.117350	0.005798
0.117400	0.013123
0.117450	0.025025
0.117500	0.007629
0.117550	0.006714
0.117600	0.013733
0.117650	0.005188
0.117700	0.010681
0.117750	0.016174
0.117800	0.006104
0.117850	0.009766
0.117900	0.007019
0.117950	0.010681
0.118000	0.014649
0.118050	0.007629
0.118100	0.007935
0.118150	0.021057
0.118200	0.012512
0.118250	0.003052
0.118300	0.017395
0.118350	0.004273
0.118400	0.000305
0.118450	0.005188
0.118500	0.003662
0.118550	0.007629
0.118600	0.005798
0.118650	0.016174
0.118700	0.007019
0.118750	0.008850
0.118800	0.002136
0.118850	0.000916
0.118900	0.013123
0.118950	0.010681
0.119000	0.004578
0.119050	0.008545
0.119100	0.010681
0.119150	-0.003357
0.119200	-0.003052
0.119250	0.012207
0.119300	0.007629
0.119350	-0.000610
0.119400	0.004578
0.119450	-0.003052
0.119500	-0.007629
0.119550	-0.003052
0.119600	0.002136
0.119650	0.014954
0.119700	-0.006103
0.119750	-0.000610
0.119800	0.006409
0.119850	-0.014954
0.119900	-0.007934
0.119950	-0.000915
0.120000	0.010376
0.120050	0.005188
0.120100	-0.018921
0.120150	-0.006409
0.120200	0.005798
0.120250	0.004883
0.120300	-0.003967
0.120350	-0.008545
0.120400	0.002441
0.120450	-0.000915
0.120500	-0.018616
0.120550	-0.012817
0.120600	-0.005188
0.120650	-0.010681
0.120700	-0.007934
0.120750	-0.011902
0.120800	-0.016479
0.120850	-0.016174
0.120900	-0.021667
0.120950	-0.019226
0.121000	-0.019836
0.121050	-0.018616
0.121100	-0.016174
0.121150	-0.032043
0.121200	-0.047913
0.121250	-0.056457
0.121300	-0.043945
0.121350	-0.036316
0.121400	-0.046387
0.121450	-0.061951
0.121500	-0.063171
0.121550	-0.068664
0.121600	-0.080871
0.121650	-0.085754
0.121700	-0.091553
0.121750	-0.109558
0.121800	-0.131225
0.121850	-0.135803
0.121900	-0.154114
0.121950	-0.165710
0.122000	-0.168152
0.122050	-0.186462
0.122100	-0.211487
0.122150	-0.209350
0.122200	-0.236816
0.122250	-0.258484
0.122300	-0.272827
0.122350	-0.285034
0.122400	-0.300903
0.122450	-0.307312
0.122500	-0.317383
0.122550	-0.330505
0.122600	-0.347595
0.122650	-0.367432
0.122700	-0.384216
0.122750	-0.404053
0.122800	-0.435791
0.122850	-0.452881
0.122900	-0.465393
0.122950	-0.471496
0.123000	-0.498352
0.123050	-0.513000
0.123100	-0.513306
0.123150	-0.524292
0.123200	-0.527038
0.123250	-0.532532
0.123300	-0.530701
0.123350	-0.535583
0.123400	-0.540466
0.123450	-0.537109
0.123500	-0.537414
0.123550	-0.537109
0.123600	-0.524597
0.123650	-0.507507
0.123700	-0.502319
0.123750	-0.486145
0.123800	-0.475464
0.123850	-0.464783
0.123900	-0.454712
0.123950	-0.456238
0.124000	-0.431518
0.124050	-0.415344
0.124100	-0.403137
0.124150	-0.393982
0.124200	-0.369873
0.124250	-0.353393
0.124300	-0.346680
0.124350	-0.328064
0.124400	-0.301208
0.124450	-0.289001
0.124500	-0.276794
0.124550	-0.251465
0.124600	-0.228271
0.124650	-0.208435
0.124700	-0.182190
0.124750	-0.148926
0.124800	-0.118408
0.124850	-0.106811
0.124900	-0.080566
0.124950	-0.069885
0.125000	-0.067749
0.125050	-0.058899
0.125100	-0.043640
0.125150	-0.039673
0.125200	-0.039368
0.125250	-0.032959
0.125300	-0.029602
0.125350	-0.021667
0.125400	-0.032349
0.125450	-0.028076
0.125500	-0.025330
0.125550	-0.024109
0.125600	-0.041199
0.125650	-0.045166
0.125700	-0.048218
0.125750	-0.069275
0.125800	-0.086670
0.125850	-0.093079
0.125900	-0.115967
0.125950	-0.150146
0.126000	-0.170898
0.126050	-0.184326
0.126100	-0.199890
0.126150	-0.230408
0.126200	-0.241699
0.126250	-0.256042
0.126300	-0.280151
0.126350	-0.282288
0.126400	-0.289612
0.126450	-0.302124
0.126500	-0.287781
0.126550	-0.271606
0.126600	-0.253601
0.126650	-0.220032
0.126700	-0.184631
0.126750	-0.131225
0.126800	-0.083313
0.126850	-0.037842
0.126900	-0.008850
0.126950	0.006104
0.127000	-0.003357
0.127050	-0.000305
0.127100	0.000305
0.127150	-0.013428
0.127200	0.008240
0.127250	0.022278
0.127300	0.006409
0.127350	0.013428
0.127400	0.021057
0.127450	0.025635
0.127500	0.014038
0.127550	0.012817
0.127600	0.011597
0.127650	0.006714
0.127700	0.026245
0.127750	0.014649
0.127800	0.012512
0.127850	0.019226
0.127900	0.024109
0.127950	0.021973
0.128000	0.022278
0.128050	0.000916
0.128100	0.024719
0.128150	0.037232
0.128200	0.021973
0.128250	0.024109
0.128300	0.027161
0.128350	0.015259
0.128400	0.026856
0.128450	0.030212
0.128500	0.034485
0.128550	0.027771
0.128600	0.026856
0.128650	0.022583
0.128700	0.028076
0.128750	0.027466
0.128800	0.027466
0.128850	0.030518
0.128900	0.036926
0.128950	0.014343
0.129000	0.024414
0.129050	0.040283
0.129100	0.018921
0.129150	0.022583
0.129200	0.032044
0.129250	0.023804
0.129300	0.025025
0.129350	0.023193
0.129400	0.022583
0.129450	0.031433
0.129500	0.025635
0.129550	0.019837
0.129600	0.026550
0.129650	0.035706
0.129700	0.021973
0.129750	0.019837
0.129800	0.027466
0.129850	0.032349
0.129900	0.024109
0.129950	0.016174
0.130000	0.028076
0.130050	0.026856
0.130100	0.008545
0.130150	0.027466
0.130200	0.038757
0.130250	0.012817
0.130300	0.018311
0.130350	0.037842
0.130400	0.021973
0.130450	0.021057
0.130500	0.031128
0.130550	0.019837
0.130600	0.025635
0.130650	0.031128
0.130700	0.019226
0.130750	0.027161
0.130800	0.025635
0.130850	0.019837
0.130900	0.027161
0.130950	0.025940
0.131000	0.016785
0.131050	0.027161
0.131100	0.023499
0.131150	0.009461
0.131200	0.031128
0.131250	0.032349
0.131300	0.019226
0.131350	0.020752
0.131400	0.025940
0.131450	0.025330
0.131500	0.018311
0.131550	0.014038
0.131600	0.029297
0.131650	0.035095
0.131700	0.016480
0.131750	0.017090
0.131800	0.036316
0.131850	0.024414
0.131900	0.019531
0.131950	0.023499
0.132000	0.018311
0.132050	0.021057
0.132100	0.023193
0.132150	0.012207
0.132200	0.023499
0.132250	0.031128
0.132300	0.015564
0.132350	0.020142
0.132400	0.026550
0.132450	0.016174
0.132500	0.022583
0.132550	0.020447
0.132600	0.015869
0.132650	0.015259
0.132700	0.017090
0.132750	0.025025
0.132800	0.026856
0.132850	0.020752
0.132900	0.023499
0.132950	0.022583
0.133000	0.019531
0.133050	0.013428
0.133100	0.012817
0.133150	0.022888
0.133200	0.026245
0.133250	0.021057
0.133300	0.017090
0.133350	0.017395
0.133400	0.012207
0.133450	0.026550
0.133500	0.018311
0.133550	0.034790
0.133600	0.017090
0.133650	0.023499
0.133700	0.031433
0.133750	0.010376
0.133800	0.025025
0.133850	0.023193
0.133900	0.011292
0.133950	0.010681
0.134000	0.023193
0.134050	0.025635
0.134100	-0.003357
0.134150	0.016480
0.134200	0.022583
0.134250	0.016480
0.134300	0.017700
0.134350	0.017700
0.134400	0.018921
0.134450	0.009766
0.134500	0.009766
0.134550	0.021362
0.134600	0.025635
0.134650	0.010376
0.134700	0.020142
0.134750	0.028381
0.134800	0.007324
0.134850	0.024414
0.134900	0.034180
0.134950	0.018616
0.135000	0.017700
0.135050	0.014343
0.135100	0.023193
0.135150	0.022583
0.135200	0.019531
0.135250	0.015869
0.135300	0.025940
0.135350	0.015259
0.135400	0.013733
0.135450	0.027771
0.135500	0.013123
0.135550	0.018921
0.135600	0.032044
0.135650	0.015564
0.135700	0.010986
0.135750	0.025635
0.135800	0.014343
0.135850	0.018921
0.135900	0.026856
0.135950	0.026550
0.136000	0.010071
0.136050	0.014649
0.136100	0.019226
0.136150	0.009766
0.136200	0.025025
0.136250	0.023193
0.136300	0.012817
0.136350	0.015259
0.136400	0.009155
0.136450	0.010986
0.136500	0.013733
0.136550	0.015564
0.136600	0.025025
0.136650	0.011292
0.136700	0.003662
0.136750	0.019837
0.136800	0.019226
0.136850	0.019837
0.136900	0.007629
0.136950	0.010986
0.137000	0.013123
0.137050	0.015259
0.137100	0.006714
0.137150	0.011597
0.137200	0.024109
0.137250	0.008240
0.137300	0.013428
0.137350	0.014038
0.137400	0.005493
0.137450	0.003357
0.137500	0.011292
0.137550	0.007935
0.137600	0.008240
0.137650	0.010071
0.137700	0.005798
0.137750	0.009766
0.137800	0.014649
0.137850	0.007935
0.137900	0.005798
0.137950	0.017700
0.138000	0.013123
0.138050	-0.001831
0.138100	0.001221
0.138150	-0.002441
0.138200	0.011597
0.138250	0.018921
0.138300	-0.000610
0.138350	0.015869
0.138400	0.015259
0.138450	0.000305
0.138500	0.010376
0.138550	0.010681
0.138600	0.003662
0.138650	0.016480
0.138700	0.021362
0.138750	0.008240
0.138800	0.002136
0.138850	0.011902
0.138900	0.004883
0.138950	0.002136
0.139000	0.013733
0.139050	0.004883
0.139100	0.013733
0.139150	0.005798
0.139200	0.015564
0.139250	0.013428
0.139300	0.001526
0.139350	0.004578
0.139400	0.010681
0.139450	0.000916
0.139500	0.005798
0.139550	0.003662
0.139600	0.000916
0.139650	-0.003357
0.139700	-0.003662
0.139750	0.007935
0.139800	-0.005493
0.139850	-0.011597
0.139900	0.010376
0.139950	-0.001221
0.140000	-0.006103
0.140050	-0.002136
0.140100	-0.003662
0.140150	-0.001526
0.140200	-0.010071
0.140250	-0.012207
0.140300	-0.005188
0.140350	-0.015564
0.140400	-0.012207
0.140450	-0.000610
0.140500	-0.008850
0.140550	-0.010681
0.140600	-0.017090
0.140650	-0.020752
0.140700	-0.005798
0.140750	-0.008545
0.140800	-0.014038
0.140850	-0.011902
0.140900	-0.017395
0.140950	-0.024414
0.141000	-0.031738
0.141050	-0.022583
0.141100	-0.019836
0.141150	-0.030212
0.141200	-0.036926
0.141250	-0.037537
0.141300	-0.045166
0.141350	-0.043640
0.141400	-0.062256
0.141450	-0.074158
0.141500	-0.075989
0.141550	-0.076294
0.141600	-0.088196
0.141650	-0.109253
0.141700	-0.126038
0.141750	-0.132751
0.141800	-0.149536
0.141850	-0.155945
0.141900	-0.154419
0.141950	-0.171509
0.142000	-0.189514
0.142050	-0.201721
0.142100	-0.209350
0.142150	-0.237427
0.142200	-0.245361
0.142250	-0.260315
0.142300	-0.279846
0.142350	-0.296020
0.142400	-0.314941
0.142450	-0.332642
0.142500	-0.341492
0.142550	-0.357361
0.142600	-0.377808
0.142650	-0.393371
0.142700	-0.403442
0.142750	-0.416260
0.142800	-0.426025
0.142850	-0.428772
0.142900	-0.450439
0.142950	-0.464783
0.143000	-0.482483
0.143050	-0.495605
0.143100	-0.516052
0.143150	-0.522156
0.143200	-0.532532
0.143250	-0.536499
0.143300	-0.531311
0.143350	-0.527954
0.143400	-0.541687
0.143450	-0.549927
0.143500	-0.542297
0.143550	-0.545044
0.143600	-0.540771
0.143650	-0.527954
0.143700	-0.520019
0.143750	-0.507202
0.143800	-0.501099
0.143850	-0.487671
0.143900	-0.473328
0.143950	-0.463257
0.144000	-0.452270
0.144050	-0.425110
0.144100	-0.407104
0.144150	-0.392151
0.144200	-0.382690
0.144250	-0.358887
0.144300	-0.339050
0.144350	-0.318298
0.144400	-0.286255
0.144450	-0.274048
0.144500	-0.258789
0.144550	-0.234985
0.144600	-0.219421
0.144650	-0.198975
0.144700	-0.185242
0.144750	-0.163269
0.144800	-0.132751
0.144850	-0.109863
0.144900	-0.097961
0.144950	-0.081482
0.145000	-0.058899
0.145050	-0.046692
0.145100	-0.021667
0.145150	-0.007934
0.145200	-0.034180
0.145250	-0.033569
0.145300	-0.032349
0.145350	-0.024719
0.145400	-0.028381
0.145450	-0.036011
0.145500	-0.039062
0.145550	-0.053406
0.145600	-0.055237
0.145650	-0.059814
0.145700	-0.061645
0.145750	-0.076294
0.145800	-0.085449
0.145850	-0.097046
0.145900	-0.138245
0.145950	-0.181885
0.146000	-0.184326
0.146050	-0.204773
0.146100	-0.215454
0.146150	-0.233154
0.146200	-0.256958
0.146250	-0.269775
0.146300	-0.278931
0.146350	-0.286255
0.146400	-0.303955
0.146450	-0.316772
0.146500	-0.314636
0.146550	-0.303039
0.146600	-0.263672
0.146650	-0.217895
0.146700	-0.178833
0.146750	-0.140381
0.146800	-0.089722
0.146850	-0.051269
0.146900	-0.017090
0.146950	-0.009155
0.147000	-0.006714
0.147050	0.001221
0.147100	-0.014954
0.147150	-0.007934
0.147200	0.005798
0.147250	-0.002136
0.147300	0.014343
0.147350	0.020752
0.147400	0.015564
0.147450	0.021668
0.147500	0.019837
0.147550	0.013733
0.147600	0.020142
0.147650	0.010986
0.147700	0.006409
0.147750	0.011902
0.147800	0.021668
0.147850	0.021973
0.147900	0.021973
0.147950	0.009461
0.148000	0.018311
0.148050	0.034790
0.148100	0.019226
0.148150	0.020142
0.148200	0.036011
0.148250	0.025940
0.148300	0.019531
0.148350	0.031738
0.148400	0.034790
0.148450	0.029297
0.148500	0.028687
0.148550	0.029297
0.148600	0.019531
0.148650	0.035706
0.148700	0.038757
0.148750	0.021057
0.148800	0.028992
0.148850	0.030518
0.148900	0.016785
0.148950	0.023193
0.149000	0.032044
0.149050	0.033569
0.149100	0.028992
0.149150	0.024719
0.149200	0.036011
0.149250	0.037232
0.149300	0.029297
0.149350	0.030212
0.149400	0.044556
0.149450	0.032349
0.149500	0.022888
0.149550	0.033264
0.149600	0.032044
0.149650	0.033875
0.149700	0.027771
0.149750	0.023193
0.149800	0.033569
0.149850	0.033264
0.149900	0.020752
0.149950	0.033875
