Zeitstempel: 18.9.2013 15:08:43
Signalquelle: Sample/Hold Verstärker
Modus: FM


Bemerkung: Durchlaufzeit 50s
FM
Strom Helmholtz -45mA
Amplitude 45mV
Richtung min->max
min Frequenz 5400Hz
max Frequenz 5800Hz

Frequenz in Hz	S/H-Signal in V
5400,125000	-0,679321
5400,250000	-0,694580
5400,375000	-0,684509
5400,500000	-0,680847
5400,625000	-0,679321
5400,750000	-0,681152
5400,875000	-0,668945
5401,000000	-0,668945
5401,125000	-0,670166
5401,250000	-0,674744
5401,375000	-0,668335
5401,500000	-0,698852
5401,625000	-0,676880
5401,750000	-0,676269
5401,875000	-0,686035
5402,000000	-0,673523
5402,125000	-0,722046
5402,250000	-0,694885
5402,375000	-0,693664
5402,500000	-0,700378
5402,625000	-0,711670
5402,750000	-0,659485
5402,875000	-0,659180
5403,000000	-0,723572
5403,125000	-0,663452
5403,250000	-0,660400
5403,375000	-0,640259
5403,500000	-0,640259
5403,625000	-0,679626
5403,750000	-0,717468
5403,875000	-0,693970
5404,000000	-0,692139
5404,125000	-0,704651
5404,250000	-0,714416
5404,375000	-0,682983
5404,500000	-0,696716
5404,625000	-0,697021
5404,750000	-0,707092
5404,875000	-0,695801
5405,000000	-0,685120
5405,125000	-0,694580
5405,250000	-0,685120
5405,375000	-0,658264
5405,500000	-0,706482
5405,625000	-0,674133
5405,750000	-0,672302
5405,875000	-0,686951
5406,000000	-0,666504
5406,125000	-0,679932
5406,250000	-0,648804
5406,375000	-0,650024
5406,500000	-0,681457
5406,625000	-0,638428
5406,750000	-0,671081
5406,875000	-0,668945
5407,000000	-0,694580
5407,125000	-0,668945
5407,250000	-0,686035
5407,375000	-0,647888
5407,500000	-0,649414
5407,625000	-0,671387
5407,750000	-0,677185
5407,875000	-0,662842
5408,000000	-0,659790
5408,125000	-0,670471
5408,250000	-0,695190
5408,375000	-0,639343
5408,500000	-0,683288
5408,625000	-0,682983
5408,750000	-0,711059
5408,875000	-0,658874
5409,000000	-0,682678
5409,125000	-0,697632
5409,250000	-0,696411
5409,375000	-0,683594
5409,500000	-0,677185
5409,625000	-0,675659
5409,750000	-0,675354
5409,875000	-0,687256
5410,000000	-0,677795
5410,125000	-0,701904
5410,250000	-0,730286
5410,375000	-0,730896
5410,500000	-0,683899
5410,625000	-0,711975
5410,750000	-0,700378
5410,875000	-0,698547
5411,000000	-0,698852
5411,125000	-0,661621
5411,250000	-0,673218
5411,375000	-0,722961
5411,500000	-0,721130
5411,625000	-0,685120
5411,750000	-0,706787
5411,875000	-0,653686
5412,000000	-0,699768
5412,125000	-0,700684
5412,250000	-0,683899
5412,375000	-0,696106
5412,500000	-0,704346
5412,625000	-0,702820
5412,750000	-0,655212
5412,875000	-0,705566
5413,000000	-0,666504
5413,125000	-0,716553
5413,250000	-0,714416
5413,375000	-0,698547
5413,500000	-0,691528
5413,625000	-0,694885
5413,750000	-0,693970
5413,875000	-0,693359
5414,000000	-0,690308
5414,125000	-0,676880
5414,250000	-0,658569
5414,375000	-0,657959
5414,500000	-0,693054
5414,625000	-0,667114
5414,750000	-0,681152
5414,875000	-0,679932
5415,000000	-0,727539
5415,125000	-0,696411
5415,250000	-0,659180
5415,375000	-0,715332
5415,500000	-0,714416
5415,625000	-0,677185
5415,750000	-0,679626
5415,875000	-0,645752
5416,000000	-0,670166
5416,125000	-0,672913
5416,250000	-0,666809
5416,375000	-0,746460
5416,500000	-0,691528
5416,625000	-0,691528
5416,750000	-0,708923
5416,875000	-0,693664
5417,000000	-0,691833
5417,125000	-0,689697
5417,250000	-0,688171
5417,375000	-0,695190
5417,500000	-0,671997
5417,625000	-0,698547
5417,750000	-0,698242
5417,875000	-0,697021
5418,000000	-0,693054
5418,125000	-0,655212
5418,250000	-0,685120
5418,375000	-0,685425
5418,500000	-0,679626
5418,625000	-0,659485
5418,750000	-0,665283
5418,875000	-0,664978
5419,000000	-0,675354
5419,125000	-0,675659
5419,250000	-0,656433
5419,375000	-0,667419
5419,500000	-0,666809
5419,625000	-0,675354
5419,750000	-0,654602
5419,875000	-0,676880
5420,000000	-0,672913
5420,125000	-0,699158
5420,250000	-0,667725
5420,375000	-0,648498
5420,500000	-0,654602
5420,625000	-0,654602
5420,750000	-0,683594
5420,875000	-0,673828
5421,000000	-0,677795
5421,125000	-0,691833
5421,250000	-0,690613
5421,375000	-0,705566
5421,500000	-0,653992
5421,625000	-0,666504
5421,750000	-0,666504
5421,875000	-0,683288
5422,000000	-0,666809
5422,125000	-0,681152
5422,250000	-0,659485
5422,375000	-0,660705
5422,500000	-0,664368
5422,625000	-0,667114
5422,750000	-0,687256
5422,875000	-0,686035
5423,000000	-0,700378
5423,125000	-0,669556
5423,250000	-0,675964
5423,375000	-0,665893
5423,500000	-0,666504
5423,625000	-0,682983
5423,750000	-0,653992
5423,875000	-0,701294
5424,000000	-0,698242
5424,125000	-0,661621
5424,250000	-0,653076
5424,375000	-0,708923
5424,500000	-0,680237
5424,625000	-0,680237
5424,750000	-0,681152
5424,875000	-0,688782
5425,000000	-0,700073
5425,125000	-0,662231
5425,250000	-0,664062
5425,375000	-0,693054
5425,500000	-0,690308
5425,625000	-0,690308
5425,750000	-0,690002
5425,875000	-0,675354
5426,000000	-0,671387
5426,125000	-0,668030
5426,250000	-0,660095
5426,375000	-0,658569
5426,500000	-0,679321
5426,625000	-0,664062
5426,750000	-0,679932
5426,875000	-0,680237
5427,000000	-0,680847
5427,125000	-0,674133
5427,250000	-0,631409
5427,375000	-0,631409
5427,500000	-0,630188
5427,625000	-0,680847
5427,750000	-0,683899
5427,875000	-0,711670
5428,000000	-0,708923
5428,125000	-0,692444
5428,250000	-0,634155
5428,375000	-0,684204
5428,500000	-0,657349
5428,625000	-0,654907
5428,750000	-0,665588
5428,875000	-0,650635
5429,000000	-0,690308
5429,125000	-0,690918
5429,250000	-0,694275
5429,375000	-0,684509
5429,500000	-0,634460
5429,625000	-0,663757
5429,750000	-0,664062
5429,875000	-0,670166
5430,000000	-0,661011
5430,125000	-0,685730
5430,250000	-0,650635
5430,375000	-0,650940
5430,500000	-0,658264
5430,625000	-0,646973
5430,750000	-0,674438
5430,875000	-0,673218
5431,000000	-0,666199
5431,125000	-0,658264
5431,250000	-0,651245
5431,375000	-0,673218
5431,500000	-0,671692
5431,625000	-0,723267
5431,750000	-0,680237
5431,875000	-0,667114
5432,000000	-0,664673
5432,125000	-0,696716
5432,250000	-0,707397
5432,375000	-0,667725
5432,500000	-0,682983
5432,625000	-0,682373
5432,750000	-0,681457
5432,875000	-0,629272
5433,000000	-0,681152
5433,125000	-0,678406
5433,250000	-0,683594
5433,375000	-0,687561
5433,500000	-0,657349
5433,625000	-0,702209
5433,750000	-0,702209
5433,875000	-0,690002
5434,000000	-0,651855
5434,125000	-0,679016
5434,250000	-0,703735
5434,375000	-0,703125
5434,500000	-0,643005
5434,625000	-0,701599
5434,750000	-0,626526
5434,875000	-0,626831
5435,000000	-0,695496
5435,125000	-0,664368
5435,250000	-0,664062
5435,375000	-0,666504
5435,500000	-0,666809
5435,625000	-0,660400
5435,750000	-0,679932
5435,875000	-0,662231
5436,000000	-0,660095
5436,125000	-0,646973
5436,250000	-0,688476
5436,375000	-0,641174
5436,500000	-0,693970
5436,625000	-0,692749
5436,750000	-0,641479
5436,875000	-0,717468
5437,000000	-0,676269
5437,125000	-0,659485
5437,250000	-0,660400
5437,375000	-0,695190
5437,500000	-0,657654
5437,625000	-0,676269
5437,750000	-0,674744
5437,875000	-0,653381
5438,000000	-0,681763
5438,125000	-0,679321
5438,250000	-0,685120
5438,375000	-0,684814
5438,500000	-0,653992
5438,625000	-0,696106
5438,750000	-0,632324
5438,875000	-0,630188
5439,000000	-0,686645
5439,125000	-0,686645
5439,250000	-0,697632
5439,375000	-0,639954
5439,500000	-0,639343
5439,625000	-0,646973
5439,750000	-0,674744
5439,875000	-0,701599
5440,000000	-0,700989
5440,125000	-0,654907
5440,250000	-0,671081
5440,375000	-0,668640
5440,500000	-0,618286
5440,625000	-0,619812
5440,750000	-0,700989
5440,875000	-0,654297
5441,000000	-0,657654
5441,125000	-0,633240
5441,250000	-0,682678
5441,375000	-0,704040
5441,500000	-0,675659
5441,625000	-0,699768
5441,750000	-0,698852
5441,875000	-0,671997
5442,000000	-0,661926
5442,125000	-0,700684
5442,250000	-0,654602
5442,375000	-0,656128
5442,500000	-0,708008
5442,625000	-0,657654
5442,750000	-0,670166
5442,875000	-0,669250
5443,000000	-0,685730
5443,125000	-0,661011
5443,250000	-0,665588
5443,375000	-0,673523
5443,500000	-0,674744
5443,625000	-0,667419
5443,750000	-0,671081
5443,875000	-0,696716
5444,000000	-0,697327
5444,125000	-0,629272
5444,250000	-0,626221
5444,375000	-0,668030
5444,500000	-0,705261
5444,625000	-0,705261
5444,750000	-0,682068
5444,875000	-0,651550
5445,000000	-0,655212
5445,125000	-0,650330
5445,250000	-0,709228
5445,375000	-0,678406
5445,500000	-0,660400
5445,625000	-0,683899
5445,750000	-0,682678
5445,875000	-0,674744
5446,000000	-0,699768
5446,125000	-0,650330
5446,250000	-0,676575
5446,375000	-0,677185
5446,500000	-0,671692
5446,625000	-0,664062
5446,750000	-0,668640
5446,875000	-0,667725
5447,000000	-0,668030
5447,125000	-0,669250
5447,250000	-0,650330
5447,375000	-0,674133
5447,500000	-0,673828
5447,625000	-0,678406
5447,750000	-0,693054
5447,875000	-0,630798
5448,000000	-0,628967
5448,125000	-0,657349
5448,250000	-0,693359
5448,375000	-0,679626
5448,500000	-0,675354
5448,625000	-0,676575
5448,750000	-0,701294
5448,875000	-0,676575
5449,000000	-0,674438
5449,125000	-0,672302
5449,250000	-0,682373
5449,375000	-0,683288
5449,500000	-0,674744
5449,625000	-0,665588
5449,750000	-0,665893
5449,875000	-0,707703
5450,000000	-0,668335
5450,125000	-0,687561
5450,250000	-0,690308
5450,375000	-0,657654
5450,500000	-0,634155
5450,625000	-0,633545
5450,750000	-0,653992
5450,875000	-0,653992
5451,000000	-0,638122
5451,125000	-0,691833
5451,250000	-0,693970
5451,375000	-0,662842
5451,500000	-0,661926
5451,625000	-0,663452
5451,750000	-0,675354
5451,875000	-0,671692
5452,000000	-0,671692
5452,125000	-0,655212
5452,250000	-0,643616
5452,375000	-0,704651
5452,500000	-0,692139
5452,625000	-0,692749
5452,750000	-0,672607
5452,875000	-0,648193
5453,000000	-0,662537
5453,125000	-0,662842
5453,250000	-0,653992
5453,375000	-0,685730
5453,500000	-0,630798
5453,625000	-0,697327
5453,750000	-0,697021
5453,875000	-0,646057
5454,000000	-0,671997
5454,125000	-0,671081
5454,250000	-0,681152
5454,375000	-0,664368
5454,500000	-0,661316
5454,625000	-0,638733
5454,750000	-0,660095
5454,875000	-0,659485
5455,000000	-0,664673
5455,125000	-0,676575
5455,250000	-0,668640
5455,375000	-0,650024
5455,500000	-0,650024
5455,625000	-0,626831
5455,750000	-0,649414
5455,875000	-0,657349
5456,000000	-0,657043
5456,125000	-0,679016
5456,250000	-0,666504
5456,375000	-0,692444
5456,500000	-0,636291
5456,625000	-0,640564
5456,750000	-0,661011
5456,875000	-0,706787
5457,000000	-0,685730
5457,125000	-0,686340
5457,250000	-0,676880
5457,375000	-0,656128
5457,500000	-0,634460
5457,625000	-0,641479
5457,750000	-0,639038
5457,875000	-0,646057
5458,000000	-0,643005
5458,125000	-0,674438
5458,250000	-0,669250
5458,375000	-0,666809
5458,500000	-0,679321
5458,625000	-0,636291
5458,750000	-0,660095
5458,875000	-0,659485
5459,000000	-0,688171
5459,125000	-0,646057
5459,250000	-0,655212
5459,375000	-0,650330
5459,500000	-0,650635
5459,625000	-0,646973
5459,750000	-0,655517
5459,875000	-0,614014
5460,000000	-0,614014
5460,125000	-0,621643
5460,250000	-0,672913
5460,375000	-0,629578
5460,500000	-0,659485
5460,625000	-0,657349
5460,750000	-0,640564
5460,875000	-0,637512
5461,000000	-0,619507
5461,125000	-0,617065
5461,250000	-0,618286
5461,375000	-0,667725
5461,500000	-0,645752
5461,625000	-0,636597
5461,750000	-0,636597
5461,875000	-0,675049
5462,000000	-0,655212
5462,125000	-0,662537
5462,250000	-0,658264
5462,375000	-0,635986
5462,500000	-0,648804
5462,625000	-0,615845
5462,750000	-0,641174
5462,875000	-0,640564
5463,000000	-0,654297
5463,125000	-0,641479
5463,250000	-0,629578
5463,375000	-0,650635
5463,500000	-0,654602
5463,625000	-0,644836
5463,750000	-0,664368
5463,875000	-0,600586
5464,000000	-0,600281
5464,125000	-0,669556
5464,250000	-0,625305
5464,375000	-0,685730
5464,500000	-0,652466
5464,625000	-0,651245
5464,750000	-0,645447
5464,875000	-0,679626
5465,000000	-0,658569
5465,125000	-0,658264
5465,250000	-0,650330
5465,375000	-0,621643
5465,500000	-0,623169
5465,625000	-0,705872
5465,750000	-0,707703
5465,875000	-0,637512
5466,000000	-0,651550
5466,125000	-0,638122
5466,250000	-0,634766
5466,375000	-0,681763
5466,500000	-0,632019
5466,625000	-0,630798
5466,750000	-0,646973
5466,875000	-0,647888
5467,000000	-0,659180
5467,125000	-0,637817
5467,250000	-0,638428
5467,375000	-0,630188
5467,500000	-0,633850
5467,625000	-0,597229
5467,750000	-0,630798
5467,875000	-0,604553
5468,000000	-0,600891
5468,125000	-0,631103
5468,250000	-0,665893
5468,375000	-0,627746
5468,500000	-0,608520
5468,625000	-0,608215
5468,750000	-0,635071
5468,875000	-0,638122
5469,000000	-0,654602
5469,125000	-0,656128
5469,250000	-0,660095
5469,375000	-0,641785
5469,500000	-0,619507
5469,625000	-0,600281
5469,750000	-0,602417
5469,875000	-0,621643
5470,000000	-0,656433
5470,125000	-0,641479
5470,250000	-0,640869
5470,375000	-0,613403
5470,500000	-0,619812
5470,625000	-0,595703
5470,750000	-0,641174
5470,875000	-0,640564
5471,000000	-0,618896
5471,125000	-0,592346
5471,250000	-0,593567
5471,375000	-0,592956
5471,500000	-0,627441
5471,625000	-0,621948
5471,750000	-0,623779
5471,875000	-0,588989
5472,000000	-0,589905
5472,125000	-0,615845
5472,250000	-0,586548
5472,375000	-0,587463
5472,500000	-0,584106
5472,625000	-0,589905
5472,750000	-0,612793
5472,875000	-0,635376
5473,000000	-0,610657
5473,125000	-0,610046
5473,250000	-0,605163
5473,375000	-0,596924
5473,500000	-0,594788
5473,625000	-0,637817
5473,750000	-0,635681
5473,875000	-0,577698
5474,000000	-0,591736
5474,125000	-0,591125
5474,250000	-0,588379
5474,375000	-0,604553
5474,500000	-0,589600
5474,625000	-0,621948
5474,750000	-0,589905
5474,875000	-0,589600
5475,000000	-0,642700
5475,125000	-0,579224
5475,250000	-0,593262
5475,375000	-0,590210
5475,500000	-0,582580
5475,625000	-0,611877
5475,750000	-0,589905
5475,875000	-0,624390
5476,000000	-0,623474
5476,125000	-0,639038
5476,250000	-0,585632
5476,375000	-0,564880
5476,500000	-0,585022
5476,625000	-0,588989
5476,750000	-0,567017
5476,875000	-0,604553
5477,000000	-0,609741
5477,125000	-0,609131
5477,250000	-0,585022
5477,375000	-0,585632
5477,500000	-0,587158
5477,625000	-0,561523
5477,750000	-0,559692
5477,875000	-0,575561
5478,000000	-0,602112
5478,125000	-0,584412
5478,250000	-0,582886
5478,375000	-0,575561
5478,500000	-0,549316
5478,625000	-0,571899
5478,750000	-0,559997
5478,875000	-0,560913
5479,000000	-0,574951
5479,125000	-0,590515
5479,250000	-0,553894
5479,375000	-0,550232
5479,500000	-0,534363
5479,625000	-0,585327
5479,750000	-0,551758
5479,875000	-0,563049
5480,000000	-0,562439
5480,125000	-0,575867
5480,250000	-0,562744
5480,375000	-0,544434
5480,500000	-0,566711
5480,625000	-0,570068
5480,750000	-0,538635
5480,875000	-0,580444
5481,000000	-0,534058
5481,125000	-0,534363
5481,250000	-0,556641
5481,375000	-0,558166
5481,500000	-0,550842
5481,625000	-0,587463
5481,750000	-0,585327
5481,875000	-0,545959
5482,000000	-0,567017
5482,125000	-0,570068
5482,250000	-0,568542
5482,375000	-0,564270
5482,500000	-0,540161
5482,625000	-0,531921
5482,750000	-0,534973
5482,875000	-0,534363
5483,000000	-0,504455
5483,125000	-0,568237
5483,250000	-0,552978
5483,375000	-0,550232
5483,500000	-0,530395
5483,625000	-0,556030
5483,750000	-0,558166
5483,875000	-0,556030
5484,000000	-0,557251
5484,125000	-0,546265
5484,250000	-0,563354
5484,375000	-0,591431
5484,500000	-0,495605
5484,625000	-0,520019
5484,750000	-0,550537
5484,875000	-0,574036
5485,000000	-0,549316
5485,125000	-0,549316
5485,250000	-0,565796
5485,375000	-0,546875
5485,500000	-0,563049
5485,625000	-0,557556
5485,750000	-0,610657
5485,875000	-0,566101
5486,000000	-0,567017
5486,125000	-0,565491
5486,250000	-0,563660
5486,375000	-0,556030
5486,500000	-0,544434
5486,625000	-0,559692
5486,750000	-0,523682
5486,875000	-0,528564
5487,000000	-0,531006
5487,125000	-0,509643
5487,250000	-0,568542
5487,375000	-0,567322
5487,500000	-0,525513
5487,625000	-0,548401
5487,750000	-0,527649
5487,875000	-0,540466
5488,000000	-0,538940
5488,125000	-0,513916
5488,250000	-0,556030
5488,375000	-0,525818
5488,500000	-0,524597
5488,625000	-0,560608
5488,750000	-0,532837
5488,875000	-0,534363
5489,000000	-0,508423
5489,125000	-0,505981
5489,250000	-0,522156
5489,375000	-0,493164
5489,500000	-0,518799
5489,625000	-0,514831
5489,750000	-0,495605
5489,875000	-0,526733
5490,000000	-0,523071
5490,125000	-0,534973
5490,250000	-0,534973
5490,375000	-0,523071
5490,500000	-0,508118
5490,625000	-0,500793
5490,750000	-0,463562
5490,875000	-0,484924
5491,000000	-0,497436
5491,125000	-0,514831
5491,250000	-0,493774
5491,375000	-0,493164
5491,500000	-0,495300
5491,625000	-0,470886
5491,750000	-0,495911
5491,875000	-0,448303
5492,000000	-0,451355
5492,125000	-0,515442
5492,250000	-0,478210
5492,375000	-0,510864
5492,500000	-0,509643
5492,625000	-0,504761
5492,750000	-0,486450
5492,875000	-0,476990
5493,000000	-0,462036
5493,125000	-0,462646
5493,250000	-0,471802
5493,375000	-0,513611
5493,500000	-0,484314
5493,625000	-0,482483
5493,750000	-0,494080
5493,875000	-0,480652
5494,000000	-0,508423
5494,125000	-0,490112
5494,250000	-0,490417
5494,375000	-0,461121
5494,500000	-0,432434
5494,625000	-0,483704
5494,750000	-0,479736
5494,875000	-0,460815
5495,000000	-0,433350
5495,125000	-0,491333
5495,250000	-0,457458
5495,375000	-0,459595
5495,500000	-0,493774
5495,625000	-0,422058
5495,750000	-0,454407
5495,875000	-0,451355
5496,000000	-0,455933
5496,125000	-0,474853
5496,250000	-0,459900
5496,375000	-0,470276
5496,500000	-0,469665
5496,625000	-0,432129
5496,750000	-0,475464
5496,875000	-0,449829
5497,000000	-0,434265
5497,125000	-0,432739
5497,250000	-0,436096
5497,375000	-0,451355
5497,500000	-0,426941
5497,625000	-0,425110
5497,750000	-0,419617
5497,875000	-0,376892
5498,000000	-0,410461
5498,125000	-0,447082
5498,250000	-0,446167
5498,375000	-0,412292
5498,500000	-0,435791
5498,625000	-0,434875
5498,750000	-0,433350
5498,875000	-0,401916
5499,000000	-0,388489
5499,125000	-0,439453
5499,250000	-0,465698
5499,375000	-0,462952
5499,500000	-0,378723
5499,625000	-0,395813
5499,750000	-0,459289
5499,875000	-0,340271
5500,000000	-0,338745
5500,125000	-0,377808
5500,250000	-0,488892
5500,375000	-0,430603
5500,500000	-0,430908
5500,625000	-0,417786
5500,750000	-0,412598
5500,875000	-0,415955
5501,000000	-0,383606
5501,125000	-0,382996
5501,250000	-0,384827
5501,375000	-0,375061
5501,500000	-0,415039
5501,625000	-0,411072
5501,750000	-0,370178
5501,875000	-0,414734
5502,000000	-0,403442
5502,125000	-0,407410
5502,250000	-0,407104
5502,375000	-0,386658
5502,500000	-0,417480
5502,625000	-0,375976
5502,750000	-0,398865
5502,875000	-0,402832
5503,000000	-0,393982
5503,125000	-0,327454
5503,250000	-0,375671
5503,375000	-0,373535
5503,500000	-0,404663
5503,625000	-0,376587
5503,750000	-0,352478
5503,875000	-0,344238
5504,000000	-0,340881
5504,125000	-0,340881
5504,250000	-0,468140
5504,375000	-0,387268
5504,500000	-0,386352
5504,625000	-0,407104
5504,750000	-0,292663
5504,875000	-0,260010
5505,000000	-0,349731
5505,125000	-0,349731
5505,250000	-0,359497
5505,375000	-0,345764
5505,500000	-0,347290
5505,625000	-0,337524
5505,750000	-0,339966
5505,875000	-0,373535
5506,000000	-0,337830
5506,125000	-0,333862
5506,250000	-0,332642
5506,375000	-0,324097
5506,500000	-0,332336
5506,625000	-0,290527
5506,750000	-0,286865
5506,875000	-0,327759
5507,000000	-0,315246
5507,125000	-0,388794
5507,250000	-0,342712
5507,375000	-0,340881
5507,500000	-0,287781
5507,625000	-0,354919
5507,750000	-0,329895
5507,875000	-0,327759
5508,000000	-0,324402
5508,125000	-0,260010
5508,250000	-0,302429
5508,375000	-0,304565
5508,500000	-0,301514
5508,625000	-0,263977
5508,750000	-0,304565
5508,875000	-0,266113
5509,000000	-0,293579
5509,125000	-0,297851
5509,250000	-0,238342
5509,375000	-0,309753
5509,500000	-0,311584
5509,625000	-0,309753
5509,750000	-0,294800
5509,875000	-0,295105
5510,000000	-0,278931
5510,125000	-0,209350
5510,250000	-0,207214
5510,375000	-0,332947
5510,500000	-0,232544
5510,625000	-0,333252
5510,750000	-0,261536
5510,875000	-0,283813
5511,000000	-0,243530
5511,125000	-0,230102
5511,250000	-0,289001
5511,375000	-0,288696
5511,500000	-0,260925
5511,625000	-0,263367
5511,750000	-0,343017
5511,875000	-0,308838
5512,000000	-0,309143
5512,125000	-0,286560
5512,250000	-0,286560
5512,375000	-0,256348
5512,500000	-0,256958
5512,625000	-0,260620
5512,750000	-0,306091
5512,875000	-0,266724
5513,000000	-0,295105
5513,125000	-0,299072
5513,250000	-0,245361
5513,375000	-0,260315
5513,500000	-0,281372
5513,625000	-0,278320
5513,750000	-0,297851
5513,875000	-0,310974
5514,000000	-0,231323
5514,125000	-0,282898
5514,250000	-0,282898
5514,375000	-0,238647
5514,500000	-0,261230
5514,625000	-0,219421
5514,750000	-0,213928
5514,875000	-0,308227
5515,000000	-0,295715
5515,125000	-0,217895
5515,250000	-0,294800
5515,375000	-0,293579
5515,500000	-0,278931
5515,625000	-0,284729
5515,750000	-0,218201
5515,875000	-0,256042
5516,000000	-0,258789
5516,125000	-0,232239
5516,250000	-0,256653
5516,375000	-0,345764
5516,500000	-0,342407
5516,625000	-0,260010
5516,750000	-0,260010
5516,875000	-0,216370
5517,000000	-0,229492
5517,125000	-0,227051
5517,250000	-0,252991
5517,375000	-0,266724
5517,500000	-0,229492
5517,625000	-0,227356
5517,750000	-0,242615
5517,875000	-0,271301
5518,000000	-0,246277
5518,125000	-0,228882
5518,250000	-0,229492
5518,375000	-0,311279
5518,500000	-0,212402
5518,625000	-0,222778
5518,750000	-0,219726
5518,875000	-0,245666
5519,000000	-0,202331
5519,125000	-0,187073
5519,250000	-0,218201
5519,375000	-0,215759
5519,500000	-0,213623
5519,625000	-0,166931
5519,750000	-0,278625
5519,875000	-0,206909
5520,000000	-0,191040
5520,125000	-0,191040
5520,250000	-0,176392
5520,375000	-0,186157
5520,500000	-0,183411
5520,625000	-0,164795
5520,750000	-0,137329
5520,875000	-0,135193
5521,000000	-0,173950
5521,125000	-0,175171
5521,250000	-0,154419
5521,375000	-0,195007
5521,500000	-0,150757
5521,625000	-0,149536
5521,750000	-0,143433
5521,875000	-0,144958
5522,000000	-0,151367
5522,125000	-0,204163
5522,250000	-0,200195
5522,375000	-0,147400
5522,500000	-0,158081
5522,625000	-0,169067
5522,750000	-0,167847
5522,875000	-0,140381
5523,000000	-0,148621
5523,125000	-0,165100
5523,250000	-0,100708
5523,375000	-0,098267
5523,500000	-0,182800
5523,625000	-0,118103
5523,750000	-0,075378
5523,875000	-0,074158
5524,000000	-0,130615
5524,125000	-0,095215
5524,250000	-0,122681
5524,375000	-0,107727
5524,500000	-0,108642
5524,625000	-0,115967
5524,750000	-0,131836
5524,875000	-0,141601
5525,000000	-0,140381
5525,125000	-0,000915
5525,250000	-0,082092
5525,375000	-0,153503
5525,500000	-0,106506
5525,625000	-0,103760
5525,750000	-0,114136
5525,875000	-0,079346
5526,000000	-0,158691
5526,125000	-0,064697
5526,250000	-0,064697
5526,375000	-0,071411
5526,500000	-0,168457
5526,625000	-0,134277
5526,750000	-0,134888
5526,875000	-0,030823
5527,000000	-0,079651
5527,125000	-0,064697
5527,250000	-0,136108
5527,375000	-0,132751
5527,500000	-0,140686
5527,625000	-0,022583
5527,750000	0,041809
5527,875000	0,041809
5528,000000	0,031433
5528,125000	-0,013733
5528,250000	-0,067444
5528,375000	0,045166
5528,500000	0,046692
5528,625000	-0,005798
5528,750000	0,008545
5528,875000	-0,004578
5529,000000	-0,032959
5529,125000	-0,033569
5529,250000	-0,032043
5529,375000	-0,056152
5529,500000	-0,041504
5529,625000	-0,039978
5529,750000	0,032654
5529,875000	-0,031433
5530,000000	-0,016785
5530,125000	0,027466
5530,250000	0,026245
5530,375000	0,021362
5530,500000	-0,006714
5530,625000	-0,025940
5530,750000	-0,024414
5530,875000	0,001221
5531,000000	-0,034790
5531,125000	-0,031433
5531,250000	0,003967
5531,375000	0,005493
5531,500000	0,012512
5531,625000	0,070191
5531,750000	0,033264
5531,875000	0,032654
5532,000000	0,020447
5532,125000	0,007935
5532,250000	0,064392
5532,375000	0,023193
5532,500000	0,024414
5532,625000	0,006104
5532,750000	0,061951
5532,875000	0,045166
5533,000000	0,043030
5533,125000	0,010071
5533,250000	0,043030
5533,375000	0,059509
5533,500000	0,034790
5533,625000	0,037537
5533,750000	0,123291
5533,875000	0,128174
5534,000000	0,114136
5534,125000	0,115967
5534,250000	0,067749
5534,375000	0,060730
5534,500000	0,044251
5534,625000	0,050354
5534,750000	0,050049
5534,875000	0,097351
5535,000000	0,064697
5535,125000	0,074158
5535,250000	0,120545
5535,375000	0,118713
5535,500000	0,092468
5535,625000	0,089111
5535,750000	0,062866
5535,875000	0,065003
5536,000000	0,129700
5536,125000	0,130920
5536,250000	0,148316
5536,375000	0,108948
5536,500000	0,110474
5536,625000	0,109863
5536,750000	0,125427
5536,875000	0,099793
5537,000000	0,135803
5537,125000	0,131531
5537,250000	0,098572
5537,375000	0,122681
5537,500000	0,085144
5537,625000	0,086670
5537,750000	0,097351
5537,875000	0,108032
5538,000000	0,130005
5538,125000	0,132141
5538,250000	0,184937
5538,375000	0,137329
5538,500000	0,125122
5538,625000	0,159607
5538,750000	0,158691
5538,875000	0,186462
5539,000000	0,166321
5539,125000	0,184326
5539,250000	0,153198
5539,375000	0,151978
5539,500000	0,149536
5539,625000	0,152283
5539,750000	0,177612
5539,875000	0,175781
5540,000000	0,162964
5540,125000	0,122070
5540,250000	0,203858
5540,375000	0,145569
5540,500000	0,148316
5540,625000	0,191345
5540,750000	0,177918
5540,875000	0,163269
5541,000000	0,162659
5541,125000	0,218811
5541,250000	0,205383
5541,375000	0,211182
5541,500000	0,195313
5541,625000	0,196228
5541,750000	0,242310
5541,875000	0,195007
5542,000000	0,180359
5542,125000	0,234070
5542,250000	0,233765
5542,375000	0,177002
5542,500000	0,229187
5542,625000	0,217285
5542,750000	0,218201
5542,875000	0,248718
5543,000000	0,285034
5543,125000	0,221558
5543,250000	0,222778
5543,375000	0,222778
5543,500000	0,187378
5543,625000	0,213013
5543,750000	0,295715
5543,875000	0,294495
5544,000000	0,262451
5544,125000	0,216065
5544,250000	0,297546
5544,375000	0,223084
5544,500000	0,220642
5544,625000	0,218506
5544,750000	0,138855
5544,875000	0,258789
5545,000000	0,263062
5545,125000	0,249329
5545,250000	0,303650
5545,375000	0,233765
5545,500000	0,302734
5545,625000	0,303650
5545,750000	0,242310
5545,875000	0,220337
5546,000000	0,331116
5546,125000	0,316162
5546,250000	0,317078
5546,375000	0,317993
5546,500000	0,292664
5546,625000	0,368042
5546,750000	0,367432
5546,875000	0,281067
5547,000000	0,275574
5547,125000	0,322876
5547,250000	0,308533
5547,375000	0,308838
5547,500000	0,326843
5547,625000	0,334168
5547,750000	0,349121
5547,875000	0,349121
5548,000000	0,326233
5548,125000	0,327149
5548,250000	0,246582
5548,375000	0,312500
5548,500000	0,312805
5548,625000	0,306702
5548,750000	0,272827
5548,875000	0,372925
5549,000000	0,373840
5549,125000	0,315857
5549,250000	0,310669
5549,375000	0,371704
5549,500000	0,397949
5549,625000	0,398254
5549,750000	0,347290
5549,875000	0,391541
5550,000000	0,370789
5550,125000	0,286560
5550,250000	0,286560
5550,375000	0,339356
5550,500000	0,310059
5550,625000	0,333862
5550,750000	0,334168
5550,875000	0,368347
5551,000000	0,326843
5551,125000	0,323792
5551,250000	0,306702
5551,375000	0,307617
5551,500000	0,404358
5551,625000	0,387879
5551,750000	0,367432
5551,875000	0,368347
5552,000000	0,391541
5552,125000	0,366821
5552,250000	0,310669
5552,375000	0,368347
5552,500000	0,368958
5552,625000	0,321045
5552,750000	0,390015
5552,875000	0,364075
5553,000000	0,363464
5553,125000	0,415039
5553,250000	0,395203
5553,375000	0,364990
5553,500000	0,382080
5553,625000	0,383606
5553,750000	0,417481
5553,875000	0,324097
5554,000000	0,401917
5554,125000	0,392761
5554,250000	0,398560
5554,375000	0,357056
5554,500000	0,428772
5554,625000	0,424194
5554,750000	0,423584
5554,875000	0,386963
5555,000000	0,406494
5555,125000	0,426636
5555,250000	0,363464
5555,375000	0,363770
5555,500000	0,399475
5555,625000	0,365906
5555,750000	0,430298
5555,875000	0,430603
5556,000000	0,374146
5556,125000	0,358582
5556,250000	0,383911
5556,375000	0,438843
5556,500000	0,438233
5556,625000	0,390625
5556,750000	0,420227
5556,875000	0,464478
5557,000000	0,466004
5557,125000	0,372315
5557,250000	0,451965
5557,375000	0,365601
5557,500000	0,467835
5557,625000	0,468750
5557,750000	0,467224
5557,875000	0,416870
5558,000000	0,431213
5558,125000	0,411072
5558,250000	0,410767
5558,375000	0,437622
5558,500000	0,455017
5558,625000	0,443726
5558,750000	0,442810
5558,875000	0,436096
5559,000000	0,455322
5559,125000	0,438233
5559,250000	0,382080
5559,375000	0,381775
5559,500000	0,443115
5559,625000	0,465088
5559,750000	0,454407
5559,875000	0,454407
5560,000000	0,399475
5560,125000	0,462341
5560,250000	0,450134
5560,375000	0,444946
5560,500000	0,446167
5560,625000	0,435486
5560,750000	0,522461
5560,875000	0,444031
5561,000000	0,444946
5561,125000	0,452576
5561,250000	0,487976
5561,375000	0,462341
5561,500000	0,459900
5561,625000	0,460205
5561,750000	0,447388
5561,875000	0,452271
5562,000000	0,490418
5562,125000	0,494995
5562,250000	0,421143
5562,375000	0,401611
5562,500000	0,484009
5562,625000	0,471497
5562,750000	0,471191
5562,875000	0,453186
5563,000000	0,462341
5563,125000	0,395203
5563,250000	0,409546
5563,375000	0,411072
5563,500000	0,455017
5563,625000	0,467224
5563,750000	0,417481
5563,875000	0,418091
5564,000000	0,562439
5564,125000	0,502014
5564,250000	0,455628
5564,375000	0,527039
5564,500000	0,527039
5564,625000	0,414734
5564,750000	0,452271
5564,875000	0,470581
5565,000000	0,471497
5565,125000	0,502930
5565,250000	0,474854
5565,375000	0,500183
5565,500000	0,473938
5565,625000	0,474854
5565,750000	0,484924
5565,875000	0,469666
5566,000000	0,503235
5566,125000	0,504150
5566,250000	0,494080
5566,375000	0,472107
5566,500000	0,462952
5566,625000	0,529175
5566,750000	0,530701
5566,875000	0,458984
5567,000000	0,452576
5567,125000	0,507507
5567,250000	0,391846
5567,375000	0,391541
5567,500000	0,539856
5567,625000	0,499573
5567,750000	0,442200
5567,875000	0,441284
5568,000000	0,465393
5568,125000	0,445862
5568,250000	0,485840
5568,375000	0,500488
5568,500000	0,499878
5568,625000	0,489502
5568,750000	0,507813
5568,875000	0,493775
5569,000000	0,492554
5569,125000	0,518189
5569,250000	0,496521
5569,375000	0,457153
5569,500000	0,487061
5569,625000	0,484924
5569,750000	0,489807
5569,875000	0,455933
5570,000000	0,490112
5570,125000	0,492249
5570,250000	0,476379
5570,375000	0,480347
5570,500000	0,501404
5570,625000	0,491638
5570,750000	0,491333
5570,875000	0,609741
5571,000000	0,484009
5571,125000	0,510254
5571,250000	0,515442
5571,375000	0,515747
5571,500000	0,491638
5571,625000	0,495911
5571,750000	0,513611
5571,875000	0,513611
5572,000000	0,464172
5572,125000	0,487061
5572,250000	0,500488
5572,375000	0,484924
5572,500000	0,485230
5572,625000	0,497131
5572,750000	0,461731
5572,875000	0,474854
5573,000000	0,476685
5573,125000	0,440674
5573,250000	0,477600
5573,375000	0,483093
5573,500000	0,501099
5573,625000	0,500488
5573,750000	0,490723
5573,875000	0,490112
5574,000000	0,482483
5574,125000	0,485535
5574,250000	0,490723
5574,375000	0,440064
5574,500000	0,489197
5574,625000	0,517578
5574,750000	0,517883
5574,875000	0,497131
5575,000000	0,504456
5575,125000	0,465393
5575,250000	0,495606
5575,375000	0,493164
5575,500000	0,513306
5575,625000	0,556336
5575,750000	0,494385
5575,875000	0,494080
5576,000000	0,469055
5576,125000	0,442200
5576,250000	0,532532
5576,375000	0,509033
5576,500000	0,507202
5576,625000	0,437927
5576,750000	0,497742
5576,875000	0,556030
5577,000000	0,555725
5577,125000	0,539246
5577,250000	0,486755
5577,375000	0,489807
5577,500000	0,475769
5577,625000	0,475464
5577,750000	0,481567
5577,875000	0,535584
5578,000000	0,448608
5578,125000	0,451965
5578,250000	0,480957
5578,375000	0,469055
5578,500000	0,472717
5578,625000	0,442505
5578,750000	0,443115
5578,875000	0,479736
5579,000000	0,507202
5579,125000	0,474548
5579,250000	0,475464
5579,375000	0,459900
5579,500000	0,470886
5579,625000	0,442505
5579,750000	0,487366
5579,875000	0,486450
5580,000000	0,418701
5580,125000	0,505066
5580,250000	0,454102
5580,375000	0,457764
5580,500000	0,483704
5580,625000	0,476379
5580,750000	0,444336
5580,875000	0,429993
5581,000000	0,430908
5581,125000	0,462647
5581,250000	0,473938
5581,375000	0,447083
5581,500000	0,457153
5581,625000	0,458374
5581,750000	0,416565
5581,875000	0,431519
5582,000000	0,420227
5582,125000	0,422974
5582,250000	0,390930
5582,375000	0,390625
5582,500000	0,466309
5582,625000	0,441895
5582,750000	0,440979
5582,875000	0,428162
5583,000000	0,483093
5583,125000	0,407715
5583,250000	0,408630
5583,375000	0,469360
5583,500000	0,387268
5583,625000	0,422974
5583,750000	0,442505
5583,875000	0,443421
5584,000000	0,386353
5584,125000	0,486145
5584,250000	0,429688
5584,375000	0,444946
5584,500000	0,445557
5584,625000	0,480957
5584,750000	0,428772
5584,875000	0,437927
5585,000000	0,441589
5585,125000	0,448608
5585,250000	0,450745
5585,375000	0,456543
5585,500000	0,419312
5585,625000	0,419922
5585,750000	0,459900
5585,875000	0,426636
5586,000000	0,407410
5586,125000	0,409851
5586,250000	0,365601
5586,375000	0,436096
5586,500000	0,441284
5586,625000	0,395203
5586,750000	0,397949
5586,875000	0,398865
5587,000000	0,364685
5587,125000	0,430298
5587,250000	0,426636
5587,375000	0,424500
5587,500000	0,440674
5587,625000	0,411682
5587,750000	0,465088
5587,875000	0,464172
5588,000000	0,431824
5588,125000	0,409241
5588,250000	0,354309
5588,375000	0,452576
5588,500000	0,453796
5588,625000	0,397949
5588,750000	0,357056
5588,875000	0,371399
5589,000000	0,369873
5589,125000	0,411987
5589,250000	0,375977
5589,375000	0,410767
5589,500000	0,408020
5589,625000	0,407105
5589,750000	0,414734
5589,875000	0,368347
5590,000000	0,368347
5590,125000	0,371399
5590,250000	0,343628
5590,375000	0,364380
5590,500000	0,364075
5590,625000	0,422058
5590,750000	0,424500
5590,875000	0,419006
5591,000000	0,372315
5591,125000	0,379028
5591,250000	0,356751
5591,375000	0,357971
5591,500000	0,333557
5591,625000	0,325623
5591,750000	0,439148
5591,875000	0,439148
5592,000000	0,320435
5592,125000	0,364990
5592,250000	0,333862
5592,375000	0,370483
5592,500000	0,371704
5592,625000	0,382080
5592,750000	0,345154
5592,875000	0,335999
5593,000000	0,335083
5593,125000	0,307312
5593,250000	0,343933
5593,375000	0,334473
5593,500000	0,309754
5593,625000	0,307617
5593,750000	0,350952
5593,875000	0,316162
5594,000000	0,287171
5594,125000	0,288696
5594,250000	0,316162
5594,375000	0,340576
5594,500000	0,323486
5594,625000	0,378723
5594,750000	0,378723
5594,875000	0,317383
5595,000000	0,313721
5595,125000	0,327454
5595,250000	0,328369
5595,375000	0,286255
5595,500000	0,296021
5595,625000	0,350952
5595,750000	0,269470
5595,875000	0,268860
5596,000000	0,298462
5596,125000	0,297546
5596,250000	0,278931
5596,375000	0,284119
5596,500000	0,306702
5596,625000	0,314331
5596,750000	0,275879
5596,875000	0,318298
5597,000000	0,319824
5597,125000	0,304260
5597,250000	0,306091
5597,375000	0,256348
5597,500000	0,257263
5597,625000	0,256653
5597,750000	0,296936
5597,875000	0,241699
5598,000000	0,275879
5598,125000	0,278320
5598,250000	0,264282
5598,375000	0,289307
5598,500000	0,289612
5598,625000	0,266113
5598,750000	0,265503
5598,875000	0,270996
5599,000000	0,237122
5599,125000	0,234985
5599,250000	0,231323
5599,375000	0,229187
5599,500000	0,292969
5599,625000	0,240784
5599,750000	0,260925
5599,875000	0,260925
5600,000000	0,246582
5600,125000	0,244141
5600,250000	0,263977
5600,375000	0,266113
5600,500000	0,216980
5600,625000	0,244751
5600,750000	0,245361
5600,875000	0,238342
5601,000000	0,241089
5601,125000	0,164795
5601,250000	0,233460
5601,375000	0,224304
5601,500000	0,279541
5601,625000	0,280457
5601,750000	0,220337
5601,875000	0,242920
5602,000000	0,190735
5602,125000	0,193482
5602,250000	0,256043
5602,375000	0,177307
5602,500000	0,219727
5602,625000	0,194397
5602,750000	0,193482
5602,875000	0,193787
5603,000000	0,194092
5603,125000	0,184631
5603,250000	0,209656
5603,375000	0,207825
5603,500000	0,187378
5603,625000	0,154724
5603,750000	0,232849
5603,875000	0,234680
5604,000000	0,141907
5604,125000	0,158997
5604,250000	0,191650
5604,375000	0,165405
5604,500000	0,166626
5604,625000	0,205994
5604,750000	0,240479
5604,875000	0,205383
5605,000000	0,205994
5605,125000	0,176392
5605,250000	0,153809
5605,375000	0,106812
5605,500000	0,206299
5605,625000	0,206299
5605,750000	0,179138
5605,875000	0,195923
5606,000000	0,191650
5606,125000	0,194092
5606,250000	0,158081
5606,375000	0,186462
5606,500000	0,159302
5606,625000	0,104981
5606,750000	0,106812
5606,875000	0,159302
5607,000000	0,167236
5607,125000	0,124512
5607,250000	0,125733
5607,375000	0,177918
5607,500000	0,112305
5607,625000	0,206909
5607,750000	0,123596
5607,875000	0,123291
5608,000000	0,148621
5608,125000	0,111694
5608,250000	0,092468
5608,375000	0,094605
5608,500000	0,129395
5608,625000	0,103455
5608,750000	0,130310
5608,875000	0,133667
5609,000000	0,132446
5609,125000	0,093079
5609,250000	0,101929
5609,375000	0,106506
5609,500000	0,097656
5609,625000	0,097962
5609,750000	0,086975
5609,875000	0,106812
5610,000000	0,087891
5610,125000	0,088196
5610,250000	0,072022
5610,375000	0,130005
5610,500000	0,090942
5610,625000	0,127564
5610,750000	0,129700
5610,875000	0,117188
5611,000000	0,042114
5611,125000	0,043335
5611,250000	0,045471
5611,375000	0,072937
5611,500000	0,101013
5611,625000	0,087586
5611,750000	0,083008
5611,875000	0,083618
5612,000000	0,050049
5612,125000	0,052185
5612,250000	0,117798
5612,375000	0,119324
5612,500000	0,021668
5612,625000	0,087280
5612,750000	0,058899
5612,875000	0,050354
5613,000000	0,052490
5613,125000	0,085754
5613,250000	0,065918
5613,375000	0,057373
5613,500000	0,054627
5613,625000	0,053711
5613,750000	0,038452
5613,875000	0,122070
5614,000000	0,049133
5614,125000	0,049744
5614,250000	0,059509
5614,375000	0,061340
5614,500000	0,038452
5614,625000	0,040894
5614,750000	0,041504
5614,875000	-0,001221
5615,000000	-0,062561
5615,125000	0,039368
5615,250000	0,040894
5615,375000	0,044251
5615,500000	0,016174
5615,625000	0,028381
5615,750000	0,060425
5615,875000	0,058899
5616,000000	0,020447
5616,125000	0,002747
5616,250000	0,024719
5616,375000	-0,013122
5616,500000	0,039673
5616,625000	0,049133
5616,750000	-0,013733
5616,875000	0,007629
5617,000000	0,007629
5617,125000	0,026245
5617,250000	-0,059204
5617,375000	-0,017395
5617,500000	-0,002441
5617,625000	-0,000610
5617,750000	-0,053711
5617,875000	-0,017700
5618,000000	0,004883
5618,125000	0,006409
5618,250000	-0,061035
5618,375000	0,008545
5618,500000	-0,025635
5618,625000	0,008240
5618,750000	0,010376
5618,875000	0,000000
5619,000000	-0,017090
5619,125000	-0,055542
5619,250000	-0,055237
5619,375000	-0,057373
5619,500000	-0,003052
5619,625000	0,005493
5619,750000	0,010986
5619,875000	0,013123
5620,000000	-0,016174
5620,125000	-0,023193
5620,250000	-0,043640
5620,375000	-0,019226
5620,500000	-0,019531
5620,625000	-0,036316
5620,750000	0,003662
5620,875000	-0,025330
5621,000000	-0,023498
5621,125000	-0,047302
5621,250000	-0,079956
5621,375000	-0,063171
5621,500000	-0,079346
5621,625000	-0,075378
5621,750000	-0,097046
5621,875000	-0,048523
5622,000000	-0,065918
5622,125000	-0,065918
5622,250000	-0,079346
5622,375000	-0,059509
5622,500000	-0,060730
5622,625000	-0,059509
5622,750000	-0,057373
5622,875000	-0,100403
5623,000000	-0,071716
5623,125000	-0,019531
5623,250000	-0,019226
5623,375000	-0,051269
5623,500000	-0,099487
5623,625000	-0,094299
5623,750000	-0,145569
5623,875000	-0,142822
5624,000000	-0,143127
5624,125000	-0,090942
5624,250000	-0,156555
5624,375000	-0,088196
5624,500000	-0,084534
5624,625000	-0,125427
5624,750000	-0,130005
5624,875000	-0,042114
5625,000000	-0,042419
5625,125000	-0,139465
5625,250000	-0,154114
5625,375000	-0,074768
5625,500000	-0,135803
5625,625000	-0,135498
5625,750000	-0,107422
5625,875000	-0,143738
5626,000000	-0,165710
5626,125000	-0,162964
5626,250000	-0,158081
5626,375000	-0,125427
5626,500000	-0,149536
5626,625000	-0,151977
5626,750000	-0,148621
5626,875000	-0,174866
5627,000000	-0,116272
5627,125000	-0,168762
5627,250000	-0,176392
5627,375000	-0,176392
5627,500000	-0,143127
5627,625000	-0,149231
5627,750000	-0,140076
5627,875000	-0,136413
5628,000000	-0,148926
5628,125000	-0,186157
5628,250000	-0,194092
5628,375000	-0,253296
5628,500000	-0,255127
5628,625000	-0,183105
5628,750000	-0,149841
5628,875000	-0,180359
5629,000000	-0,177307
5629,125000	-0,197754
5629,250000	-0,212097
5629,375000	-0,162048
5629,500000	-0,199890
5629,625000	-0,197143
5629,750000	-0,175476
5629,875000	-0,207519
5630,000000	-0,209961
5630,125000	-0,208130
5630,250000	-0,219116
5630,375000	-0,162964
5630,500000	-0,158691
5630,625000	-0,237121
5630,750000	-0,235901
5630,875000	-0,202331
5631,000000	-0,186767
5631,125000	-0,195923
5631,250000	-0,190735
5631,375000	-0,182190
5631,500000	-0,254211
5631,625000	-0,241089
5631,750000	-0,189209
5631,875000	-0,188293
5632,000000	-0,230102
5632,125000	-0,290527
5632,250000	-0,200806
5632,375000	-0,256348
5632,500000	-0,259094
5632,625000	-0,204468
5632,750000	-0,234070
5632,875000	-0,240478
5633,000000	-0,234070
5633,125000	-0,243225
5633,250000	-0,238647
5633,375000	-0,255127
5633,500000	-0,252685
5633,625000	-0,252380
5633,750000	-0,231018
5633,875000	-0,259399
5634,000000	-0,261230
5634,125000	-0,273743
5634,250000	-0,238953
5634,375000	-0,273437
5634,500000	-0,241699
5634,625000	-0,223694
5634,750000	-0,222473
5634,875000	-0,293884
5635,000000	-0,234680
5635,125000	-0,250854
5635,250000	-0,247803
5635,375000	-0,319214
5635,500000	-0,275268
5635,625000	-0,270386
5635,750000	-0,296326
5635,875000	-0,294495
5636,000000	-0,258484
5636,125000	-0,271301
5636,250000	-0,269165
5636,375000	-0,204468
5636,500000	-0,209961
5636,625000	-0,304871
5636,750000	-0,285644
5636,875000	-0,292053
5637,000000	-0,290222
5637,125000	-0,264892
5637,250000	-0,259094
5637,375000	-0,269775
5637,500000	-0,339661
5637,625000	-0,339050
5637,750000	-0,314941
5637,875000	-0,276794
5638,000000	-0,287781
5638,125000	-0,286255
5638,250000	-0,287476
5638,375000	-0,265198
5638,500000	-0,297546
5638,625000	-0,285644
5638,750000	-0,286255
5638,875000	-0,335998
5639,000000	-0,297241
5639,125000	-0,313415
5639,250000	-0,306702
5639,375000	-0,368347
5639,500000	-0,293884
5639,625000	-0,235290
5639,750000	-0,313721
5639,875000	-0,310669
5640,000000	-0,303039
5640,125000	-0,317383
5640,250000	-0,332336
5640,375000	-0,343933
5640,500000	-0,343323
5640,625000	-0,262146
5640,750000	-0,351562
5640,875000	-0,312500
5641,000000	-0,307922
5641,125000	-0,288391
5641,250000	-0,316162
5641,375000	-0,265503
5641,500000	-0,318298
5641,625000	-0,317078
5641,750000	-0,320740
5641,875000	-0,322571
5642,000000	-0,333557
5642,125000	-0,339050
5642,250000	-0,341186
5642,375000	-0,361633
5642,500000	-0,318298
5642,625000	-0,330200
5642,750000	-0,328674
5642,875000	-0,347900
5643,000000	-0,352478
5643,125000	-0,346374
5643,250000	-0,341186
5643,375000	-0,375671
5643,500000	-0,362854
5643,625000	-0,368042
5643,750000	-0,319824
5643,875000	-0,318909
5644,000000	-0,373535
5644,125000	-0,361023
5644,250000	-0,334473
5644,375000	-0,341186
5644,500000	-0,341797
5644,625000	-0,398559
5644,750000	-0,377808
5644,875000	-0,347290
5645,000000	-0,342712
5645,125000	-0,346985
5645,250000	-0,428772
5645,375000	-0,398254
5645,500000	-0,331116
5645,625000	-0,330200
5645,750000	-0,381775
5645,875000	-0,374145
5646,000000	-0,406799
5646,125000	-0,403137
5646,250000	-0,377197
5646,375000	-0,370788
5646,500000	-0,391235
5646,625000	-0,426330
5646,750000	-0,423584
5646,875000	-0,362549
5647,000000	-0,307617
5647,125000	-0,426025
5647,250000	-0,365295
5647,375000	-0,375366
5647,500000	-0,387878
5647,625000	-0,380249
5647,750000	-0,425720
5647,875000	-0,426941
5648,000000	-0,411377
5648,125000	-0,410767
5648,250000	-0,385437
5648,375000	-0,403747
5648,500000	-0,403137
5648,625000	-0,354309
5648,750000	-0,365906
5648,875000	-0,401611
5649,000000	-0,401306
5649,125000	-0,432129
5649,250000	-0,401916
5649,375000	-0,389709
5649,500000	-0,466919
5649,625000	-0,466309
5649,750000	-0,401916
5649,875000	-0,450134
5650,000000	-0,433350
5650,125000	-0,429687
5650,250000	-0,429993
5650,375000	-0,400696
5650,500000	-0,415955
5650,625000	-0,415955
5650,750000	-0,414123
5650,875000	-0,421448
5651,000000	-0,432129
5651,125000	-0,461426
5651,250000	-0,431213
5651,375000	-0,435791
5651,500000	-0,423889
5651,625000	-0,421448
5651,750000	-0,377808
5651,875000	-0,376587
5652,000000	-0,463257
5652,125000	-0,440063
5652,250000	-0,441894
5652,375000	-0,437012
5652,500000	-0,436401
5652,625000	-0,429077
5652,750000	-0,433655
5652,875000	-0,455933
5653,000000	-0,455933
5653,125000	-0,433350
5653,250000	-0,462036
5653,375000	-0,490723
5653,500000	-0,454407
5653,625000	-0,453186
5653,750000	-0,513916
5653,875000	-0,457458
5654,000000	-0,442505
5654,125000	-0,411682
5654,250000	-0,411682
5654,375000	-0,472107
5654,500000	-0,483093
5654,625000	-0,470581
5654,750000	-0,470581
5654,875000	-0,414429
5655,000000	-0,447388
5655,125000	-0,443726
5655,250000	-0,482483
5655,375000	-0,481872
5655,500000	-0,467834
5655,625000	-0,437622
5655,750000	-0,498352
5655,875000	-0,497131
5656,000000	-0,444336
5656,125000	-0,456543
5656,250000	-0,470276
5656,375000	-0,484314
5656,500000	-0,484314
5656,625000	-0,494995
5656,750000	-0,447693
5656,875000	-0,451355
5657,000000	-0,449829
5657,125000	-0,505981
5657,250000	-0,524597
5657,375000	-0,493164
5657,500000	-0,453796
5657,625000	-0,455627
5657,750000	-0,539856
5657,875000	-0,489502
5658,000000	-0,429077
5658,125000	-0,424194
5658,250000	-0,516968
5658,375000	-0,480957
5658,500000	-0,478821
5658,625000	-0,490112
5658,750000	-0,488892
5658,875000	-0,499267
5659,000000	-0,412598
5659,125000	-0,479431
5659,250000	-0,473328
5659,375000	-0,476379
5659,500000	-0,436706
5659,625000	-0,489807
5659,750000	-0,484009
5659,875000	-0,485535
5660,000000	-0,475769
5660,125000	-0,465088
5660,250000	-0,454407
5660,375000	-0,511475
5660,500000	-0,511475
5660,625000	-0,486145
5660,750000	-0,478210
5660,875000	-0,485229
5661,000000	-0,482178
5661,125000	-0,487976
5661,250000	-0,525207
5661,375000	-0,520019
5661,500000	-0,464783
5661,625000	-0,464172
5661,750000	-0,450134
5661,875000	-0,498047
5662,000000	-0,498657
5662,125000	-0,482788
5662,250000	-0,481262
5662,375000	-0,523071
5662,500000	-0,502624
5662,625000	-0,564270
5662,750000	-0,564575
5662,875000	-0,405273
5663,000000	-0,472717
5663,125000	-0,504455
5663,250000	-0,488586
5663,375000	-0,487976
5663,500000	-0,520630
5663,625000	-0,480957
5663,750000	-0,496216
5663,875000	-0,494385
5664,000000	-0,567322
5664,125000	-0,516357
5664,250000	-0,531921
5664,375000	-0,513611
5664,500000	-0,512390
5664,625000	-0,489807
5664,750000	-0,482483
5664,875000	-0,503540
5665,000000	-0,501404
5665,125000	-0,513306
5665,250000	-0,499267
5665,375000	-0,520019
5665,500000	-0,500793
5665,625000	-0,499878
5665,750000	-0,495300
5665,875000	-0,527954
5666,000000	-0,544739
5666,125000	-0,551453
5666,250000	-0,555115
5666,375000	-0,477295
5666,500000	-0,549316
5666,625000	-0,516052
5666,750000	-0,514526
5666,875000	-0,558166
5667,000000	-0,495605
5667,125000	-0,556030
5667,250000	-0,582886
5667,375000	-0,580139
5667,500000	-0,539246
5667,625000	-0,537720
5667,750000	-0,532226
5667,875000	-0,525207
5668,000000	-0,539246
5668,125000	-0,543518
5668,250000	-0,513000
5668,375000	-0,563660
5668,500000	-0,563354
5668,625000	-0,542297
5668,750000	-0,567932
5668,875000	-0,563660
5669,000000	-0,464783
5669,125000	-0,467529
5669,250000	-0,564575
5669,375000	-0,533142
5669,500000	-0,505981
5669,625000	-0,505676
5669,750000	-0,608215
5669,875000	-0,535278
5670,000000	-0,543823
5670,125000	-0,490112
5670,250000	-0,490112
5670,375000	-0,595093
5670,500000	-0,539246
5670,625000	-0,512390
5670,750000	-0,511475
5670,875000	-0,556641
5671,000000	-0,572205
5671,125000	-0,629883
5671,250000	-0,519714
5671,375000	-0,520019
5671,500000	-0,568848
5671,625000	-0,598144
5671,750000	-0,555420
5671,875000	-0,554809
5672,000000	-0,620422
5672,125000	-0,565185
5672,250000	-0,519104
5672,375000	-0,633545
5672,500000	-0,632019
5672,625000	-0,577087
5672,750000	-0,586243
5672,875000	-0,556030
5673,000000	-0,549621
5673,125000	-0,517578
5673,250000	-0,601807
5673,375000	-0,593872
5673,500000	-0,553589
5673,625000	-0,551453
5673,750000	-0,593872
5673,875000	-0,542602
5674,000000	-0,560303
5674,125000	-0,554809
5674,250000	-0,559387
5674,375000	-0,549011
5674,500000	-0,514526
5674,625000	-0,588684
5674,750000	-0,589600
5674,875000	-0,560913
5675,000000	-0,545349
5675,125000	-0,586853
5675,250000	-0,601501
5675,375000	-0,601501
5675,500000	-0,577698
5675,625000	-0,580444
5675,750000	-0,583191
5675,875000	-0,582275
5676,000000	-0,626221
5676,125000	-0,566406
5676,250000	-0,628967
5676,375000	-0,617371
5676,500000	-0,616150
5676,625000	-0,621643
5676,750000	-0,545349
5676,875000	-0,536804
5677,000000	-0,592651
5677,125000	-0,592346
5677,250000	-0,602722
5677,375000	-0,565185
5677,500000	-0,646362
5677,625000	-0,643310
5677,750000	-0,617065
5677,875000	-0,616150
5678,000000	-0,575867
5678,125000	-0,606689
5678,250000	-0,608520
5678,375000	-0,585937
5678,500000	-0,624390
5678,625000	-0,553589
5678,750000	-0,552978
5678,875000	-0,595398
5679,000000	-0,635986
5679,125000	-0,571594
5679,250000	-0,574036
5679,375000	-0,574341
5679,500000	-0,596313
5679,625000	-0,594177
5679,750000	-0,560303
5679,875000	-0,559387
5680,000000	-0,605163
5680,125000	-0,621643
5680,250000	-0,605163
5680,375000	-0,575256
5680,500000	-0,575561
5680,625000	-0,647583
5680,750000	-0,581970
5680,875000	-0,661621
5681,000000	-0,658874
5681,125000	-0,516357
5681,250000	-0,570984
5681,375000	-0,540161
5681,500000	-0,629272
5681,625000	-0,629578
5681,750000	-0,657654
5681,875000	-0,607300
5682,000000	-0,621643
5682,125000	-0,576477
5682,250000	-0,578308
5682,375000	-0,572205
5682,500000	-0,592346
5682,625000	-0,626526
5682,750000	-0,623779
5682,875000	-0,639343
5683,000000	-0,637817
5683,125000	-0,613403
5683,250000	-0,627136
5683,375000	-0,626221
5683,500000	-0,495300
5683,625000	-0,573120
5683,750000	-0,632019
5683,875000	-0,599670
5684,000000	-0,606689
5684,125000	-0,613708
5684,250000	-0,578918
5684,375000	-0,598755
5684,500000	-0,598755
5684,625000	-0,646057
5684,750000	-0,638733
5684,875000	-0,566711
5685,000000	-0,561829
5685,125000	-0,626221
5685,250000	-0,647888
5685,375000	-0,549927
5685,500000	-0,603027
5685,625000	-0,603027
5685,750000	-0,552368
5685,875000	-0,658874
5686,000000	-0,641479
5686,125000	-0,633850
5686,250000	-0,633240
5686,375000	-0,591125
5686,500000	-0,635681
5686,625000	-0,652466
5686,750000	-0,647888
5686,875000	-0,602112
5687,000000	-0,635376
5687,125000	-0,619202
5687,250000	-0,634766
5687,375000	-0,635071
5687,500000	-0,612183
5687,625000	-0,650330
5687,750000	-0,602722
5687,875000	-0,601501
5688,000000	-0,630798
5688,125000	-0,668030
5688,250000	-0,632629
5688,375000	-0,629883
5688,500000	-0,630798
5688,625000	-0,645447
5688,750000	-0,617676
5688,875000	-0,639038
5689,000000	-0,654602
5689,125000	-0,654297
5689,250000	-0,657654
5689,375000	-0,619507
5689,500000	-0,569153
5689,625000	-0,568542
5689,750000	-0,631409
5689,875000	-0,603027
5690,000000	-0,647583
5690,125000	-0,620422
5690,250000	-0,618286
5690,375000	-0,610046
5690,500000	-0,655823
5690,625000	-0,601501
5690,750000	-0,600891
5690,875000	-0,656738
5691,000000	-0,585327
5691,125000	-0,642700
5691,250000	-0,630798
5691,375000	-0,629578
5691,500000	-0,570679
5691,625000	-0,629883
5691,750000	-0,642700
5691,875000	-0,639648
5692,000000	-0,661926
5692,125000	-0,602722
5692,250000	-0,642700
5692,375000	-0,610351
5692,500000	-0,609436
5692,625000	-0,657654
5692,750000	-0,606995
5692,875000	-0,674744
5693,000000	-0,623474
5693,125000	-0,618286
5693,250000	-0,653686
5693,375000	-0,637817
5693,500000	-0,639954
5693,625000	-0,639343
5693,750000	-0,639343
5693,875000	-0,684814
5694,000000	-0,650024
5694,125000	-0,649719
5694,250000	-0,647583
5694,375000	-0,607910
5694,500000	-0,651550
5694,625000	-0,648193
5694,750000	-0,646667
5694,875000	-0,584717
5695,000000	-0,653992
5695,125000	-0,676575
5695,250000	-0,609131
5695,375000	-0,609131
5695,500000	-0,668945
5695,625000	-0,657959
5695,750000	-0,679321
5695,875000	-0,699158
5696,000000	-0,697327
5696,125000	-0,676575
5696,250000	-0,644531
5696,375000	-0,668030
5696,500000	-0,669250
5696,625000	-0,693664
5696,750000	-0,610351
5696,875000	-0,617676
5697,000000	-0,608520
5697,125000	-0,606995
5697,250000	-0,618286
5697,375000	-0,722961
5697,500000	-0,662842
5697,625000	-0,661316
5697,750000	-0,664062
5697,875000	-0,651550
5698,000000	-0,671081
5698,125000	-0,616760
5698,250000	-0,615539
5698,375000	-0,666199
5698,500000	-0,576172
5698,625000	-0,644836
5698,750000	-0,643310
5698,875000	-0,666199
5699,000000	-0,720215
5699,125000	-0,646973
5699,250000	-0,614929
5699,375000	-0,615539
5699,500000	-0,665283
5699,625000	-0,618591
5699,750000	-0,682373
5699,875000	-0,679626
5700,000000	-0,624084
5700,125000	-0,651855
5700,250000	-0,652161
5700,375000	-0,639038
5700,500000	-0,636597
5700,625000	-0,607300
5700,750000	-0,690613
5700,875000	-0,630798
5701,000000	-0,707092
5701,125000	-0,710754
5701,250000	-0,660705
5701,375000	-0,686035
5701,500000	-0,642090
5701,625000	-0,643005
5701,750000	-0,654907
5701,875000	-0,665893
5702,000000	-0,634460
5702,125000	-0,643616
5702,250000	-0,644226
5702,375000	-0,657959
5702,500000	-0,646973
5702,625000	-0,606995
5702,750000	-0,711365
5702,875000	-0,708313
5703,000000	-0,659180
5703,125000	-0,660705
5703,250000	-0,592346
5703,375000	-0,593262
5703,500000	-0,629578
5703,625000	-0,625915
5703,750000	-0,666199
5703,875000	-0,626526
5704,000000	-0,626221
5704,125000	-0,661316
5704,250000	-0,654602
5704,375000	-0,667419
5704,500000	-0,665893
5704,625000	-0,672607
5704,750000	-0,685730
5704,875000	-0,581360
5705,000000	-0,682373
5705,125000	-0,683288
5705,250000	-0,663452
5705,375000	-0,634766
5705,500000	-0,672302
5705,625000	-0,671387
5705,750000	-0,670166
5705,875000	-0,638122
5706,000000	-0,639038
5706,125000	-0,703430
5706,250000	-0,700684
5706,375000	-0,655823
5706,500000	-0,664368
5706,625000	-0,663757
5706,750000	-0,659790
5706,875000	-0,699463
5707,000000	-0,618591
5707,125000	-0,644226
5707,250000	-0,700989
5707,375000	-0,700684
5707,500000	-0,678711
5707,625000	-0,697327
5707,750000	-0,664978
5707,875000	-0,661316
5708,000000	-0,676575
5708,125000	-0,689087
5708,250000	-0,636597
5708,375000	-0,659485
5708,500000	-0,656738
5708,625000	-0,691833
5708,750000	-0,651855
5708,875000	-0,697327
5709,000000	-0,670471
5709,125000	-0,670776
5709,250000	-0,653992
5709,375000	-0,643616
5709,500000	-0,627441
5709,625000	-0,625610
5709,750000	-0,651550
5709,875000	-0,671997
5710,000000	-0,664368
5710,125000	-0,661011
5710,250000	-0,659790
5710,375000	-0,677795
5710,500000	-0,669250
5710,625000	-0,642700
5710,750000	-0,674133
5710,875000	-0,681152
5711,000000	-0,700684
5711,125000	-0,708008
5711,250000	-0,639038
5711,375000	-0,638122
5711,500000	-0,666504
5711,625000	-0,638428
5711,750000	-0,667419
5711,875000	-0,694275
5712,000000	-0,693359
5712,125000	-0,686035
5712,250000	-0,645447
5712,375000	-0,683594
5712,500000	-0,681763
5712,625000	-0,626526
5712,750000	-0,648498
5712,875000	-0,663147
5713,000000	-0,701904
5713,125000	-0,700378
5713,250000	-0,701599
5713,375000	-0,602112
5713,500000	-0,721741
5713,625000	-0,723572
5713,750000	-0,690002
5713,875000	-0,684509
5714,000000	-0,621643
5714,125000	-0,682373
5714,250000	-0,681152
5714,375000	-0,637817
5714,500000	-0,642700
5714,625000	-0,657959
5714,750000	-0,657959
5714,875000	-0,653381
5715,000000	-0,700684
5715,125000	-0,719604
5715,250000	-0,653076
5715,375000	-0,650940
5715,500000	-0,689087
5715,625000	-0,688476
5715,750000	-0,679016
5715,875000	-0,683288
5716,000000	-0,671387
5716,125000	-0,701904
5716,250000	-0,623169
5716,375000	-0,654907
5716,500000	-0,656128
5716,625000	-0,640869
5716,750000	-0,684204
5716,875000	-0,656128
5717,000000	-0,666504
5717,125000	-0,668640
5717,250000	-0,615539
5717,375000	-0,646057
5717,500000	-0,694885
5717,625000	-0,690613
5717,750000	-0,674744
5717,875000	-0,683288
5718,000000	-0,675049
5718,125000	-0,666809
5718,250000	-0,666504
5718,375000	-0,682678
5718,500000	-0,705261
5718,625000	-0,724792
5718,750000	-0,657043
5718,875000	-0,658569
5719,000000	-0,675964
5719,125000	-0,652161
5719,250000	-0,694885
5719,375000	-0,693359
5719,500000	-0,684204
5719,625000	-0,656433
5719,750000	-0,643310
5719,875000	-0,683288
5720,000000	-0,688476
5720,125000	-0,696716
5720,250000	-0,678101
5720,375000	-0,666199
5720,500000	-0,666199
5720,625000	-0,675964
5720,750000	-0,683899
5720,875000	-0,675659
5721,000000	-0,664368
5721,125000	-0,664673
5721,250000	-0,646973
5721,375000	-0,684509
5721,500000	-0,682983
5721,625000	-0,683594
5721,750000	-0,608826
5721,875000	-0,689392
5722,000000	-0,658569
5722,125000	-0,664368
5722,250000	-0,662842
5722,375000	-0,671692
5722,500000	-0,697327
5722,625000	-0,688782
5722,750000	-0,686645
5722,875000	-0,623474
5723,000000	-0,686951
5723,125000	-0,682068
5723,250000	-0,651550
5723,375000	-0,651550
5723,500000	-0,636597
5723,625000	-0,620727
5723,750000	-0,600281
5723,875000	-0,702820
5724,000000	-0,703430
5724,125000	-0,631409
5724,250000	-0,699768
5724,375000	-0,672913
5724,500000	-0,673523
5724,625000	-0,671997
5724,750000	-0,661316
5724,875000	-0,684204
5725,000000	-0,671387
5725,125000	-0,669556
5725,250000	-0,653076
5725,375000	-0,671081
5725,500000	-0,660095
5725,625000	-0,671081
5725,750000	-0,672302
5725,875000	-0,704346
5726,000000	-0,690918
5726,125000	-0,671387
5726,250000	-0,671081
5726,375000	-0,641174
5726,500000	-0,689697
5726,625000	-0,685120
5726,750000	-0,682373
5726,875000	-0,617676
5727,000000	-0,687256
5727,125000	-0,643005
5727,250000	-0,646362
5727,375000	-0,645142
5727,500000	-0,665893
5727,625000	-0,667419
5727,750000	-0,640564
5727,875000	-0,689392
5728,000000	-0,692444
5728,125000	-0,643616
5728,250000	-0,632934
5728,375000	-0,698547
5728,500000	-0,698242
5728,625000	-0,712891
5728,750000	-0,664978
5728,875000	-0,680237
5729,000000	-0,649414
5729,125000	-0,647583
5729,250000	-0,718079
5729,375000	-0,673828
5729,500000	-0,668335
5729,625000	-0,677490
5729,750000	-0,680847
5729,875000	-0,637817
5730,000000	-0,653076
5730,125000	-0,633850
5730,250000	-0,634460
5730,375000	-0,646362
5730,500000	-0,731506
5730,625000	-0,687866
5730,750000	-0,685425
5730,875000	-0,682678
5731,000000	-0,716858
5731,125000	-0,689697
5731,250000	-0,680847
5731,375000	-0,680237
5731,500000	-0,694580
5731,625000	-0,621948
5731,750000	-0,638122
5731,875000	-0,663452
5732,000000	-0,662842
5732,125000	-0,708313
5732,250000	-0,649719
5732,375000	-0,710144
5732,500000	-0,708618
5732,625000	-0,666809
5732,750000	-0,700989
5732,875000	-0,702820
5733,000000	-0,716247
5733,125000	-0,714111
5733,250000	-0,684204
5733,375000	-0,766296
5733,500000	-0,626221
5733,625000	-0,625915
5733,750000	-0,703735
5733,875000	-0,696106
5734,000000	-0,686645
5734,125000	-0,693359
5734,250000	-0,690613
5734,375000	-0,707703
5734,500000	-0,681152
5734,625000	-0,666504
5734,750000	-0,661011
5734,875000	-0,714416
5735,000000	-0,674133
5735,125000	-0,670166
5735,250000	-0,693359
5735,375000	-0,691833
5735,500000	-0,674744
5735,625000	-0,657654
5735,750000	-0,696411
5735,875000	-0,729370
5736,000000	-0,729980
5736,125000	-0,692749
5736,250000	-0,614014
5736,375000	-0,633545
5736,500000	-0,631103
5736,625000	-0,659485
5736,750000	-0,663757
5736,875000	-0,640869
5737,000000	-0,677185
5737,125000	-0,677185
5737,250000	-0,693664
5737,375000	-0,654297
5737,500000	-0,660705
5737,625000	-0,703125
5737,750000	-0,708618
5737,875000	-0,658264
5738,000000	-0,625915
5738,125000	-0,654907
5738,250000	-0,653686
5738,375000	-0,639343
5738,500000	-0,634766
5738,625000	-0,682678
5738,750000	-0,660705
5738,875000	-0,659790
5739,000000	-0,699768
5739,125000	-0,712280
5739,250000	-0,643005
5739,375000	-0,640869
5739,500000	-0,712891
5739,625000	-0,664062
5739,750000	-0,652466
5739,875000	-0,664978
5740,000000	-0,664062
5740,125000	-0,692139
5740,250000	-0,634766
5740,375000	-0,671387
5740,500000	-0,671387
5740,625000	-0,684509
5740,750000	-0,661011
5740,875000	-0,656433
5741,000000	-0,688782
5741,125000	-0,689697
5741,250000	-0,667725
5741,375000	-0,676575
5741,500000	-0,630188
5741,625000	-0,628052
5741,750000	-0,691833
5741,875000	-0,673523
5742,000000	-0,637817
5742,125000	-0,702209
5742,250000	-0,700684
5742,375000	-0,637512
5742,500000	-0,686035
5742,625000	-0,659485
5742,750000	-0,630798
5742,875000	-0,627441
5743,000000	-0,633545
5743,125000	-0,656433
5743,250000	-0,723877
5743,375000	-0,723572
5743,500000	-0,615234
5743,625000	-0,727844
5743,750000	-0,656738
5743,875000	-0,651855
5744,000000	-0,650635
5744,125000	-0,657654
5744,250000	-0,629883
5744,375000	-0,656433
5744,500000	-0,654907
5744,625000	-0,644836
5744,750000	-0,695496
5744,875000	-0,674438
5745,000000	-0,710754
5745,125000	-0,710449
5745,250000	-0,724182
5745,375000	-0,677185
5745,500000	-0,660400
5745,625000	-0,673523
5745,750000	-0,676269
5745,875000	-0,648498
5746,000000	-0,657959
5746,125000	-0,693970
5746,250000	-0,693359
5746,375000	-0,687561
5746,500000	-0,651550
5746,625000	-0,632324
5746,750000	-0,664673
5746,875000	-0,665893
5747,000000	-0,641174
5747,125000	-0,707092
5747,250000	-0,716553
5747,375000	-0,716553
5747,500000	-0,627136
5747,625000	-0,657043
5747,750000	-0,685425
5747,875000	-0,674744
5748,000000	-0,676269
5748,125000	-0,657959
5748,250000	-0,647888
5748,375000	-0,647278
5748,500000	-0,646973
5748,625000	-0,704040
5748,750000	-0,643921
5748,875000	-0,700684
5749,000000	-0,648498
5749,125000	-0,647888
5749,250000	-0,730591
5749,375000	-0,656128
5749,500000	-0,709534
5749,625000	-0,663452
5749,750000	-0,663757
5749,875000	-0,686035
5750,000000	-0,657043
5750,125000	-0,669861
5750,250000	-0,669861
5750,375000	-0,691223
5750,500000	-0,667725
5750,625000	-0,660095
5750,750000	-0,680847
5750,875000	-0,670471
5751,000000	-0,652466
5751,125000	-0,664368
5751,250000	-0,660400
5751,375000	-0,661011
5751,500000	-0,647583
5751,625000	-0,695190
5751,750000	-0,669250
5751,875000	-0,665893
5752,000000	-0,665283
5752,125000	-0,670166
5752,250000	-0,675354
5752,375000	-0,682068
5752,500000	-0,677185
5752,625000	-0,702820
5752,750000	-0,628052
5752,875000	-0,639648
5753,000000	-0,690918
5753,125000	-0,690613
5753,250000	-0,738220
5753,375000	-0,702515
5753,500000	-0,698852
5753,625000	-0,720215
5753,750000	-0,722351
5753,875000	-0,690613
5754,000000	-0,705566
5754,125000	-0,627441
5754,250000	-0,626526
5754,375000	-0,686340
5754,500000	-0,646362
5754,625000	-0,695496
5754,750000	-0,665283
5754,875000	-0,668640
5755,000000	-0,719299
5755,125000	-0,666504
5755,250000	-0,690308
5755,375000	-0,690613
5755,500000	-0,685425
5755,625000	-0,686645
5755,750000	-0,669861
5755,875000	-0,676575
5756,000000	-0,675659
5756,125000	-0,685730
5756,250000	-0,676880
5756,375000	-0,687866
5756,500000	-0,686645
5756,625000	-0,707703
5756,750000	-0,663147
5756,875000	-0,674438
5757,000000	-0,659180
5757,125000	-0,660095
5757,250000	-0,666809
5757,375000	-0,641174
5757,500000	-0,677490
5757,625000	-0,672302
5757,750000	-0,691223
5757,875000	-0,683288
5758,000000	-0,685730
5758,125000	-0,634155
5758,250000	-0,634155
5758,375000	-0,690613
5758,500000	-0,715637
5758,625000	-0,663147
5758,750000	-0,697937
5758,875000	-0,702209
5759,000000	-0,634766
5759,125000	-0,708008
5759,250000	-0,667419
5759,375000	-0,667725
5759,500000	-0,664673
5759,625000	-0,670166
5759,750000	-0,726623
5759,875000	-0,678101
5760,000000	-0,676880
5760,125000	-0,681457
5760,250000	-0,686645
5760,375000	-0,669250
5760,500000	-0,668640
5760,625000	-0,709228
5760,750000	-0,670776
5760,875000	-0,659485
5761,000000	-0,649109
5761,125000	-0,648498
5761,250000	-0,659485
5761,375000	-0,704040
5761,500000	-0,669250
5761,625000	-0,668030
5761,750000	-0,657349
5761,875000	-0,657349
5762,000000	-0,724487
5762,125000	-0,692749
5762,250000	-0,690918
5762,375000	-0,699158
5762,500000	-0,682068
5762,625000	-0,679932
5762,750000	-0,649414
5762,875000	-0,647583
5763,000000	-0,650940
5763,125000	-0,675964
5763,250000	-0,694885
5763,375000	-0,692749
5763,500000	-0,704956
5763,625000	-0,681152
5763,750000	-0,695496
5763,875000	-0,704346
5764,000000	-0,704346
5764,125000	-0,632324
5764,250000	-0,684814
5764,375000	-0,689697
5764,500000	-0,663452
5764,625000	-0,683288
5764,750000	-0,680542
5764,875000	-0,712585
5765,000000	-0,719299
5765,125000	-0,715332
5765,250000	-0,686035
5765,375000	-0,661926
5765,500000	-0,677795
5765,625000	-0,669250
5765,750000	-0,668945
5765,875000	-0,703735
5766,000000	-0,660095
5766,125000	-0,715942
5766,250000	-0,714416
5766,375000	-0,675659
5766,500000	-0,660705
5766,625000	-0,667114
5766,750000	-0,684509
5766,875000	-0,685730
5767,000000	-0,693359
5767,125000	-0,665283
5767,250000	-0,679321
5767,375000	-0,677795
5767,500000	-0,704346
5767,625000	-0,669250
5767,750000	-0,684509
5767,875000	-0,680847
5768,000000	-0,681763
5768,125000	-0,660400
5768,250000	-0,661011
5768,375000	-0,645752
5768,500000	-0,646362
5768,625000	-0,655823
5768,750000	-0,657043
5768,875000	-0,651550
5769,000000	-0,693359
5769,125000	-0,693359
5769,250000	-0,684204
5769,375000	-0,698852
5769,500000	-0,664978
5769,625000	-0,678406
5769,750000	-0,705566
5769,875000	-0,651245
5770,000000	-0,734863
5770,125000	-0,689087
5770,250000	-0,690613
5770,375000	-0,703735
5770,500000	-0,687866
5770,625000	-0,653686
5770,750000	-0,685425
5770,875000	-0,685425
5771,000000	-0,665283
5771,125000	-0,670166
5771,250000	-0,675354
5771,375000	-0,673523
5771,500000	-0,681457
5771,625000	-0,673523
5771,750000	-0,704040
5771,875000	-0,656433
5772,000000	-0,655823
5772,125000	-0,694885
5772,250000	-0,661926
5772,375000	-0,684814
5772,500000	-0,682678
5772,625000	-0,650940
5772,750000	-0,689392
5772,875000	-0,691833
5773,000000	-0,634766
5773,125000	-0,633545
5773,250000	-0,679321
5773,375000	-0,668335
5773,500000	-0,666199
5773,625000	-0,694275
5773,750000	-0,692139
5773,875000	-0,633545
5774,000000	-0,694580
5774,125000	-0,670776
5774,250000	-0,670776
5774,375000	-0,695190
5774,500000	-0,683594
5774,625000	-0,647583
5774,750000	-0,662842
5774,875000	-0,662231
5775,000000	-0,685120
5775,125000	-0,669250
5775,250000	-0,719910
5775,375000	-0,717773
5775,500000	-0,676269
5775,625000	-0,686951
5775,750000	-0,690002
5775,875000	-0,689392
5776,000000	-0,689392
5776,125000	-0,664978
5776,250000	-0,716247
5776,375000	-0,635681
5776,500000	-0,633850
5776,625000	-0,715942
5776,750000	-0,684204
5776,875000	-0,672913
5777,000000	-0,710144
5777,125000	-0,709534
5777,250000	-0,683594
5777,375000	-0,712585
5777,500000	-0,673523
5777,625000	-0,663757
5777,750000	-0,661316
5777,875000	-0,681152
5778,000000	-0,662537
5778,125000	-0,688171
5778,250000	-0,685120
5778,375000	-0,661621
5778,500000	-0,684204
5778,625000	-0,670776
5778,750000	-0,655517
5778,875000	-0,659485
5779,000000	-0,736694
5779,125000	-0,660095
5779,250000	-0,704651
5779,375000	-0,703430
5779,500000	-0,671692
5779,625000	-0,736999
5779,750000	-0,683594
5779,875000	-0,697021
5780,000000	-0,696411
5780,125000	-0,656738
5780,250000	-0,681152
5780,375000	-0,667419
5780,500000	-0,733337
5780,625000	-0,711059
5780,750000	-0,690308
5780,875000	-0,674438
5781,000000	-0,670166
5781,125000	-0,669250
5781,250000	-0,668640
5781,375000	-0,700684
5781,500000	-0,704346
5781,625000	-0,671081
5781,750000	-0,669556
5781,875000	-0,700378
5782,000000	-0,679016
5782,125000	-0,699768
5782,250000	-0,697021
5782,375000	-0,651245
5782,500000	-0,670471
5782,625000	-0,682373
5782,750000	-0,667725
5782,875000	-0,670471
5783,000000	-0,654297
5783,125000	-0,672607
5783,250000	-0,676880
5783,375000	-0,677185
5783,500000	-0,659790
5783,625000	-0,659180
5783,750000	-0,666809
5783,875000	-0,683288
5784,000000	-0,682373
5784,125000	-0,663757
5784,250000	-0,672302
5784,375000	-0,662231
5784,500000	-0,662842
5784,625000	-0,653076
5784,750000	-0,659790
5784,875000	-0,640564
5785,000000	-0,642090
5785,125000	-0,643310
5785,250000	-0,684814
5785,375000	-0,676880
5785,500000	-0,678711
5785,625000	-0,673828
5785,750000	-0,695496
5785,875000	-0,674744
5786,000000	-0,704346
5786,125000	-0,678711
5786,250000	-0,679932
5786,375000	-0,680542
5786,500000	-0,695190
5786,625000	-0,693970
5786,750000	-0,684814
5786,875000	-0,685120
5787,000000	-0,662537
5787,125000	-0,663452
5787,250000	-0,665893
5787,375000	-0,662231
5787,500000	-0,686340
5787,625000	-0,688782
5787,750000	-0,691528
5787,875000	-0,702515
5788,000000	-0,700378
5788,125000	-0,694275
5788,250000	-0,679016
5788,375000	-0,655517
5788,500000	-0,657043
5788,625000	-0,661926
5788,750000	-0,657349
5788,875000	-0,662537
5789,000000	-0,670471
5789,125000	-0,669250
5789,250000	-0,657043
5789,375000	-0,669556
5789,500000	-0,648193
5789,625000	-0,643921
5789,750000	-0,679932
5789,875000	-0,650635
5790,000000	-0,656738
5790,125000	-0,674438
5790,250000	-0,672913
5790,375000	-0,668030
5790,500000	-0,676880
5790,625000	-0,679016
5790,750000	-0,706177
5790,875000	-0,706482
5791,000000	-0,679932
5791,125000	-0,674438
5791,250000	-0,675049
5791,375000	-0,674438
5791,500000	-0,675049
5791,625000	-0,688476
5791,750000	-0,663147
5791,875000	-0,660400
5792,000000	-0,659485
5792,125000	-0,683899
5792,250000	-0,699463
5792,375000	-0,678101
5792,500000	-0,677795
5792,625000	-0,679016
5792,750000	-0,647888
5792,875000	-0,645752
5793,000000	-0,689087
5793,125000	-0,688171
5793,250000	-0,664978
5793,375000	-0,699768
5793,500000	-0,676269
5793,625000	-0,672302
5793,750000	-0,672607
5793,875000	-0,669861
5794,000000	-0,702209
5794,125000	-0,699768
5794,250000	-0,699463
5794,375000	-0,684204
5794,500000	-0,650024
5794,625000	-0,712891
5794,750000	-0,680542
5794,875000	-0,679932
5795,000000	-0,659485
5795,125000	-0,682983
5795,250000	-0,659180
5795,375000	-0,655823
5795,500000	-0,695801
5795,625000	-0,688476
5795,750000	-0,669861
5795,875000	-0,674744
5796,000000	-0,672302
5796,125000	-0,682373
5796,250000	-0,700073
5796,375000	-0,663147
5796,500000	-0,663147
5796,625000	-0,673828
5796,750000	-0,675354
5796,875000	-0,708618
5797,000000	-0,658569
5797,125000	-0,657654
5797,250000	-0,708618
5797,375000	-0,681763
5797,500000	-0,700378
5797,625000	-0,709839
5797,750000	-0,704040
5797,875000	-0,619507
5798,000000	-0,675354
5798,125000	-0,706482
5798,250000	-0,705872
5798,375000	-0,702820
5798,500000	-0,685425
5798,625000	-0,642700
5798,750000	-0,709228
5798,875000	-0,706787
5799,000000	-0,680237
5799,125000	-0,668945
5799,250000	-0,690002
5799,375000	-0,686951
5799,500000	-0,635071
5799,625000	-0,686340
5799,750000	-0,653992
5799,875000	-0,671997
5800,000000	-0,670776
