Zeitstempel: 18.9.2013 15:38:44
Signalquelle: Sample/Hold Verstärker
Modus: FM


Bemerkung: Durchlaufzeit 50s
FM
Strom Helmholtz -80mA
Amplitude 45mV
Richtung min->max
min Frequenz 10000Hz
max Frequenz 10400Hz

Frequenz in Hz	S/H-Signal in V
10000,125000	-0,650024
10000,250000	-0,697021
10000,375000	-0,666504
10000,500000	-0,689087
10000,625000	-0,689697
10000,750000	-0,674438
10000,875000	-0,689087
10001,000000	-0,701294
10001,125000	-0,649719
10001,250000	-0,650024
10001,375000	-0,680237
10001,500000	-0,675354
10001,625000	-0,650635
10001,750000	-0,650940
10001,875000	-0,687866
10002,000000	-0,689087
10002,125000	-0,679932
10002,250000	-0,667419
10002,375000	-0,667419
10002,500000	-0,687561
10002,625000	-0,670776
10002,750000	-0,661011
10002,875000	-0,656738
10003,000000	-0,693970
10003,125000	-0,708008
10003,250000	-0,683288
10003,375000	-0,642700
10003,500000	-0,641174
10003,625000	-0,686951
10003,750000	-0,714111
10003,875000	-0,695190
10004,000000	-0,664673
10004,125000	-0,668640
10004,250000	-0,676269
10004,375000	-0,667725
10004,500000	-0,695801
10004,625000	-0,697021
10004,750000	-0,655517
10004,875000	-0,646362
10005,000000	-0,675659
10005,125000	-0,672607
10005,250000	-0,670776
10005,375000	-0,669861
10005,500000	-0,699768
10005,625000	-0,690918
10005,750000	-0,690308
10005,875000	-0,689392
10006,000000	-0,666504
10006,125000	-0,632324
10006,250000	-0,653381
10006,375000	-0,653381
10006,500000	-0,675354
10006,625000	-0,700073
10006,750000	-0,675964
10006,875000	-0,699768
10007,000000	-0,700989
10007,125000	-0,705872
10007,250000	-0,644531
10007,375000	-0,658264
10007,500000	-0,659180
10007,625000	-0,658264
10007,750000	-0,673523
10007,875000	-0,677185
10008,000000	-0,674133
10008,125000	-0,676575
10008,250000	-0,680237
10008,375000	-0,640564
10008,500000	-0,686645
10008,625000	-0,686340
10008,750000	-0,686645
10008,875000	-0,702515
10009,000000	-0,700073
10009,125000	-0,670471
10009,250000	-0,669556
10009,375000	-0,641479
10009,500000	-0,658569
10009,625000	-0,695496
10009,750000	-0,694275
10009,875000	-0,652771
10010,000000	-0,656738
10010,125000	-0,666199
10010,250000	-0,699463
10010,375000	-0,696411
10010,500000	-0,686035
10010,625000	-0,652771
10010,750000	-0,666504
10010,875000	-0,694275
10011,000000	-0,694885
10011,125000	-0,664368
10011,250000	-0,657959
10011,375000	-0,662842
10011,500000	-0,661316
10011,625000	-0,664062
10011,750000	-0,722046
10011,875000	-0,671997
10012,000000	-0,677795
10012,125000	-0,678406
10012,250000	-0,628052
10012,375000	-0,666504
10012,500000	-0,653381
10012,625000	-0,651855
10012,750000	-0,701904
10012,875000	-0,660400
10013,000000	-0,679016
10013,125000	-0,673218
10013,250000	-0,673523
10013,375000	-0,643921
10013,500000	-0,644226
10013,625000	-0,664062
10013,750000	-0,665588
10013,875000	-0,678101
10014,000000	-0,681457
10014,125000	-0,711059
10014,250000	-0,666199
10014,375000	-0,664978
10014,500000	-0,673218
10014,625000	-0,658264
10014,750000	-0,685730
10014,875000	-0,669250
10015,000000	-0,668640
10015,125000	-0,664978
10015,250000	-0,652466
10015,375000	-0,682983
10015,500000	-0,682373
10015,625000	-0,650024
10015,750000	-0,625610
10015,875000	-0,654907
10016,000000	-0,670776
10016,125000	-0,675049
10016,250000	-0,677795
10016,375000	-0,686035
10016,500000	-0,640259
10016,625000	-0,643310
10016,750000	-0,658569
10016,875000	-0,690002
10017,000000	-0,664673
10017,125000	-0,673218
10017,250000	-0,673828
10017,375000	-0,645447
10017,500000	-0,664062
10017,625000	-0,690918
10017,750000	-0,691833
10017,875000	-0,657043
10018,000000	-0,670166
10018,125000	-0,648498
10018,250000	-0,649414
10018,375000	-0,650330
10018,500000	-0,679626
10018,625000	-0,636291
10018,750000	-0,643921
10018,875000	-0,638428
10019,000000	-0,647888
10019,125000	-0,682678
10019,250000	-0,667419
10019,375000	-0,708923
10019,500000	-0,708313
10019,625000	-0,684204
10019,750000	-0,644836
10019,875000	-0,636902
10020,000000	-0,656128
10020,125000	-0,657654
10020,250000	-0,659180
10020,375000	-0,671081
10020,500000	-0,675659
10020,625000	-0,674438
10020,750000	-0,679321
10020,875000	-0,690308
10021,000000	-0,649414
10021,125000	-0,659180
10021,250000	-0,658569
10021,375000	-0,663757
10021,500000	-0,653381
10021,625000	-0,666199
10021,750000	-0,690613
10021,875000	-0,671081
10022,000000	-0,673828
10022,125000	-0,673523
10022,250000	-0,652161
10022,375000	-0,651245
10022,500000	-0,656433
10022,625000	-0,675964
10022,750000	-0,651855
10022,875000	-0,657349
10023,000000	-0,659180
10023,125000	-0,647888
10023,250000	-0,696106
10023,375000	-0,675964
10023,500000	-0,675354
10023,625000	-0,667725
10023,750000	-0,662537
10023,875000	-0,680542
10024,000000	-0,681763
10024,125000	-0,680237
10024,250000	-0,681457
10024,375000	-0,680542
10024,500000	-0,648804
10024,625000	-0,647888
10024,750000	-0,654602
10024,875000	-0,663147
10025,000000	-0,680237
10025,125000	-0,709228
10025,250000	-0,708313
10025,375000	-0,662842
10025,500000	-0,693054
10025,625000	-0,660705
10025,750000	-0,682373
10025,875000	-0,672607
10026,000000	-0,691833
10026,125000	-0,675049
10026,250000	-0,661316
10026,375000	-0,661621
10026,500000	-0,679016
10026,625000	-0,673828
10026,750000	-0,706787
10026,875000	-0,706482
10027,000000	-0,671387
10027,125000	-0,691528
10027,250000	-0,721130
10027,375000	-0,674133
10027,500000	-0,675659
10027,625000	-0,676575
10027,750000	-0,688476
10027,875000	-0,686645
10028,000000	-0,659485
10028,125000	-0,658874
10028,250000	-0,657349
10028,375000	-0,657959
10028,500000	-0,672607
10028,625000	-0,671997
10028,750000	-0,679321
10028,875000	-0,665588
10029,000000	-0,648498
10029,125000	-0,695496
10029,250000	-0,694885
10029,375000	-0,665893
10029,500000	-0,655517
10029,625000	-0,726623
10029,750000	-0,725098
10029,875000	-0,679016
10030,000000	-0,669861
10030,125000	-0,693054
10030,250000	-0,676880
10030,375000	-0,676575
10030,500000	-0,650940
10030,625000	-0,643616
10030,750000	-0,701599
10030,875000	-0,698852
10031,000000	-0,672302
10031,125000	-0,652466
10031,250000	-0,690002
10031,375000	-0,653076
10031,500000	-0,653686
10031,625000	-0,652771
10031,750000	-0,681457
10031,875000	-0,686645
10032,000000	-0,659790
10032,125000	-0,665588
10032,250000	-0,657959
10032,375000	-0,666809
10032,500000	-0,693054
10032,625000	-0,692139
10032,750000	-0,672913
10032,875000	-0,666504
10033,000000	-0,647888
10033,125000	-0,702820
10033,250000	-0,701904
10033,375000	-0,639038
10033,500000	-0,661011
10033,625000	-0,621033
10033,750000	-0,620727
10033,875000	-0,657349
10034,000000	-0,662842
10034,125000	-0,664978
10034,250000	-0,650330
10034,375000	-0,650024
10034,500000	-0,700073
10034,625000	-0,644531
10034,750000	-0,645142
10034,875000	-0,657654
10035,000000	-0,657654
10035,125000	-0,665283
10035,250000	-0,648193
10035,375000	-0,696411
10035,500000	-0,695190
10035,625000	-0,705872
10035,750000	-0,677490
10035,875000	-0,666504
10036,000000	-0,671997
10036,125000	-0,671692
10036,250000	-0,633545
10036,375000	-0,686951
10036,500000	-0,675049
10036,625000	-0,675659
10036,750000	-0,690918
10036,875000	-0,661621
10037,000000	-0,725098
10037,125000	-0,701904
10037,250000	-0,700378
10037,375000	-0,709228
10037,500000	-0,648804
10037,625000	-0,650330
10037,750000	-0,649719
10037,875000	-0,649109
10038,000000	-0,676269
10038,125000	-0,670166
10038,250000	-0,652771
10038,375000	-0,652466
10038,500000	-0,645142
10038,625000	-0,667725
10038,750000	-0,650024
10038,875000	-0,646973
10039,000000	-0,645447
10039,125000	-0,672913
10039,250000	-0,660705
10039,375000	-0,669861
10039,500000	-0,667419
10039,625000	-0,677795
10039,750000	-0,684509
10039,875000	-0,641174
10040,000000	-0,716247
10040,125000	-0,715332
10040,250000	-0,691833
10040,375000	-0,677185
10040,500000	-0,654602
10040,625000	-0,653686
10040,750000	-0,655212
10040,875000	-0,661621
10041,000000	-0,695496
10041,125000	-0,681763
10041,250000	-0,681763
10041,375000	-0,651855
10041,500000	-0,630493
10041,625000	-0,652161
10041,750000	-0,653381
10041,875000	-0,657654
10042,000000	-0,687866
10042,125000	-0,695496
10042,250000	-0,685425
10042,375000	-0,682983
10042,500000	-0,649109
10042,625000	-0,656738
10042,750000	-0,638733
10042,875000	-0,667725
10043,000000	-0,670776
10043,125000	-0,653076
10043,250000	-0,686035
10043,375000	-0,662842
10043,500000	-0,662537
10043,625000	-0,677490
10043,750000	-0,676575
10043,875000	-0,672607
10044,000000	-0,669556
10044,125000	-0,670776
10044,250000	-0,657043
10044,375000	-0,663452
10044,500000	-0,655823
10044,625000	-0,655212
10044,750000	-0,651245
10044,875000	-0,691833
10045,000000	-0,664978
10045,125000	-0,653381
10045,250000	-0,652161
10045,375000	-0,679016
10045,500000	-0,701294
10045,625000	-0,682068
10045,750000	-0,621643
10045,875000	-0,625915
10046,000000	-0,641174
10046,125000	-0,647278
10046,250000	-0,688476
10046,375000	-0,688171
10046,500000	-0,681152
10046,625000	-0,649414
10046,750000	-0,643310
10046,875000	-0,639038
10047,000000	-0,646973
10047,125000	-0,666504
10047,250000	-0,678711
10047,375000	-0,657959
10047,500000	-0,656433
10047,625000	-0,668030
10047,750000	-0,670471
10047,875000	-0,683288
10048,000000	-0,650330
10048,125000	-0,654602
10048,250000	-0,634155
10048,375000	-0,660705
10048,500000	-0,660400
10048,625000	-0,661011
10048,750000	-0,676269
10048,875000	-0,631714
10049,000000	-0,650635
10049,125000	-0,675964
10049,250000	-0,674744
10049,375000	-0,650940
10049,500000	-0,668945
10049,625000	-0,659485
10049,750000	-0,657654
10049,875000	-0,657349
10050,000000	-0,673828
10050,125000	-0,673828
10050,250000	-0,677185
10050,375000	-0,675964
10050,500000	-0,650330
10050,625000	-0,694275
10050,750000	-0,677490
10050,875000	-0,684204
10051,000000	-0,683594
10051,125000	-0,657654
10051,250000	-0,705872
10051,375000	-0,644226
10051,500000	-0,643921
10051,625000	-0,673523
10051,750000	-0,716858
10051,875000	-0,661926
10052,000000	-0,645142
10052,125000	-0,647888
10052,250000	-0,648498
10052,375000	-0,658874
10052,500000	-0,671387
10052,625000	-0,669250
10052,750000	-0,662537
10052,875000	-0,665283
10053,000000	-0,668030
10053,125000	-0,622559
10053,250000	-0,622864
10053,375000	-0,672302
10053,500000	-0,668335
10053,625000	-0,680542
10053,750000	-0,678101
10053,875000	-0,681763
10054,000000	-0,658874
10054,125000	-0,677795
10054,250000	-0,682983
10054,375000	-0,681152
10054,500000	-0,646667
10054,625000	-0,692444
10054,750000	-0,692444
10054,875000	-0,687256
10055,000000	-0,698547
10055,125000	-0,650635
10055,250000	-0,668335
10055,375000	-0,667419
10055,500000	-0,665588
10055,625000	-0,677185
10055,750000	-0,678406
10055,875000	-0,675964
10056,000000	-0,697937
10056,125000	-0,698547
10056,250000	-0,682678
10056,375000	-0,657654
10056,500000	-0,680237
10056,625000	-0,679016
10056,750000	-0,665283
10056,875000	-0,676269
10057,000000	-0,661316
10057,125000	-0,710144
10057,250000	-0,708008
10057,375000	-0,679932
10057,500000	-0,662231
10057,625000	-0,670166
10057,750000	-0,653381
10057,875000	-0,657349
10058,000000	-0,672913
10058,125000	-0,661621
10058,250000	-0,694885
10058,375000	-0,692444
10058,500000	-0,658874
10058,625000	-0,656738
10058,750000	-0,667114
10058,875000	-0,657349
10059,000000	-0,655517
10059,125000	-0,677490
10059,250000	-0,655823
10059,375000	-0,682678
10059,500000	-0,682068
10059,625000	-0,675659
10059,750000	-0,648193
10059,875000	-0,647278
10060,000000	-0,675964
10060,125000	-0,676269
10060,250000	-0,658874
10060,375000	-0,685730
10060,500000	-0,664062
10060,625000	-0,662231
10060,750000	-0,644531
10060,875000	-0,651550
10061,000000	-0,667419
10061,125000	-0,674744
10061,250000	-0,674744
10061,375000	-0,674133
10061,500000	-0,681152
10061,625000	-0,643005
10061,750000	-0,691528
10061,875000	-0,695801
10062,000000	-0,694275
10062,125000	-0,636291
10062,250000	-0,660400
10062,375000	-0,659485
10062,500000	-0,652161
10062,625000	-0,667419
10062,750000	-0,671387
10062,875000	-0,682678
10063,000000	-0,679626
10063,125000	-0,637512
10063,250000	-0,660400
10063,375000	-0,668335
10063,500000	-0,667419
10063,625000	-0,651245
10063,750000	-0,691528
10063,875000	-0,671387
10064,000000	-0,670471
10064,125000	-0,671081
10064,250000	-0,673523
10064,375000	-0,647888
10064,500000	-0,637512
10064,625000	-0,636291
10064,750000	-0,694275
10064,875000	-0,652466
10065,000000	-0,675659
10065,125000	-0,690308
10065,250000	-0,687866
10065,375000	-0,655823
10065,500000	-0,697937
10065,625000	-0,661316
10065,750000	-0,669250
10065,875000	-0,671387
10066,000000	-0,693664
10066,125000	-0,650635
10066,250000	-0,609436
10066,375000	-0,609131
10066,500000	-0,664062
10066,625000	-0,689697
10066,750000	-0,672913
10066,875000	-0,666809
10067,000000	-0,667114
10067,125000	-0,670471
10067,250000	-0,663757
10067,375000	-0,661011
10067,500000	-0,663452
10067,625000	-0,680237
10067,750000	-0,681763
10067,875000	-0,696106
10068,000000	-0,655517
10068,125000	-0,653686
10068,250000	-0,635986
10068,375000	-0,706177
10068,500000	-0,634460
10068,625000	-0,635071
10068,750000	-0,654602
10068,875000	-0,644226
10069,000000	-0,667114
10069,125000	-0,655517
10069,250000	-0,655212
10069,375000	-0,668945
10069,500000	-0,664978
10069,625000	-0,685120
10069,750000	-0,667725
10069,875000	-0,669250
10070,000000	-0,660095
10070,125000	-0,676880
10070,250000	-0,634155
10070,375000	-0,633850
10070,500000	-0,663147
10070,625000	-0,702820
10070,750000	-0,675049
10070,875000	-0,671692
10071,000000	-0,671997
10071,125000	-0,639954
10071,250000	-0,693054
10071,375000	-0,679321
10071,500000	-0,680542
10071,625000	-0,695496
10071,750000	-0,665588
10071,875000	-0,655212
10072,000000	-0,698242
10072,125000	-0,699463
10072,250000	-0,691223
10072,375000	-0,679626
10072,500000	-0,646973
10072,625000	-0,648498
10072,750000	-0,663757
10072,875000	-0,661011
10073,000000	-0,637207
10073,125000	-0,661011
10073,250000	-0,660095
10073,375000	-0,657043
10073,500000	-0,641174
10073,625000	-0,710144
10073,750000	-0,710144
10073,875000	-0,650024
10074,000000	-0,670776
10074,125000	-0,668945
10074,250000	-0,655517
10074,375000	-0,654907
10074,500000	-0,672607
10074,625000	-0,664673
10074,750000	-0,662231
10074,875000	-0,661316
10075,000000	-0,664673
10075,125000	-0,643616
10075,250000	-0,638733
10075,375000	-0,655823
10075,500000	-0,655517
10075,625000	-0,660400
10075,750000	-0,668945
10075,875000	-0,643616
10076,000000	-0,680542
10076,125000	-0,680847
10076,250000	-0,649414
10076,375000	-0,664062
10076,500000	-0,705261
10076,625000	-0,704040
10076,750000	-0,642090
10076,875000	-0,649414
10077,000000	-0,670776
10077,125000	-0,688782
10077,250000	-0,688782
10077,375000	-0,677490
10077,500000	-0,671081
10077,625000	-0,657654
10077,750000	-0,653076
10077,875000	-0,655823
10078,000000	-0,667725
10078,125000	-0,664673
10078,250000	-0,651855
10078,375000	-0,651550
10078,500000	-0,672607
10078,625000	-0,678101
10078,750000	-0,676575
10078,875000	-0,678101
10079,000000	-0,681457
10079,125000	-0,688782
10079,250000	-0,667725
10079,375000	-0,647888
10079,500000	-0,647278
10079,625000	-0,697021
10079,750000	-0,671997
10079,875000	-0,652161
10080,000000	-0,668335
10080,125000	-0,667725
10080,250000	-0,667114
10080,375000	-0,642090
10080,500000	-0,649719
10080,625000	-0,650024
10080,750000	-0,705261
10080,875000	-0,650330
10081,000000	-0,667419
10081,125000	-0,702515
10081,250000	-0,702820
10081,375000	-0,680847
10081,500000	-0,681152
10081,625000	-0,663147
10081,750000	-0,661316
10081,875000	-0,666199
10082,000000	-0,685120
10082,125000	-0,681763
10082,250000	-0,663757
10082,375000	-0,659790
10082,500000	-0,667725
10082,625000	-0,634460
10082,750000	-0,680542
10082,875000	-0,704651
10083,000000	-0,708313
10083,125000	-0,639343
10083,250000	-0,712585
10083,375000	-0,657349
10083,500000	-0,655823
10083,625000	-0,648498
10083,750000	-0,682068
10083,875000	-0,647278
10084,000000	-0,653686
10084,125000	-0,652466
10084,250000	-0,679321
10084,375000	-0,637817
10084,500000	-0,662842
10084,625000	-0,661926
10084,750000	-0,663452
10084,875000	-0,658874
10085,000000	-0,652161
10085,125000	-0,656738
10085,250000	-0,657043
10085,375000	-0,663147
10085,500000	-0,652771
10085,625000	-0,674133
10085,750000	-0,688476
10085,875000	-0,672302
10086,000000	-0,668945
10086,125000	-0,652161
10086,250000	-0,674438
10086,375000	-0,670776
10086,500000	-0,672302
10086,625000	-0,635376
10086,750000	-0,652161
10086,875000	-0,639648
10087,000000	-0,639648
10087,125000	-0,661926
10087,250000	-0,646667
10087,375000	-0,668030
10087,500000	-0,662537
10087,625000	-0,647583
10087,750000	-0,645142
10087,875000	-0,690918
10088,000000	-0,640564
10088,125000	-0,638428
10088,250000	-0,659485
10088,375000	-0,625610
10088,500000	-0,671387
10088,625000	-0,643005
10088,750000	-0,648193
10088,875000	-0,694275
10089,000000	-0,691833
10089,125000	-0,661011
10089,250000	-0,659790
10089,375000	-0,675964
10089,500000	-0,650940
10089,625000	-0,626526
10089,750000	-0,664978
10089,875000	-0,664062
10090,000000	-0,657654
10090,125000	-0,637817
10090,250000	-0,667725
10090,375000	-0,669250
10090,500000	-0,686340
10090,625000	-0,661316
10090,750000	-0,661926
10090,875000	-0,658569
10091,000000	-0,658569
10091,125000	-0,656738
10091,250000	-0,651550
10091,375000	-0,664368
10091,500000	-0,663452
10091,625000	-0,650635
10091,750000	-0,654907
10091,875000	-0,658569
10092,000000	-0,669556
10092,125000	-0,668640
10092,250000	-0,648193
10092,375000	-0,676575
10092,500000	-0,668030
10092,625000	-0,665283
10092,750000	-0,676575
10092,875000	-0,694275
10093,000000	-0,644531
10093,125000	-0,685730
10093,250000	-0,685730
10093,375000	-0,633545
10093,500000	-0,650024
10093,625000	-0,644531
10093,750000	-0,686035
10093,875000	-0,692444
10094,000000	-0,680237
10094,125000	-0,623779
10094,250000	-0,671387
10094,375000	-0,671081
10094,500000	-0,654907
10094,625000	-0,671081
10094,750000	-0,665283
10094,875000	-0,620422
10095,000000	-0,620727
10095,125000	-0,673828
10095,250000	-0,671081
10095,375000	-0,654297
10095,500000	-0,652466
10095,625000	-0,650024
10095,750000	-0,631103
10095,875000	-0,638428
10096,000000	-0,692444
10096,125000	-0,693054
10096,250000	-0,679016
10096,375000	-0,671997
10096,500000	-0,643616
10096,625000	-0,639954
10096,750000	-0,686951
10096,875000	-0,675354
10097,000000	-0,661926
10097,125000	-0,635681
10097,250000	-0,634460
10097,375000	-0,660095
10097,500000	-0,650024
10097,625000	-0,653992
10097,750000	-0,678406
10097,875000	-0,679321
10098,000000	-0,643005
10098,125000	-0,649109
10098,250000	-0,671081
10098,375000	-0,671692
10098,500000	-0,651855
10098,625000	-0,641479
10098,750000	-0,614624
10098,875000	-0,650330
10099,000000	-0,650635
10099,125000	-0,687866
10099,250000	-0,636597
10099,375000	-0,618286
10099,500000	-0,616455
10099,625000	-0,640259
10099,750000	-0,634766
10099,875000	-0,652466
10100,000000	-0,614014
10100,125000	-0,614624
10100,250000	-0,672913
10100,375000	-0,674133
10100,500000	-0,626831
10100,625000	-0,624084
10100,750000	-0,649109
10100,875000	-0,664368
10101,000000	-0,668945
10101,125000	-0,649414
10101,250000	-0,647888
10101,375000	-0,631103
10101,500000	-0,670471
10101,625000	-0,647278
10101,750000	-0,656433
10101,875000	-0,657043
10102,000000	-0,658264
10102,125000	-0,662231
10102,250000	-0,630798
10102,375000	-0,629272
10102,500000	-0,637512
10102,625000	-0,661316
10102,750000	-0,667114
10102,875000	-0,650940
10103,000000	-0,650940
10103,125000	-0,616455
10103,250000	-0,621033
10103,375000	-0,574341
10103,500000	-0,571289
10103,625000	-0,647888
10103,750000	-0,637817
10103,875000	-0,664368
10104,000000	-0,646667
10104,125000	-0,647583
10104,250000	-0,628052
10104,375000	-0,666809
10104,500000	-0,658569
10104,625000	-0,652466
10104,750000	-0,655517
10104,875000	-0,660705
10105,000000	-0,666199
10105,125000	-0,634155
10105,250000	-0,633850
10105,375000	-0,648804
10105,500000	-0,642700
10105,625000	-0,624390
10105,750000	-0,605469
10105,875000	-0,604553
10106,000000	-0,647583
10106,125000	-0,656738
10106,250000	-0,675354
10106,375000	-0,672302
10106,500000	-0,666809
10106,625000	-0,636597
10106,750000	-0,612488
10106,875000	-0,624695
10107,000000	-0,622559
10107,125000	-0,665283
10107,250000	-0,622253
10107,375000	-0,636597
10107,500000	-0,647278
10107,625000	-0,648193
10107,750000	-0,631714
10107,875000	-0,671387
10108,000000	-0,616455
10108,125000	-0,614624
10108,250000	-0,638122
10108,375000	-0,646973
10108,500000	-0,628357
10108,625000	-0,627441
10108,750000	-0,625000
10108,875000	-0,646667
10109,000000	-0,646667
10109,125000	-0,634155
10109,250000	-0,632019
10109,375000	-0,618896
10109,500000	-0,625000
10109,625000	-0,637817
10109,750000	-0,652771
10109,875000	-0,652771
10110,000000	-0,651855
10110,125000	-0,609741
10110,250000	-0,620117
10110,375000	-0,603943
10110,500000	-0,607910
10110,625000	-0,641785
10110,750000	-0,609436
10110,875000	-0,643310
10111,000000	-0,642700
10111,125000	-0,631409
10111,250000	-0,621338
10111,375000	-0,625000
10111,500000	-0,620422
10111,625000	-0,610046
10111,750000	-0,623169
10111,875000	-0,646362
10112,000000	-0,638428
10112,125000	-0,637512
10112,250000	-0,635376
10112,375000	-0,601196
10112,500000	-0,612183
10112,625000	-0,631409
10112,750000	-0,634460
10112,875000	-0,630188
10113,000000	-0,618286
10113,125000	-0,614624
10113,250000	-0,615234
10113,375000	-0,591125
10113,500000	-0,627136
10113,625000	-0,635376
10113,750000	-0,608215
10113,875000	-0,608826
10114,000000	-0,597534
10114,125000	-0,577087
10114,250000	-0,582886
10114,375000	-0,605163
10114,500000	-0,610046
10114,625000	-0,616150
10114,750000	-0,588684
10114,875000	-0,622864
10115,000000	-0,623474
10115,125000	-0,636902
10115,250000	-0,615539
10115,375000	-0,613403
10115,500000	-0,630798
10115,625000	-0,630798
10115,750000	-0,608520
10115,875000	-0,629272
10116,000000	-0,628357
10116,125000	-0,626526
10116,250000	-0,603943
10116,375000	-0,621338
10116,500000	-0,585327
10116,625000	-0,634766
10116,750000	-0,636597
10116,875000	-0,642090
10117,000000	-0,612793
10117,125000	-0,603332
10117,250000	-0,598450
10117,375000	-0,633850
10117,500000	-0,603332
10117,625000	-0,583496
10117,750000	-0,587158
10117,875000	-0,583801
10118,000000	-0,600281
10118,125000	-0,615539
10118,250000	-0,576477
10118,375000	-0,610351
10118,500000	-0,615234
10118,625000	-0,592346
10118,750000	-0,602722
10118,875000	-0,614319
10119,000000	-0,613098
10119,125000	-0,605469
10119,250000	-0,578613
10119,375000	-0,594177
10119,500000	-0,599365
10119,625000	-0,602722
10119,750000	-0,615845
10119,875000	-0,617371
10120,000000	-0,624390
10120,125000	-0,628662
10120,250000	-0,576782
10120,375000	-0,590820
10120,500000	-0,601196
10120,625000	-0,545044
10120,750000	-0,544128
10120,875000	-0,578308
10121,000000	-0,603027
10121,125000	-0,605163
10121,250000	-0,602722
10121,375000	-0,613403
10121,500000	-0,604248
10121,625000	-0,607300
10121,750000	-0,567627
10121,875000	-0,567322
10122,000000	-0,559082
10122,125000	-0,615539
10122,250000	-0,575561
10122,375000	-0,574341
10122,500000	-0,601807
10122,625000	-0,571899
10122,750000	-0,574341
10122,875000	-0,589905
10123,000000	-0,589600
10123,125000	-0,572815
10123,250000	-0,556641
10123,375000	-0,535583
10123,500000	-0,566711
10123,625000	-0,570373
10123,750000	-0,591431
10123,875000	-0,566101
10124,000000	-0,569458
10124,125000	-0,569458
10124,250000	-0,563049
10124,375000	-0,579224
10124,500000	-0,566101
10124,625000	-0,571899
10124,750000	-0,570679
10124,875000	-0,589294
10125,000000	-0,561829
10125,125000	-0,557556
10125,250000	-0,609436
10125,375000	-0,604553
10125,500000	-0,585937
10125,625000	-0,593567
10125,750000	-0,552978
10125,875000	-0,552673
10126,000000	-0,574036
10126,125000	-0,582275
10126,250000	-0,555115
10126,375000	-0,541992
10126,500000	-0,541687
10126,625000	-0,533142
10126,750000	-0,520630
10126,875000	-0,606995
10127,000000	-0,607300
10127,125000	-0,554504
10127,250000	-0,556641
10127,375000	-0,549316
10127,500000	-0,543823
10127,625000	-0,544128
10127,750000	-0,495300
10127,875000	-0,551453
10128,000000	-0,546875
10128,125000	-0,545349
10128,250000	-0,538940
10128,375000	-0,531616
10128,500000	-0,566101
10128,625000	-0,554504
10128,750000	-0,552978
10128,875000	-0,534058
10129,000000	-0,537720
10129,125000	-0,529785
10129,250000	-0,552368
10129,375000	-0,557251
10129,500000	-0,546265
10129,625000	-0,537109
10129,750000	-0,536194
10129,875000	-0,536194
10130,000000	-0,531006
10130,125000	-0,539246
10130,250000	-0,530395
10130,375000	-0,527649
10130,500000	-0,524597
10130,625000	-0,536804
10130,750000	-0,524292
10130,875000	-0,522461
10131,000000	-0,520630
10131,125000	-0,513306
10131,250000	-0,527954
10131,375000	-0,522156
10131,500000	-0,534973
10131,625000	-0,534058
10131,750000	-0,516357
10131,875000	-0,513916
10132,000000	-0,527038
10132,125000	-0,525207
10132,250000	-0,543213
10132,375000	-0,504761
10132,500000	-0,511780
10132,625000	-0,518494
10132,750000	-0,516357
10132,875000	-0,492554
10133,000000	-0,485535
10133,125000	-0,467529
10133,250000	-0,466614
10133,375000	-0,497742
10133,500000	-0,485229
10133,625000	-0,508728
10133,750000	-0,510864
10133,875000	-0,510559
10134,000000	-0,512390
10134,125000	-0,481262
10134,250000	-0,499878
10134,375000	-0,494690
10134,500000	-0,489197
10134,625000	-0,461426
10134,750000	-0,458984
10134,875000	-0,499267
10135,000000	-0,496826
10135,125000	-0,494690
10135,250000	-0,486755
10135,375000	-0,451050
10135,500000	-0,477600
10135,625000	-0,480347
10135,750000	-0,469360
10135,875000	-0,469971
10136,000000	-0,480347
10136,125000	-0,476074
10136,250000	-0,474853
10136,375000	-0,479126
10136,500000	-0,477905
10136,625000	-0,446167
10136,750000	-0,449219
10136,875000	-0,480347
10137,000000	-0,460205
10137,125000	-0,473633
10137,250000	-0,466309
10137,375000	-0,467529
10137,500000	-0,478516
10137,625000	-0,476379
10137,750000	-0,489197
10137,875000	-0,489502
10138,000000	-0,464783
10138,125000	-0,429382
10138,250000	-0,469055
10138,375000	-0,466919
10138,500000	-0,465393
10138,625000	-0,453796
10138,750000	-0,435181
10138,875000	-0,448608
10139,000000	-0,448913
10139,125000	-0,442810
10139,250000	-0,452270
10139,375000	-0,447388
10139,500000	-0,435791
10139,625000	-0,436401
10139,750000	-0,412903
10139,875000	-0,417786
10140,000000	-0,445557
10140,125000	-0,455627
10140,250000	-0,447998
10140,375000	-0,414734
10140,500000	-0,456848
10140,625000	-0,443726
10140,750000	-0,444946
10140,875000	-0,403747
10141,000000	-0,395813
10141,125000	-0,408630
10141,250000	-0,437622
10141,375000	-0,438232
10141,500000	-0,376892
10141,625000	-0,422058
10141,750000	-0,420532
10141,875000	-0,418701
10142,000000	-0,377502
10142,125000	-0,418396
10142,250000	-0,406189
10142,375000	-0,455017
10142,500000	-0,454407
10142,625000	-0,423584
10142,750000	-0,399475
10142,875000	-0,415955
10143,000000	-0,413208
10143,125000	-0,400085
10143,250000	-0,383606
10143,375000	-0,375671
10143,500000	-0,408630
10143,625000	-0,407104
10143,750000	-0,380249
10143,875000	-0,361023
10144,000000	-0,430908
10144,125000	-0,387573
10144,250000	-0,393066
10144,375000	-0,336609
10144,500000	-0,371704
10144,625000	-0,399475
10144,750000	-0,397949
10144,875000	-0,329895
10145,000000	-0,384521
10145,125000	-0,371704
10145,250000	-0,355835
10145,375000	-0,355225
10145,500000	-0,384216
10145,625000	-0,330200
10145,750000	-0,386047
10145,875000	-0,387878
10146,000000	-0,357971
10146,125000	-0,370178
10146,250000	-0,374451
10146,375000	-0,362854
10146,500000	-0,361938
10146,625000	-0,352478
10146,750000	-0,355225
10146,875000	-0,357361
10147,000000	-0,352173
10147,125000	-0,350342
10147,250000	-0,350952
10147,375000	-0,312195
10147,500000	-0,335693
10147,625000	-0,333862
10147,750000	-0,317383
10147,875000	-0,338745
10148,000000	-0,351868
10148,125000	-0,354614
10148,250000	-0,360107
10148,375000	-0,333557
10148,500000	-0,347595
10148,625000	-0,286560
10148,750000	-0,283203
10148,875000	-0,311584
10149,000000	-0,331421
10149,125000	-0,305176
10149,250000	-0,348511
10149,375000	-0,347900
10149,500000	-0,296631
10149,625000	-0,343017
10149,750000	-0,347290
10149,875000	-0,346069
10150,000000	-0,352783
10150,125000	-0,346374
10150,250000	-0,310669
10150,375000	-0,322571
10150,500000	-0,323791
10150,625000	-0,286255
10150,750000	-0,315552
10150,875000	-0,324402
10151,000000	-0,318298
10151,125000	-0,316467
10151,250000	-0,271606
10151,375000	-0,292969
10151,500000	-0,275879
10151,625000	-0,273743
10151,750000	-0,295715
10151,875000	-0,277405
10152,000000	-0,279846
10152,125000	-0,276184
10152,250000	-0,278625
10152,375000	-0,265808
10152,500000	-0,299988
10152,625000	-0,267029
10152,750000	-0,266724
10152,875000	-0,268555
10153,000000	-0,260010
10153,125000	-0,230102
10153,250000	-0,234680
10153,375000	-0,231628
10153,500000	-0,224914
10153,625000	-0,275268
10153,750000	-0,243835
10153,875000	-0,241394
10154,000000	-0,232849
10154,125000	-0,253601
10154,250000	-0,245666
10154,375000	-0,237427
10154,500000	-0,235290
10154,625000	-0,258484
10154,750000	-0,226746
10154,875000	-0,218811
10155,000000	-0,224914
10155,125000	-0,238647
10155,250000	-0,244446
10155,375000	-0,248413
10155,500000	-0,209961
10155,625000	-0,209350
10155,750000	-0,199890
10155,875000	-0,231323
10156,000000	-0,219421
10156,125000	-0,195312
10156,250000	-0,194397
10156,375000	-0,186462
10156,500000	-0,203247
10156,625000	-0,199585
10156,750000	-0,197143
10156,875000	-0,203247
10157,000000	-0,177917
10157,125000	-0,214844
10157,250000	-0,169983
10157,375000	-0,169372
10157,500000	-0,183105
10157,625000	-0,183411
10157,750000	-0,130310
10157,875000	-0,126953
10158,000000	-0,164184
10158,125000	-0,221863
10158,250000	-0,183105
10158,375000	-0,202942
10158,500000	-0,201111
10158,625000	-0,152893
10158,750000	-0,179443
10158,875000	-0,160522
10159,000000	-0,170898
10159,125000	-0,173950
10159,250000	-0,195007
10159,375000	-0,172424
10159,500000	-0,145569
10159,625000	-0,143433
10159,750000	-0,151062
10159,875000	-0,171509
10160,000000	-0,137329
10160,125000	-0,114441
10160,250000	-0,112610
10160,375000	-0,133362
10160,500000	-0,133972
10160,625000	-0,129394
10160,750000	-0,129089
10160,875000	-0,134277
10161,000000	-0,087280
10161,125000	-0,083313
10161,250000	-0,097046
10161,375000	-0,095825
10161,500000	-0,122986
10161,625000	-0,088196
10161,750000	-0,128784
10161,875000	-0,123901
10162,000000	-0,097961
10162,125000	-0,089722
10162,250000	-0,117493
10162,375000	-0,132446
10162,500000	-0,129700
10162,625000	-0,108337
10162,750000	-0,068970
10162,875000	-0,083923
10163,000000	-0,096435
10163,125000	-0,099487
10163,250000	-0,095520
10163,375000	-0,085144
10163,500000	-0,107117
10163,625000	-0,108032
10163,750000	-0,053406
10163,875000	-0,081787
10164,000000	-0,055847
10164,125000	-0,089722
10164,250000	-0,089111
10164,375000	-0,060730
10164,500000	-0,074463
10164,625000	-0,056763
10164,750000	-0,057373
10164,875000	-0,054016
10165,000000	-0,054321
10165,125000	-0,060120
10165,250000	-0,049744
10165,375000	-0,047607
10165,500000	-0,040893
10165,625000	-0,069275
10165,750000	-0,022583
10165,875000	-0,020447
10166,000000	-0,031738
10166,125000	0,012512
10166,250000	-0,017395
10166,375000	-0,043030
10166,500000	-0,041809
10166,625000	-0,018616
10166,750000	-0,050049
10166,875000	-0,018921
10167,000000	-0,006103
10167,125000	-0,007019
10167,250000	0,003662
10167,375000	0,012207
10167,500000	-0,024719
10167,625000	-0,023804
10167,750000	-0,012817
10167,875000	-0,013428
10168,000000	0,024414
10168,125000	-0,010071
10168,250000	-0,010376
10168,375000	0,028381
10168,500000	0,009155
10168,625000	0,010071
10168,750000	0,011292
10168,875000	0,043030
10169,000000	0,036926
10169,125000	0,008850
10169,250000	0,038147
10169,375000	0,038757
10169,500000	0,057983
10169,625000	0,047302
10169,750000	0,025940
10169,875000	0,025635
10170,000000	0,060425
10170,125000	0,064087
10170,250000	0,040894
10170,375000	0,042420
10170,500000	0,044251
10170,625000	0,100098
10170,750000	0,090637
10170,875000	0,084839
10171,000000	0,050049
10171,125000	0,049744
10171,250000	0,055847
10171,375000	0,087280
10171,500000	0,063171
10171,625000	0,064697
10171,750000	0,077820
10171,875000	0,069580
10172,000000	0,076599
10172,125000	0,089722
10172,250000	0,091858
10172,375000	0,134583
10172,500000	0,114441
10172,625000	0,108643
10172,750000	0,110779
10172,875000	0,109253
10173,000000	0,113220
10173,125000	0,105286
10173,250000	0,106201
10173,375000	0,106201
10173,500000	0,115357
10173,625000	0,112915
10173,750000	0,133667
10173,875000	0,111084
10174,000000	0,129700
10174,125000	0,117798
10174,250000	0,129089
10174,375000	0,172119
10174,500000	0,173340
10174,625000	0,142212
10174,750000	0,152283
10174,875000	0,135803
10175,000000	0,140991
10175,125000	0,140381
10175,250000	0,160828
10175,375000	0,151672
10175,500000	0,168152
10175,625000	0,168152
10175,750000	0,170899
10175,875000	0,167236
10176,000000	0,182495
10176,125000	0,166016
10176,250000	0,166931
10176,375000	0,129395
10176,500000	0,180054
10176,625000	0,185242
10176,750000	0,185547
10176,875000	0,169373
10177,000000	0,177612
10177,125000	0,177918
10177,250000	0,173645
10177,375000	0,174561
10177,500000	0,199280
10177,625000	0,209045
10177,750000	0,229187
10177,875000	0,190735
10178,000000	0,189819
10178,125000	0,225830
10178,250000	0,179749
10178,375000	0,175781
10178,500000	0,177002
10178,625000	0,205689
10178,750000	0,202942
10178,875000	0,220032
10179,000000	0,178833
10179,125000	0,180664
10179,250000	0,231934
10179,375000	0,214233
10179,500000	0,245667
10179,625000	0,245056
10179,750000	0,242920
10179,875000	0,244141
10180,000000	0,252991
10180,125000	0,211792
10180,250000	0,212097
10180,375000	0,256043
10180,500000	0,287781
10180,625000	0,267639
10180,750000	0,269165
10180,875000	0,246582
10181,000000	0,229797
10181,125000	0,245667
10181,250000	0,234680
10181,375000	0,235596
10181,500000	0,236206
10181,625000	0,297852
10181,750000	0,237427
10181,875000	0,224304
10182,000000	0,223084
10182,125000	0,288086
10182,250000	0,281372
10182,375000	0,293274
10182,500000	0,294800
10182,625000	0,268555
10182,750000	0,264893
10182,875000	0,299988
10183,000000	0,278931
10183,125000	0,279541
10183,250000	0,280762
10183,375000	0,294800
10183,500000	0,309143
10183,625000	0,308838
10183,750000	0,302124
10183,875000	0,298767
10184,000000	0,298767
10184,125000	0,309448
10184,250000	0,311279
10184,375000	0,299988
10184,500000	0,330505
10184,625000	0,311890
10184,750000	0,314331
10184,875000	0,345764
10185,000000	0,335388
10185,125000	0,320740
10185,250000	0,335999
10185,375000	0,335999
10185,500000	0,283203
10185,625000	0,301514
10185,750000	0,308228
10185,875000	0,331116
10186,000000	0,330200
10186,125000	0,323181
10186,250000	0,341797
10186,375000	0,364990
10186,500000	0,365601
10186,625000	0,374756
10186,750000	0,310974
10186,875000	0,376892
10187,000000	0,364380
10187,125000	0,362854
10187,250000	0,348511
10187,375000	0,342102
10187,500000	0,323181
10187,625000	0,325012
10187,750000	0,361633
10187,875000	0,337830
10188,000000	0,324097
10188,125000	0,325623
10188,250000	0,326538
10188,375000	0,372620
10188,500000	0,351563
10188,625000	0,380554
10188,750000	0,382691
10188,875000	0,396729
10189,000000	0,379028
10189,125000	0,379944
10189,250000	0,363770
10189,375000	0,364990
10189,500000	0,380249
10189,625000	0,386047
10189,750000	0,364685
10189,875000	0,398865
10190,000000	0,399780
10190,125000	0,389404
10190,250000	0,393372
10190,375000	0,426331
10190,500000	0,426331
10190,625000	0,351563
10190,750000	0,411377
10190,875000	0,394287
10191,000000	0,396423
10191,125000	0,399780
10191,250000	0,392151
10191,375000	0,438233
10191,500000	0,414429
10191,625000	0,414429
10191,750000	0,431213
10191,875000	0,375061
10192,000000	0,404358
10192,125000	0,375977
10192,250000	0,375366
10192,375000	0,411987
10192,500000	0,398560
10192,625000	0,428467
10192,750000	0,428772
10192,875000	0,426941
10193,000000	0,401306
10193,125000	0,419312
10193,250000	0,410156
10193,375000	0,411682
10193,500000	0,431824
10193,625000	0,438233
10193,750000	0,411377
10193,875000	0,439453
10194,000000	0,440064
10194,125000	0,445862
10194,250000	0,432739
10194,375000	0,429688
10194,500000	0,430603
10194,625000	0,470581
10194,750000	0,458374
10194,875000	0,450745
10195,000000	0,435791
10195,125000	0,433350
10195,250000	0,414124
10195,375000	0,446777
10195,500000	0,439453
10195,625000	0,440674
10195,750000	0,458374
10195,875000	0,475159
10196,000000	0,467835
10196,125000	0,454712
10196,250000	0,455017
10196,375000	0,479126
10196,500000	0,436401
10196,625000	0,437622
10196,750000	0,420532
10196,875000	0,420227
10197,000000	0,447693
10197,125000	0,448914
10197,250000	0,464172
10197,375000	0,463562
10197,500000	0,495911
10197,625000	0,464783
10197,750000	0,475464
10197,875000	0,453491
10198,000000	0,452271
10198,125000	0,507507
10198,250000	0,494385
10198,375000	0,461426
10198,500000	0,461731
10198,625000	0,444641
10198,750000	0,477600
10198,875000	0,464478
10199,000000	0,446167
10199,125000	0,447388
10199,250000	0,448914
10199,375000	0,488587
10199,500000	0,471802
10199,625000	0,472412
10199,750000	0,436401
10199,875000	0,513001
10200,000000	0,497437
10200,125000	0,466309
10200,250000	0,466004
10200,375000	0,448303
10200,500000	0,479126
10200,625000	0,450745
10200,750000	0,452576
10200,875000	0,478821
10201,000000	0,476990
10201,125000	0,497742
10201,250000	0,505982
10201,375000	0,506897
10201,500000	0,503235
10201,625000	0,502014
10201,750000	0,496216
10201,875000	0,475769
10202,000000	0,474548
10202,125000	0,461426
10202,250000	0,513306
10202,375000	0,467529
10202,500000	0,468750
10202,625000	0,487671
10202,750000	0,490418
10202,875000	0,487976
10203,000000	0,457764
10203,125000	0,458069
10203,250000	0,516358
10203,375000	0,484314
10203,500000	0,497742
10203,625000	0,498047
10203,750000	0,466919
10203,875000	0,464172
10204,000000	0,495300
10204,125000	0,481567
10204,250000	0,480957
10204,375000	0,483704
10204,500000	0,506592
10204,625000	0,469971
10204,750000	0,472412
10204,875000	0,489502
10205,000000	0,509338
10205,125000	0,485535
10205,250000	0,494385
10205,375000	0,494080
10205,500000	0,473023
10205,625000	0,493469
10205,750000	0,525818
10205,875000	0,511475
10206,000000	0,508728
10206,125000	0,475159
10206,250000	0,485230
10206,375000	0,502930
10206,500000	0,504456
10206,625000	0,494995
10206,750000	0,477600
10206,875000	0,474854
10207,000000	0,489502
10207,125000	0,490723
10207,250000	0,512390
10207,375000	0,464783
10207,500000	0,491638
10207,625000	0,491028
10207,750000	0,499878
10207,875000	0,516663
10208,000000	0,493164
10208,125000	0,442810
10208,250000	0,441895
10208,375000	0,521546
10208,500000	0,494995
10208,625000	0,464478
10208,750000	0,466004
10208,875000	0,488587
10209,000000	0,491028
10209,125000	0,475464
10209,250000	0,467835
10209,375000	0,469360
10209,500000	0,484009
10209,625000	0,486450
10209,750000	0,467529
10209,875000	0,503235
10210,000000	0,505066
10210,125000	0,501404
10210,250000	0,484924
10210,375000	0,504761
10210,500000	0,509033
10210,625000	0,489502
10210,750000	0,474548
10210,875000	0,477905
10211,000000	0,503540
10211,125000	0,504456
10211,250000	0,498352
10211,375000	0,501404
10211,500000	0,501099
10211,625000	0,501404
10211,750000	0,449829
10211,875000	0,488281
10212,000000	0,485230
10212,125000	0,502930
10212,250000	0,502930
10212,375000	0,488281
10212,500000	0,497131
10212,625000	0,453491
10212,750000	0,459900
10212,875000	0,489502
10213,000000	0,480957
10213,125000	0,466309
10213,250000	0,475769
10213,375000	0,475464
10213,500000	0,500794
10213,625000	0,475769
10213,750000	0,472107
10213,875000	0,485230
10214,000000	0,486145
10214,125000	0,477905
10214,250000	0,463562
10214,375000	0,467224
10214,500000	0,467529
10214,625000	0,494385
10214,750000	0,463257
10214,875000	0,484314
10215,000000	0,473633
10215,125000	0,472412
10215,250000	0,470276
10215,375000	0,490723
10215,500000	0,455322
10215,625000	0,457153
10215,750000	0,471802
10215,875000	0,476685
10216,000000	0,480957
10216,125000	0,479126
10216,250000	0,477905
10216,375000	0,466004
10216,500000	0,469055
10216,625000	0,455933
10216,750000	0,461121
10216,875000	0,458679
10217,000000	0,470886
10217,125000	0,473633
10217,250000	0,457153
10217,375000	0,458069
10217,500000	0,457764
10217,625000	0,449829
10217,750000	0,464783
10217,875000	0,437317
10218,000000	0,437317
10218,125000	0,432739
10218,250000	0,459595
10218,375000	0,457153
10218,500000	0,457459
10218,625000	0,439453
10218,750000	0,456848
10218,875000	0,430603
10219,000000	0,435791
10219,125000	0,435181
10219,250000	0,435486
10219,375000	0,447388
10219,500000	0,448303
10219,625000	0,451965
10219,750000	0,458984
10219,875000	0,397034
10220,000000	0,460510
10220,125000	0,440979
10220,250000	0,441284
10220,375000	0,463867
10220,500000	0,427857
10220,625000	0,437622
10220,750000	0,421143
10220,875000	0,422974
10221,000000	0,383606
10221,125000	0,457764
10221,250000	0,410767
10221,375000	0,410462
10221,500000	0,423279
10221,625000	0,402222
10221,750000	0,406799
10221,875000	0,427246
10222,000000	0,427551
10222,125000	0,417481
10222,250000	0,435486
10222,375000	0,412903
10222,500000	0,388794
10222,625000	0,401306
10222,750000	0,437012
10222,875000	0,408020
10223,000000	0,406189
10223,125000	0,406189
10223,250000	0,404968
10223,375000	0,415039
10223,500000	0,374146
10223,625000	0,378113
10223,750000	0,403137
10223,875000	0,384827
10224,000000	0,408325
10224,125000	0,406189
10224,250000	0,406494
10224,375000	0,406494
10224,500000	0,399170
10224,625000	0,441589
10224,750000	0,384216
10224,875000	0,381165
10225,000000	0,391846
10225,125000	0,396423
10225,250000	0,357056
10225,375000	0,358276
10225,500000	0,365601
10225,625000	0,383911
10225,750000	0,385437
10225,875000	0,385132
10226,000000	0,386963
10226,125000	0,377503
10226,250000	0,382080
10226,375000	0,378723
10226,500000	0,378113
10226,625000	0,379639
10226,750000	0,416260
10226,875000	0,359497
10227,000000	0,374756
10227,125000	0,374756
10227,250000	0,378418
10227,375000	0,361328
10227,500000	0,347290
10227,625000	0,349426
10227,750000	0,340271
10227,875000	0,347290
10228,000000	0,334473
10228,125000	0,303955
10228,250000	0,304566
10228,375000	0,347900
10228,500000	0,367737
10228,625000	0,372620
10228,750000	0,305786
10228,875000	0,305481
10229,000000	0,341187
10229,125000	0,352783
10229,250000	0,337525
10229,375000	0,339966
10229,500000	0,350647
10229,625000	0,341797
10229,750000	0,371399
10229,875000	0,368042
10230,000000	0,368652
10230,125000	0,312195
10230,250000	0,330200
10230,375000	0,298462
10230,500000	0,315247
10230,625000	0,314026
10230,750000	0,337830
10230,875000	0,326538
10231,000000	0,321655
10231,125000	0,323792
10231,250000	0,329590
10231,375000	0,319824
10231,500000	0,309448
10231,625000	0,320129
10231,750000	0,319214
10231,875000	0,306397
10232,000000	0,321350
10232,125000	0,313110
10232,250000	0,312805
10232,375000	0,296021
10232,500000	0,317993
10232,625000	0,310974
10232,750000	0,281372
10232,875000	0,284424
10233,000000	0,291748
10233,125000	0,290527
10233,250000	0,282593
10233,375000	0,283203
10233,500000	0,303345
10233,625000	0,294190
10233,750000	0,266113
10233,875000	0,274963
10234,000000	0,276489
10234,125000	0,307312
10234,250000	0,286560
10234,375000	0,268250
10234,500000	0,277405
10234,625000	0,274963
10234,750000	0,258484
10234,875000	0,283814
10235,000000	0,273743
10235,125000	0,274353
10235,250000	0,255127
10235,375000	0,267944
10235,500000	0,282898
10235,625000	0,290222
10235,750000	0,289917
10235,875000	0,231934
10236,000000	0,223694
10236,125000	0,230408
10236,250000	0,231934
10236,375000	0,252991
10236,500000	0,280151
10236,625000	0,268250
10236,750000	0,253296
10236,875000	0,256653
10237,000000	0,262451
10237,125000	0,217285
10237,250000	0,244751
10237,375000	0,247803
10237,500000	0,225525
10237,625000	0,237427
10237,750000	0,230713
10237,875000	0,219421
10238,000000	0,219116
10238,125000	0,231323
10238,250000	0,233765
10238,375000	0,210877
10238,500000	0,214844
10238,625000	0,214233
10238,750000	0,172119
10238,875000	0,191650
10239,000000	0,230408
10239,125000	0,229492
10239,250000	0,185242
10239,375000	0,225220
10239,500000	0,194397
10239,625000	0,206909
10239,750000	0,208740
10239,875000	0,220032
10240,000000	0,180359
10240,125000	0,191956
10240,250000	0,193787
10240,375000	0,189819
10240,500000	0,198975
10240,625000	0,191650
10240,750000	0,171204
10240,875000	0,170593
10241,000000	0,181580
10241,125000	0,169678
10241,250000	0,146179
10241,375000	0,135803
10241,500000	0,154114
10241,625000	0,136414
10241,750000	0,164185
10241,875000	0,169678
10242,000000	0,168457
10242,125000	0,155640
10242,250000	0,177612
10242,375000	0,160523
10242,500000	0,148010
10242,625000	0,147095
10242,750000	0,139771
10242,875000	0,183716
10243,000000	0,155640
10243,125000	0,156250
10243,250000	0,173950
10243,375000	0,166321
10243,500000	0,164185
10243,625000	0,138855
10243,750000	0,140381
10243,875000	0,185242
10244,000000	0,145264
10244,125000	0,130310
10244,250000	0,132141
10244,375000	0,110474
10244,500000	0,119019
10244,625000	0,103150
10244,750000	0,136719
10244,875000	0,139771
10245,000000	0,096436
10245,125000	0,113831
10245,250000	0,109558
10245,375000	0,102234
10245,500000	0,115051
10245,625000	0,122376
10245,750000	0,108948
10245,875000	0,127258
10246,000000	0,127564
10246,125000	0,112000
10246,250000	0,112305
10246,375000	0,078735
10246,500000	0,107117
10246,625000	0,106201
10246,750000	0,096741
10246,875000	0,065003
10247,000000	0,111694
10247,125000	0,113220
10247,250000	0,091248
10247,375000	0,084534
10247,500000	0,097046
10247,625000	0,064392
10247,750000	0,063782
10247,875000	0,056763
10248,000000	0,070801
10248,125000	0,094299
10248,250000	0,095215
10248,375000	0,046997
10248,500000	0,074158
10248,625000	0,080261
10248,750000	0,060120
10248,875000	0,060730
10249,000000	0,038757
10249,125000	0,098877
10249,250000	0,078735
10249,375000	0,069580
10249,500000	0,068054
10249,625000	0,065613
10249,750000	0,043640
10249,875000	0,048218
10250,000000	0,049439
10250,125000	0,070801
10250,250000	0,047608
10250,375000	0,066528
10250,500000	0,040894
10250,625000	0,041504
10250,750000	0,037537
10250,875000	0,036621
10251,000000	0,004883
10251,125000	0,006104
10251,250000	0,036926
10251,375000	0,006104
10251,500000	0,023193
10251,625000	0,008240
10251,750000	0,009461
10251,875000	0,010071
10252,000000	0,011902
10252,125000	0,029602
10252,250000	0,032044
10252,375000	0,008545
10252,500000	-0,037842
10252,625000	-0,016174
10252,750000	-0,021057
10252,875000	-0,019836
10253,000000	-0,000610
10253,125000	-0,010376
10253,250000	-0,028381
10253,375000	0,001221
10253,500000	0,000305
10253,625000	-0,017395
10253,750000	-0,044250
10253,875000	-0,018005
10254,000000	-0,018310
10254,125000	-0,020752
10254,250000	-0,029907
10254,375000	-0,058899
10254,500000	-0,034790
10254,625000	-0,035400
10254,750000	-0,065613
10254,875000	-0,034790
10255,000000	-0,057373
10255,125000	-0,056152
10255,250000	-0,070801
10255,375000	-0,041504
10255,500000	-0,061645
10255,625000	-0,094604
10255,750000	-0,092773
10255,875000	-0,070496
10256,000000	-0,073242
10256,125000	-0,083313
10256,250000	-0,081482
10256,375000	-0,100098
10256,500000	-0,133362
10256,625000	-0,114441
10256,750000	-0,143738
10256,875000	-0,143433
10257,000000	-0,109558
10257,125000	-0,087585
10257,250000	-0,136413
10257,375000	-0,097046
10257,500000	-0,099487
10257,625000	-0,123901
10257,750000	-0,093079
10257,875000	-0,122070
10258,000000	-0,120850
10258,125000	-0,104065
10258,250000	-0,144958
10258,375000	-0,099792
10258,500000	-0,161133
10258,625000	-0,160828
10258,750000	-0,146484
10258,875000	-0,148926
10259,000000	-0,114746
10259,125000	-0,113220
10259,250000	-0,134582
10259,375000	-0,101318
10259,500000	-0,145569
10259,625000	-0,152283
10259,750000	-0,153809
10259,875000	-0,115051
10260,000000	-0,097351
10260,125000	-0,100098
10260,250000	-0,125427
10260,375000	-0,123901
10260,500000	-0,105286
10260,625000	-0,140686
10260,750000	-0,138855
10260,875000	-0,137939
10261,000000	-0,150146
10261,125000	-0,148926
10261,250000	-0,142212
10261,375000	-0,138855
10261,500000	-0,137939
10261,625000	-0,140381
10261,750000	-0,126648
10261,875000	-0,163879
10262,000000	-0,162048
10262,125000	-0,150146
10262,250000	-0,131836
10262,375000	-0,152283
10262,500000	-0,158386
10262,625000	-0,157165
10262,750000	-0,146789
10262,875000	-0,141296
10263,000000	-0,137939
10263,125000	-0,134582
10263,250000	-0,177307
10263,375000	-0,190735
10263,500000	-0,184631
10263,625000	-0,167847
10263,750000	-0,164795
10263,875000	-0,171204
10264,000000	-0,178223
10264,125000	-0,185242
10264,250000	-0,160217
10264,375000	-0,157165
10264,500000	-0,211792
10264,625000	-0,200195
10264,750000	-0,160217
10264,875000	-0,158691
10265,000000	-0,174866
10265,125000	-0,206604
10265,250000	-0,166626
10265,375000	-0,191345
10265,500000	-0,190430
10265,625000	-0,193787
10265,750000	-0,214233
10265,875000	-0,223694
10266,000000	-0,220642
10266,125000	-0,194397
10266,250000	-0,197143
10266,375000	-0,158996
10266,500000	-0,193787
10266,625000	-0,191040
10266,750000	-0,193176
10266,875000	-0,210266
10267,000000	-0,186462
10267,125000	-0,183105
10267,250000	-0,190430
10267,375000	-0,172119
10267,500000	-0,221252
10267,625000	-0,244751
10267,750000	-0,243835
10267,875000	-0,253601
10268,000000	-0,255127
10268,125000	-0,231934
10268,250000	-0,228271
10268,375000	-0,232544
10268,500000	-0,245056
10268,625000	-0,231018
10268,750000	-0,242615
10268,875000	-0,241699
10269,000000	-0,228577
10269,125000	-0,240478
10269,250000	-0,246582
10269,375000	-0,242920
10269,500000	-0,242309
10269,625000	-0,230102
10269,750000	-0,245056
10269,875000	-0,250549
10270,000000	-0,248413
10270,125000	-0,223389
10270,250000	-0,245972
10270,375000	-0,238037
10270,500000	-0,243225
10270,625000	-0,240784
10270,750000	-0,261230
10270,875000	-0,273132
10271,000000	-0,237427
10271,125000	-0,234680
10271,250000	-0,281677
10271,375000	-0,234985
10271,500000	-0,232544
10271,625000	-0,321655
10271,750000	-0,321045
10271,875000	-0,281677
10272,000000	-0,260620
10272,125000	-0,290527
10272,250000	-0,296326
10272,375000	-0,301208
10272,500000	-0,318603
10272,625000	-0,256042
10272,750000	-0,285950
10272,875000	-0,284729
10273,000000	-0,284424
10273,125000	-0,282288
10273,250000	-0,276794
10273,375000	-0,280151
10273,500000	-0,280456
10273,625000	-0,310059
10273,750000	-0,311279
10273,875000	-0,313415
10274,000000	-0,310059
10274,125000	-0,290527
10274,250000	-0,310669
10274,375000	-0,291443
10274,500000	-0,290832
10274,625000	-0,289612
10274,750000	-0,325317
10274,875000	-0,278625
10275,000000	-0,294800
10275,125000	-0,291748
10275,250000	-0,303345
10275,375000	-0,290222
10275,500000	-0,331116
10275,625000	-0,300293
10275,750000	-0,299988
10275,875000	-0,317688
10276,000000	-0,294189
10276,125000	-0,311890
10276,250000	-0,326538
10276,375000	-0,330505
10276,500000	-0,300293
10276,625000	-0,308838
10276,750000	-0,342712
10276,875000	-0,340271
10277,000000	-0,330200
10277,125000	-0,340271
10277,250000	-0,355225
10277,375000	-0,319519
10277,500000	-0,320434
10277,625000	-0,309448
10277,750000	-0,319824
10277,875000	-0,344543
10278,000000	-0,342712
10278,125000	-0,336304
10278,250000	-0,354614
10278,375000	-0,318909
10278,500000	-0,335693
10278,625000	-0,335388
10278,750000	-0,329895
10278,875000	-0,387573
10279,000000	-0,368652
10279,125000	-0,367432
10279,250000	-0,339355
10279,375000	-0,343933
10279,500000	-0,350342
10279,625000	-0,367737
10279,750000	-0,364990
10279,875000	-0,353088
10280,000000	-0,368957
10280,125000	-0,349121
10280,250000	-0,328064
10280,375000	-0,332642
10280,500000	-0,373535
10280,625000	-0,382080
10280,750000	-0,345764
10280,875000	-0,344238
10281,000000	-0,366516
10281,125000	-0,374451
10281,250000	-0,369873
10281,375000	-0,376892
10281,500000	-0,375061
10281,625000	-0,362549
10281,750000	-0,358581
10281,875000	-0,397949
10282,000000	-0,396728
10282,125000	-0,381470
10282,250000	-0,381775
10282,375000	-0,374451
10282,500000	-0,352173
10282,625000	-0,352783
10282,750000	-0,395203
10282,875000	-0,352783
10283,000000	-0,377197
10283,125000	-0,371094
10283,250000	-0,396118
10283,375000	-0,394287
10283,500000	-0,390320
10283,625000	-0,421142
10283,750000	-0,420532
10283,875000	-0,364075
10284,000000	-0,380249
10284,125000	-0,378723
10284,250000	-0,401611
10284,375000	-0,407104
10284,500000	-0,434875
10284,625000	-0,377502
10284,750000	-0,402222
10284,875000	-0,401306
10285,000000	-0,421142
10285,125000	-0,421448
10285,250000	-0,424499
10285,375000	-0,406189
10285,500000	-0,407104
10285,625000	-0,423584
10285,750000	-0,395508
10285,875000	-0,397644
10286,000000	-0,395508
10286,125000	-0,403137
10286,250000	-0,386047
10286,375000	-0,427856
10286,500000	-0,416870
10286,625000	-0,413513
10286,750000	-0,428467
10286,875000	-0,406494
10287,000000	-0,443115
10287,125000	-0,388489
10287,250000	-0,424194
10287,375000	-0,417786
10287,500000	-0,380554
10287,625000	-0,410156
10287,750000	-0,409851
10287,875000	-0,409851
10288,000000	-0,425415
10288,125000	-0,459900
10288,250000	-0,427551
10288,375000	-0,427551
10288,500000	-0,417480
10288,625000	-0,425720
10288,750000	-0,412903
10288,875000	-0,411072
10289,000000	-0,430908
10289,125000	-0,425415
10289,250000	-0,428467
10289,375000	-0,446777
10289,500000	-0,447388
10289,625000	-0,443420
10289,750000	-0,422058
10289,875000	-0,440063
10290,000000	-0,438843
10290,125000	-0,407715
10290,250000	-0,431213
10290,375000	-0,419006
10290,500000	-0,452270
10290,625000	-0,451965
10290,750000	-0,447693
10290,875000	-0,471802
10291,000000	-0,461121
10291,125000	-0,427551
10291,250000	-0,431213
10291,375000	-0,433960
10291,500000	-0,464477
10291,625000	-0,463867
10291,750000	-0,462036
10291,875000	-0,435181
10292,000000	-0,472412
10292,125000	-0,476379
10292,250000	-0,456543
10292,375000	-0,454712
10292,500000	-0,488281
10292,625000	-0,519104
10292,750000	-0,449219
10292,875000	-0,450134
10293,000000	-0,485840
10293,125000	-0,477295
10293,250000	-0,473328
10293,375000	-0,469360
10293,500000	-0,469665
10293,625000	-0,495605
10293,750000	-0,471802
10293,875000	-0,490723
10294,000000	-0,488892
10294,125000	-0,487671
10294,250000	-0,473938
10294,375000	-0,510559
10294,500000	-0,500183
10294,625000	-0,498657
10294,750000	-0,464477
10294,875000	-0,464783
10295,000000	-0,466614
10295,125000	-0,498962
10295,250000	-0,502624
10295,375000	-0,509643
10295,500000	-0,490417
10295,625000	-0,514221
10295,750000	-0,514221
10295,875000	-0,500793
10296,000000	-0,512390
10296,125000	-0,518188
10296,250000	-0,527649
10296,375000	-0,527038
10296,500000	-0,492859
10296,625000	-0,465088
10296,750000	-0,494690
10296,875000	-0,494995
10297,000000	-0,484314
10297,125000	-0,517273
10297,250000	-0,459900
10297,375000	-0,469055
10297,500000	-0,467529
10297,625000	-0,526733
10297,750000	-0,527344
10297,875000	-0,538025
10298,000000	-0,537414
10298,125000	-0,507507
10298,250000	-0,515747
10298,375000	-0,482788
10298,500000	-0,504455
10298,625000	-0,502624
10298,750000	-0,511169
10298,875000	-0,509949
10299,000000	-0,491943
10299,125000	-0,514221
10299,250000	-0,516968
10299,375000	-0,505371
10299,500000	-0,542908
10299,625000	-0,540161
10299,750000	-0,539856
10299,875000	-0,493164
10300,000000	-0,505066
10300,125000	-0,533142
10300,250000	-0,522461
10300,375000	-0,521545
10300,500000	-0,537720
10300,625000	-0,494080
10300,750000	-0,511475
10300,875000	-0,509338
10301,000000	-0,554199
10301,125000	-0,537109
10301,250000	-0,502930
10301,375000	-0,545959
10301,500000	-0,543823
10301,625000	-0,515442
10301,750000	-0,518494
10301,875000	-0,572205
10302,000000	-0,569763
10302,125000	-0,520935
10302,250000	-0,496521
10302,375000	-0,539246
10302,500000	-0,524597
10302,625000	-0,524597
10302,750000	-0,541687
10302,875000	-0,506897
10303,000000	-0,523682
10303,125000	-0,513000
10303,250000	-0,514831
10303,375000	-0,528870
10303,500000	-0,534058
10303,625000	-0,517883
10303,750000	-0,517883
10303,875000	-0,532226
10304,000000	-0,556946
10304,125000	-0,530395
10304,250000	-0,519714
10304,375000	-0,531006
10304,500000	-0,532532
10304,625000	-0,534973
10304,750000	-0,563354
10304,875000	-0,561523
10305,000000	-0,541077
10305,125000	-0,541992
10305,250000	-0,599670
10305,375000	-0,575561
10305,500000	-0,576172
10305,625000	-0,554199
10305,750000	-0,574341
10305,875000	-0,538635
10306,000000	-0,539246
10306,125000	-0,505676
10306,250000	-0,547790
10306,375000	-0,557251
10306,500000	-0,529175
10306,625000	-0,527954
10306,750000	-0,549621
10306,875000	-0,577698
10307,000000	-0,549621
10307,125000	-0,549011
10307,250000	-0,573730
10307,375000	-0,564880
10307,500000	-0,544434
10307,625000	-0,548706
10307,750000	-0,546875
10307,875000	-0,569153
10308,000000	-0,571594
10308,125000	-0,550842
10308,250000	-0,578613
10308,375000	-0,577087
10308,500000	-0,598144
10308,625000	-0,578003
10308,750000	-0,561523
10308,875000	-0,558166
10309,000000	-0,592346
10309,125000	-0,561523
10309,250000	-0,535278
10309,375000	-0,585327
10309,500000	-0,585022
10309,625000	-0,592956
10309,750000	-0,591125
10309,875000	-0,582886
10310,000000	-0,577392
10310,125000	-0,576172
10310,250000	-0,569153
10310,375000	-0,567932
10310,500000	-0,603943
10310,625000	-0,603638
10310,750000	-0,573120
10310,875000	-0,589600
10311,000000	-0,599976
10311,125000	-0,616760
10311,250000	-0,617981
10311,375000	-0,587768
10311,500000	-0,615539
10311,625000	-0,607910
10311,750000	-0,608520
10311,875000	-0,586548
10312,000000	-0,588074
10312,125000	-0,564575
10312,250000	-0,600891
10312,375000	-0,600586
10312,500000	-0,627136
10312,625000	-0,614014
10312,750000	-0,586548
10312,875000	-0,585327
10313,000000	-0,552978
10313,125000	-0,570373
10313,250000	-0,610046
10313,375000	-0,583191
10313,500000	-0,581055
10313,625000	-0,620422
10313,750000	-0,586548
10313,875000	-0,570373
10314,000000	-0,566711
10314,125000	-0,585937
10314,250000	-0,598450
10314,375000	-0,598755
10314,500000	-0,570679
10314,625000	-0,570068
10314,750000	-0,581970
10314,875000	-0,610046
10315,000000	-0,617981
10315,125000	-0,593567
10315,250000	-0,597839
10315,375000	-0,594482
10315,500000	-0,592651
10315,625000	-0,600586
10315,750000	-0,600891
10315,875000	-0,586853
10316,000000	-0,585632
10316,125000	-0,582886
10316,250000	-0,587158
10316,375000	-0,587463
10316,500000	-0,616760
10316,625000	-0,600586
10316,750000	-0,574341
10316,875000	-0,574341
10317,000000	-0,589905
10317,125000	-0,587768
10317,250000	-0,610962
10317,375000	-0,593262
10317,500000	-0,590820
10317,625000	-0,619202
10317,750000	-0,617065
10317,875000	-0,618591
10318,000000	-0,615539
10318,125000	-0,612793
10318,250000	-0,600891
10318,375000	-0,599670
10318,500000	-0,634155
10318,625000	-0,634460
10318,750000	-0,606384
10318,875000	-0,611267
10319,000000	-0,633240
10319,125000	-0,614929
10319,250000	-0,614929
10319,375000	-0,577698
10319,500000	-0,627746
10319,625000	-0,614929
10319,750000	-0,616455
10319,875000	-0,621643
10320,000000	-0,644226
10320,125000	-0,608826
10320,250000	-0,585022
10320,375000	-0,584717
10320,500000	-0,593262
10320,625000	-0,637207
10320,750000	-0,637207
10320,875000	-0,639648
10321,000000	-0,592956
10321,125000	-0,632934
10321,250000	-0,620727
10321,375000	-0,602417
10321,500000	-0,602417
10321,625000	-0,602112
10321,750000	-0,609131
10321,875000	-0,613403
10322,000000	-0,568542
10322,125000	-0,619202
10322,250000	-0,639038
10322,375000	-0,608826
10322,500000	-0,616455
10322,625000	-0,614319
10322,750000	-0,658874
10322,875000	-0,651550
10323,000000	-0,580749
10323,125000	-0,610046
10323,250000	-0,610351
10323,375000	-0,605163
10323,500000	-0,613098
10323,625000	-0,591125
10323,750000	-0,591431
10323,875000	-0,621643
10324,000000	-0,608520
10324,125000	-0,632934
10324,250000	-0,598755
10324,375000	-0,597229
10324,500000	-0,608826
10324,625000	-0,611267
10324,750000	-0,622253
10324,875000	-0,619507
10325,000000	-0,614319
10325,125000	-0,643005
10325,250000	-0,620422
10325,375000	-0,609436
10325,500000	-0,609436
10325,625000	-0,605774
10325,750000	-0,610657
10325,875000	-0,619812
10326,000000	-0,608215
10326,125000	-0,618591
10326,250000	-0,632324
10326,375000	-0,622253
10326,500000	-0,623779
10326,625000	-0,621948
10326,750000	-0,638428
10326,875000	-0,616760
10327,000000	-0,642700
10327,125000	-0,604858
10327,250000	-0,604858
10327,375000	-0,620422
10327,500000	-0,629578
10327,625000	-0,612488
10327,750000	-0,613403
10327,875000	-0,671387
10328,000000	-0,631103
10328,125000	-0,639343
10328,250000	-0,629883
10328,375000	-0,629883
10328,500000	-0,636902
10328,625000	-0,641479
10328,750000	-0,611267
10328,875000	-0,608826
10329,000000	-0,652466
10329,125000	-0,632629
10329,250000	-0,652466
10329,375000	-0,646973
10329,500000	-0,644836
10329,625000	-0,613708
10329,750000	-0,620727
10329,875000	-0,661011
10330,000000	-0,644531
10330,125000	-0,657349
10330,250000	-0,631714
10330,375000	-0,591125
10330,500000	-0,616760
10330,625000	-0,616455
10330,750000	-0,651550
10330,875000	-0,613403
10331,000000	-0,644531
10331,125000	-0,660400
10331,250000	-0,659180
10331,375000	-0,592956
10331,500000	-0,662842
10331,625000	-0,656433
10331,750000	-0,655517
10331,875000	-0,622864
10332,000000	-0,644836
10332,125000	-0,623474
10332,250000	-0,631103
10332,375000	-0,631409
10332,500000	-0,622559
10332,625000	-0,596313
10332,750000	-0,624695
10332,875000	-0,622559
10333,000000	-0,627441
10333,125000	-0,621338
10333,250000	-0,640564
10333,375000	-0,633545
10333,500000	-0,634460
10333,625000	-0,650024
10333,750000	-0,652466
10333,875000	-0,655823
10334,000000	-0,649109
10334,125000	-0,635986
10334,250000	-0,641785
10334,375000	-0,675964
10334,500000	-0,639038
10334,625000	-0,635681
10334,750000	-0,649414
10334,875000	-0,610962
10335,000000	-0,661316
10335,125000	-0,639343
10335,250000	-0,640259
10335,375000	-0,662842
10335,500000	-0,645447
10335,625000	-0,661316
10335,750000	-0,660400
10335,875000	-0,655212
10336,000000	-0,650940
10336,125000	-0,591431
10336,250000	-0,629272
10336,375000	-0,630188
10336,500000	-0,663147
10336,625000	-0,653381
10336,750000	-0,656738
10336,875000	-0,655823
10337,000000	-0,667114
10337,125000	-0,632019
10337,250000	-0,633850
10337,375000	-0,643616
10337,500000	-0,643005
10337,625000	-0,635986
10337,750000	-0,673523
10337,875000	-0,656433
10338,000000	-0,622253
10338,125000	-0,625915
10338,250000	-0,619812
10338,375000	-0,639038
10338,500000	-0,636902
10338,625000	-0,637817
10338,750000	-0,661316
10338,875000	-0,645447
10339,000000	-0,682678
10339,125000	-0,648498
10339,250000	-0,648498
10339,375000	-0,601196
10339,500000	-0,681763
10339,625000	-0,637207
10339,750000	-0,635376
10339,875000	-0,646057
10340,000000	-0,629883
10340,125000	-0,619202
10340,250000	-0,652161
10340,375000	-0,651855
10340,500000	-0,708008
10340,625000	-0,623169
10340,750000	-0,678711
10340,875000	-0,677490
10341,000000	-0,635681
10341,125000	-0,632629
10341,250000	-0,651550
10341,375000	-0,661011
10341,500000	-0,660095
10341,625000	-0,633240
10341,750000	-0,682983
10341,875000	-0,679321
10342,000000	-0,647278
10342,125000	-0,650635
10342,250000	-0,676269
10342,375000	-0,655212
10342,500000	-0,655212
10342,625000	-0,652771
10342,750000	-0,626526
10342,875000	-0,669861
10343,000000	-0,666809
10343,125000	-0,627746
10343,250000	-0,627746
10343,375000	-0,674438
10343,500000	-0,650635
10343,625000	-0,652161
10343,750000	-0,651550
10343,875000	-0,671997
10344,000000	-0,651245
10344,125000	-0,682068
10344,250000	-0,652771
10344,375000	-0,655212
10344,500000	-0,643921
10344,625000	-0,647583
10344,750000	-0,672302
10344,875000	-0,670471
10345,000000	-0,647888
10345,125000	-0,660705
10345,250000	-0,672302
10345,375000	-0,653686
10345,500000	-0,652771
10345,625000	-0,667725
10345,750000	-0,649719
10345,875000	-0,681763
10346,000000	-0,654602
10346,125000	-0,660400
10346,250000	-0,699158
10346,375000	-0,690308
10346,500000	-0,645142
10346,625000	-0,643005
10346,750000	-0,665283
10346,875000	-0,688782
10347,000000	-0,682068
10347,125000	-0,640869
10347,250000	-0,639954
10347,375000	-0,642090
10347,500000	-0,670776
10347,625000	-0,695496
10347,750000	-0,696716
10347,875000	-0,664978
10348,000000	-0,647888
10348,125000	-0,628967
10348,250000	-0,653992
10348,375000	-0,652466
10348,500000	-0,668030
10348,625000	-0,679016
10348,750000	-0,697632
10348,875000	-0,695801
10349,000000	-0,636902
10349,125000	-0,643310
10349,250000	-0,677795
10349,375000	-0,673218
10349,500000	-0,671387
10349,625000	-0,657959
10349,750000	-0,618286
10349,875000	-0,631103
10350,000000	-0,650330
10350,125000	-0,655517
10350,250000	-0,650940
10350,375000	-0,679626
10350,500000	-0,666199
10350,625000	-0,665588
10350,750000	-0,643616
10350,875000	-0,682983
10351,000000	-0,676269
10351,125000	-0,661011
10351,250000	-0,660095
10351,375000	-0,710144
10351,500000	-0,656128
10351,625000	-0,645752
10351,750000	-0,645752
10351,875000	-0,669556
10352,000000	-0,652466
10352,125000	-0,685730
10352,250000	-0,694885
10352,375000	-0,693970
10352,500000	-0,670471
10352,625000	-0,677490
10352,750000	-0,645142
10352,875000	-0,643005
10353,000000	-0,691528
10353,125000	-0,693970
10353,250000	-0,675049
10353,375000	-0,673828
10353,500000	-0,674438
10353,625000	-0,647583
10353,750000	-0,667419
10353,875000	-0,668640
10354,000000	-0,672302
10354,125000	-0,678711
10354,250000	-0,685730
10354,375000	-0,689392
10354,500000	-0,680542
10354,625000	-0,679932
10354,750000	-0,660095
10354,875000	-0,689392
10355,000000	-0,679932
10355,125000	-0,660705
10355,250000	-0,659485
10355,375000	-0,653992
10355,500000	-0,682678
10355,625000	-0,664062
10355,750000	-0,662537
10355,875000	-0,674133
10356,000000	-0,640564
10356,125000	-0,675659
10356,250000	-0,660400
10356,375000	-0,659790
10356,500000	-0,668030
10356,625000	-0,679321
10356,750000	-0,689392
10356,875000	-0,687866
10357,000000	-0,680847
10357,125000	-0,650635
10357,250000	-0,676880
10357,375000	-0,641785
10357,500000	-0,643310
10357,625000	-0,650024
10357,750000	-0,684814
10357,875000	-0,677490
10358,000000	-0,679626
10358,125000	-0,684204
10358,250000	-0,631714
10358,375000	-0,653992
10358,500000	-0,691833
10358,625000	-0,692749
10358,750000	-0,675964
10358,875000	-0,655823
10359,000000	-0,653992
10359,125000	-0,697327
10359,250000	-0,697327
10359,375000	-0,688782
10359,500000	-0,692139
10359,625000	-0,646973
10359,750000	-0,646362
10359,875000	-0,659180
10360,000000	-0,628052
10360,125000	-0,673523
10360,250000	-0,665588
10360,375000	-0,666199
10360,500000	-0,660400
10360,625000	-0,678406
10360,750000	-0,653076
10360,875000	-0,651550
10361,000000	-0,690613
10361,125000	-0,672913
10361,250000	-0,679321
10361,375000	-0,654907
10361,500000	-0,653076
10361,625000	-0,682068
10361,750000	-0,668945
10361,875000	-0,661621
10362,000000	-0,702209
10362,125000	-0,708313
10362,250000	-0,693970
10362,375000	-0,655517
10362,500000	-0,676269
10362,625000	-0,673828
10362,750000	-0,672607
10362,875000	-0,677795
10363,000000	-0,629883
10363,125000	-0,638733
10363,250000	-0,638428
10363,375000	-0,639038
10363,500000	-0,675659
10363,625000	-0,655212
10363,750000	-0,656738
10363,875000	-0,697937
10364,000000	-0,668030
10364,125000	-0,650330
10364,250000	-0,669861
10364,375000	-0,670471
10364,500000	-0,647583
10364,625000	-0,687561
10364,750000	-0,664062
10364,875000	-0,662842
10365,000000	-0,690613
10365,125000	-0,658569
10365,250000	-0,662537
10365,375000	-0,715027
10365,500000	-0,715332
10365,625000	-0,662231
10365,750000	-0,679321
10365,875000	-0,667725
10366,000000	-0,670166
10366,125000	-0,674133
10366,250000	-0,681457
10366,375000	-0,699463
10366,500000	-0,673218
10366,625000	-0,670776
10366,750000	-0,679321
10366,875000	-0,652161
10367,000000	-0,696106
10367,125000	-0,689392
10367,250000	-0,639343
10367,375000	-0,689697
10367,500000	-0,646362
10367,625000	-0,671387
10367,750000	-0,668640
10367,875000	-0,686340
10368,000000	-0,677185
10368,125000	-0,658874
10368,250000	-0,672913
10368,375000	-0,675354
10368,500000	-0,692749
10368,625000	-0,669861
10368,750000	-0,655212
10368,875000	-0,653686
10369,000000	-0,667725
10369,125000	-0,671692
10369,250000	-0,650330
10369,375000	-0,671387
10369,500000	-0,671081
10369,625000	-0,674133
10369,750000	-0,644836
10369,875000	-0,683288
10370,000000	-0,682983
10370,125000	-0,655517
10370,250000	-0,689392
10370,375000	-0,638428
10370,500000	-0,687561
10370,625000	-0,688171
10370,750000	-0,664062
10370,875000	-0,679626
10371,000000	-0,682678
10371,125000	-0,668335
10371,250000	-0,670471
10371,375000	-0,667419
10371,500000	-0,671081
10371,625000	-0,662537
10371,750000	-0,661621
10371,875000	-0,661621
10372,000000	-0,694275
10372,125000	-0,657043
10372,250000	-0,684204
10372,375000	-0,686340
10372,500000	-0,635986
10372,625000	-0,681152
10372,750000	-0,642395
10372,875000	-0,639648
10373,000000	-0,675049
10373,125000	-0,657654
10373,250000	-0,653686
10373,375000	-0,691833
10373,500000	-0,690002
10373,625000	-0,678711
10373,750000	-0,676575
10373,875000	-0,657959
10374,000000	-0,654602
10374,125000	-0,676269
10374,250000	-0,638428
10374,375000	-0,670471
10374,500000	-0,679016
10374,625000	-0,679016
10374,750000	-0,684814
10374,875000	-0,657959
10375,000000	-0,688782
10375,125000	-0,682373
10375,250000	-0,682678
10375,375000	-0,634460
10375,500000	-0,651245
10375,625000	-0,657043
10375,750000	-0,657349
10375,875000	-0,686951
10376,000000	-0,702515
10376,125000	-0,670471
10376,250000	-0,685425
10376,375000	-0,685730
10376,500000	-0,678406
10376,625000	-0,697021
10376,750000	-0,686035
10376,875000	-0,682983
10377,000000	-0,691833
10377,125000	-0,639648
10377,250000	-0,660705
10377,375000	-0,666809
10377,500000	-0,667419
10377,625000	-0,696106
10377,750000	-0,661926
10377,875000	-0,646973
10378,000000	-0,668030
10378,125000	-0,673523
10378,250000	-0,659790
10378,375000	-0,662537
10378,500000	-0,686035
10378,625000	-0,686035
10378,750000	-0,656433
10378,875000	-0,673523
10379,000000	-0,647583
10379,125000	-0,693664
10379,250000	-0,691833
10379,375000	-0,668335
10379,500000	-0,690613
10379,625000	-0,662537
10379,750000	-0,662537
10379,875000	-0,672913
10380,000000	-0,663147
10380,125000	-0,659790
10380,250000	-0,680542
10380,375000	-0,679626
10380,500000	-0,669250
10380,625000	-0,674133
10380,750000	-0,688476
10380,875000	-0,687561
10381,000000	-0,696106
10381,125000	-0,671387
10381,250000	-0,704346
10381,375000	-0,654297
10381,500000	-0,653992
10381,625000	-0,710449
10381,750000	-0,665588
10381,875000	-0,688476
10382,000000	-0,661621
10382,125000	-0,666809
10382,250000	-0,686035
10382,375000	-0,675049
10382,500000	-0,677490
10382,625000	-0,678711
10382,750000	-0,698547
10382,875000	-0,679321
10383,000000	-0,675964
10383,125000	-0,682373
10383,250000	-0,682068
10383,375000	-0,658264
10383,500000	-0,706482
10383,625000	-0,667419
10383,750000	-0,669861
10383,875000	-0,701599
10384,000000	-0,658874
10384,125000	-0,642090
10384,250000	-0,671692
10384,375000	-0,671081
10384,500000	-0,700073
10384,625000	-0,669250
10384,750000	-0,679932
10384,875000	-0,677490
10385,000000	-0,655212
10385,125000	-0,674133
10385,250000	-0,662842
10385,375000	-0,677490
10385,500000	-0,678406
10385,625000	-0,646057
10385,750000	-0,666504
10385,875000	-0,697327
10386,000000	-0,664673
10386,125000	-0,671387
10386,250000	-0,654907
10386,375000	-0,692139
10386,500000	-0,677795
10386,625000	-0,678101
10386,750000	-0,672607
10386,875000	-0,681152
10387,000000	-0,657654
10387,125000	-0,656738
10387,250000	-0,657349
10387,375000	-0,685120
10387,500000	-0,674133
10387,625000	-0,658874
10387,750000	-0,657959
10387,875000	-0,653992
10388,000000	-0,680847
10388,125000	-0,680542
10388,250000	-0,629272
10388,375000	-0,631409
10388,500000	-0,673828
10388,625000	-0,661926
10388,750000	-0,704956
10388,875000	-0,703735
10389,000000	-0,670166
10389,125000	-0,697327
10389,250000	-0,632324
10389,375000	-0,663147
10389,500000	-0,662231
10389,625000	-0,662231
10389,750000	-0,706787
10389,875000	-0,681152
10390,000000	-0,679626
10390,125000	-0,689087
10390,250000	-0,706482
10390,375000	-0,648193
10390,500000	-0,729675
10390,625000	-0,729675
10390,750000	-0,672302
10390,875000	-0,672607
10391,000000	-0,682068
10391,125000	-0,608826
10391,250000	-0,636902
10391,375000	-0,687561
10391,500000	-0,727234
10391,625000	-0,685425
10391,750000	-0,684204
10391,875000	-0,691528
10392,000000	-0,681763
10392,125000	-0,656128
10392,250000	-0,692139
10392,375000	-0,693054
10392,500000	-0,653381
10392,625000	-0,672607
10392,750000	-0,678101
10392,875000	-0,677185
10393,000000	-0,675659
10393,125000	-0,661926
10393,250000	-0,709534
10393,375000	-0,664978
10393,500000	-0,663147
10393,625000	-0,698242
10393,750000	-0,656738
10393,875000	-0,675659
10394,000000	-0,672302
10394,125000	-0,676880
10394,250000	-0,649719
10394,375000	-0,686035
10394,500000	-0,655517
10394,625000	-0,654297
10394,750000	-0,680237
10394,875000	-0,652161
10395,000000	-0,665588
10395,125000	-0,662231
10395,250000	-0,647888
10395,375000	-0,710754
10395,500000	-0,665588
10395,625000	-0,675049
10395,750000	-0,674438
10395,875000	-0,685730
10396,000000	-0,699768
10396,125000	-0,684509
10396,250000	-0,662231
10396,375000	-0,663147
10396,500000	-0,681457
10396,625000	-0,663452
10396,750000	-0,664368
10396,875000	-0,664062
10397,000000	-0,652771
10397,125000	-0,680237
10397,250000	-0,650330
10397,375000	-0,672302
10397,500000	-0,670471
10397,625000	-0,704040
10397,750000	-0,652771
10397,875000	-0,667725
10398,000000	-0,666504
10398,125000	-0,655823
10398,250000	-0,656128
10398,375000	-0,636291
10398,500000	-0,658569
10398,625000	-0,659180
10398,750000	-0,672302
10398,875000	-0,664062
10399,000000	-0,655212
10399,125000	-0,655517
10399,250000	-0,653686
10399,375000	-0,670776
10399,500000	-0,688171
10399,625000	-0,671387
10399,750000	-0,669250
10399,875000	-0,647583
10400,000000	-0,694275
