Zeitstempel: 18.9.2013 15:17:45
Signalquelle: Sample/Hold Verstärker
Modus: FM


Bemerkung: Durchlaufzeit 50s
FM
Strom Helmholtz -65mA
Amplitude 45mV
Richtung min<-max
min Frequenz 8000Hz
max Frequenz 8400Hz

Frequenz in Hz	S/H-Signal in V
8399,875000	-0,636902
8399,750000	-0,673828
8399,625000	-0,740356
8399,500000	-0,684814
8399,375000	-0,680847
8399,250000	-0,693359
8399,125000	-0,639954
8399,000000	-0,686951
8398,875000	-0,689392
8398,750000	-0,687866
8398,625000	-0,649109
8398,500000	-0,651245
8398,375000	-0,628662
8398,250000	-0,627136
8398,125000	-0,703735
8398,000000	-0,627136
8397,875000	-0,680237
8397,750000	-0,671081
8397,625000	-0,669861
8397,500000	-0,690613
8397,375000	-0,697937
8397,250000	-0,720825
8397,125000	-0,648804
8397,000000	-0,650940
8396,875000	-0,732422
8396,750000	-0,691223
8396,625000	-0,698547
8396,500000	-0,697632
8396,375000	-0,667114
8396,250000	-0,683594
8396,125000	-0,688476
8396,000000	-0,638122
8395,875000	-0,638428
8395,750000	-0,715332
8395,625000	-0,648804
8395,500000	-0,689087
8395,375000	-0,686645
8395,250000	-0,700073
8395,125000	-0,619812
8395,000000	-0,667725
8394,875000	-0,691528
8394,750000	-0,691223
8394,625000	-0,671997
8394,500000	-0,726623
8394,375000	-0,672607
8394,250000	-0,629883
8394,125000	-0,636291
8394,000000	-0,646057
8393,875000	-0,678101
8393,750000	-0,662842
8393,625000	-0,660095
8393,500000	-0,695801
8393,375000	-0,635376
8393,250000	-0,665893
8393,125000	-0,693970
8393,000000	-0,692749
8392,875000	-0,635986
8392,750000	-0,664368
8392,625000	-0,676880
8392,500000	-0,675354
8392,375000	-0,751953
8392,250000	-0,758972
8392,125000	-0,693359
8392,000000	-0,681152
8391,875000	-0,681152
8391,750000	-0,657349
8391,625000	-0,705566
8391,500000	-0,664368
8391,375000	-0,664673
8391,250000	-0,689697
8391,125000	-0,684204
8391,000000	-0,648804
8390,875000	-0,665588
8390,750000	-0,664673
8390,625000	-0,655212
8390,500000	-0,639038
8390,375000	-0,665588
8390,250000	-0,665283
8390,125000	-0,655517
8390,000000	-0,694885
8389,875000	-0,658874
8389,750000	-0,675354
8389,625000	-0,675049
8389,500000	-0,720215
8389,375000	-0,683899
8389,250000	-0,655823
8389,125000	-0,650940
8389,000000	-0,631714
8388,875000	-0,680237
8388,750000	-0,677795
8388,625000	-0,791016
8388,500000	-0,789184
8388,375000	-0,627746
8388,250000	-0,689087
8388,125000	-0,673828
8388,000000	-0,611877
8387,875000	-0,614014
8387,750000	-0,709228
8387,625000	-0,662842
8387,500000	-0,724182
8387,375000	-0,723267
8387,250000	-0,659180
8387,125000	-0,598144
8387,000000	-0,672913
8386,875000	-0,659180
8386,750000	-0,658569
8386,625000	-0,662842
8386,500000	-0,676269
8386,375000	-0,656433
8386,250000	-0,655517
8386,125000	-0,601501
8386,000000	-0,672302
8385,875000	-0,678101
8385,750000	-0,688476
8385,625000	-0,688476
8385,500000	-0,710144
8385,375000	-0,695496
8385,250000	-0,673218
8385,125000	-0,669556
8385,000000	-0,701904
8384,875000	-0,661621
8384,750000	-0,709839
8384,625000	-0,719910
8384,500000	-0,720215
8384,375000	-0,713501
8384,250000	-0,608826
8384,125000	-0,664368
8384,000000	-0,640259
8383,875000	-0,638428
8383,750000	-0,651550
8383,625000	-0,751038
8383,500000	-0,688782
8383,375000	-0,687561
8383,250000	-0,619507
8383,125000	-0,677795
8383,000000	-0,676269
8382,875000	-0,708618
8382,750000	-0,705872
8382,625000	-0,682678
8382,500000	-0,648498
8382,375000	-0,665893
8382,250000	-0,705872
8382,125000	-0,711059
8382,000000	-0,582275
8381,875000	-0,658874
8381,750000	-0,671997
8381,625000	-0,670776
8381,500000	-0,669556
8381,375000	-0,649414
8381,250000	-0,739136
8381,125000	-0,698547
8381,000000	-0,698547
8380,875000	-0,702515
8380,750000	-0,654907
8380,625000	-0,687866
8380,500000	-0,686645
8380,375000	-0,669250
8380,250000	-0,711365
8380,125000	-0,672607
8380,000000	-0,686035
8379,875000	-0,686035
8379,750000	-0,679016
8379,625000	-0,739136
8379,500000	-0,695190
8379,375000	-0,695496
8379,250000	-0,683594
8379,125000	-0,672302
8379,000000	-0,687561
8378,875000	-0,659790
8378,750000	-0,660400
8378,625000	-0,694275
8378,500000	-0,624695
8378,375000	-0,652161
8378,250000	-0,690308
8378,125000	-0,672913
8378,000000	-0,663757
8377,875000	-0,680237
8377,750000	-0,693054
8377,625000	-0,693970
8377,500000	-0,632629
8377,375000	-0,661621
8377,250000	-0,651245
8377,125000	-0,675354
8377,000000	-0,674133
8376,875000	-0,701599
8376,750000	-0,695496
8376,625000	-0,654297
8376,500000	-0,652771
8376,375000	-0,665283
8376,250000	-0,681152
8376,125000	-0,683594
8376,000000	-0,659180
8375,875000	-0,663147
8375,750000	-0,690002
8375,625000	-0,675354
8375,500000	-0,661621
8375,375000	-0,661621
8375,250000	-0,627746
8375,125000	-0,626526
8375,000000	-0,662537
8374,875000	-0,678711
8374,750000	-0,677185
8374,625000	-0,653992
8374,500000	-0,625610
8374,375000	-0,666199
8374,250000	-0,667419
8374,125000	-0,636902
8374,000000	-0,660705
8373,875000	-0,644836
8373,750000	-0,710754
8373,625000	-0,710754
8373,500000	-0,666809
8373,375000	-0,670471
8373,250000	-0,671692
8373,125000	-0,670776
8373,000000	-0,690918
8372,875000	-0,667419
8372,750000	-0,671387
8372,625000	-0,690308
8372,500000	-0,688782
8372,375000	-0,640869
8372,250000	-0,668335
8372,125000	-0,691528
8372,000000	-0,652771
8371,875000	-0,658569
8371,750000	-0,647583
8371,625000	-0,650635
8371,500000	-0,635376
8371,375000	-0,635071
8371,250000	-0,656128
8371,125000	-0,654602
8371,000000	-0,624695
8370,875000	-0,677795
8370,750000	-0,677490
8370,625000	-0,661621
8370,500000	-0,634460
8370,375000	-0,678406
8370,250000	-0,677490
8370,125000	-0,640259
8370,000000	-0,656128
8369,875000	-0,671692
8369,750000	-0,644531
8369,625000	-0,642700
8369,500000	-0,667725
8369,375000	-0,652771
8369,250000	-0,657654
8369,125000	-0,655823
8369,000000	-0,675659
8368,875000	-0,689087
8368,750000	-0,711059
8368,625000	-0,685425
8368,500000	-0,683594
8368,375000	-0,688171
8368,250000	-0,656738
8368,125000	-0,696106
8368,000000	-0,639038
8367,875000	-0,643616
8367,750000	-0,652466
8367,625000	-0,651550
8367,500000	-0,660400
8367,375000	-0,660705
8367,250000	-0,673828
8367,125000	-0,631103
8367,000000	-0,724182
8366,875000	-0,705566
8366,750000	-0,703735
8366,625000	-0,646973
8366,500000	-0,653381
8366,375000	-0,657043
8366,250000	-0,655517
8366,125000	-0,637512
8366,000000	-0,672302
8365,875000	-0,690613
8365,750000	-0,660705
8365,625000	-0,661011
8365,500000	-0,688171
8365,375000	-0,698242
8365,250000	-0,657043
8365,125000	-0,656433
8365,000000	-0,681763
8364,875000	-0,705261
8364,750000	-0,700684
8364,625000	-0,696106
8364,500000	-0,693970
8364,375000	-0,706177
8364,250000	-0,661621
8364,125000	-0,669556
8364,000000	-0,676880
8363,875000	-0,677795
8363,750000	-0,669250
8363,625000	-0,674133
8363,500000	-0,678406
8363,375000	-0,677490
8363,250000	-0,668640
8363,125000	-0,672607
8363,000000	-0,687256
8362,875000	-0,643310
8362,750000	-0,641785
8362,625000	-0,626526
8362,500000	-0,668945
8362,375000	-0,653381
8362,250000	-0,647888
8362,125000	-0,672302
8362,000000	-0,653381
8361,875000	-0,681152
8361,750000	-0,649109
8361,625000	-0,647278
8361,500000	-0,661621
8361,375000	-0,688171
8361,250000	-0,632019
8361,125000	-0,685730
8361,000000	-0,688476
8360,875000	-0,669250
8360,750000	-0,663147
8360,625000	-0,650330
8360,500000	-0,648498
8360,375000	-0,685120
8360,250000	-0,669861
8360,125000	-0,703125
8360,000000	-0,631714
8359,875000	-0,636902
8359,750000	-0,677795
8359,625000	-0,701599
8359,500000	-0,654907
8359,375000	-0,653076
8359,250000	-0,672302
8359,125000	-0,663757
8359,000000	-0,657654
8358,875000	-0,618591
8358,750000	-0,617676
8358,625000	-0,670776
8358,500000	-0,668335
8358,375000	-0,660400
8358,250000	-0,654602
8358,125000	-0,646667
8358,000000	-0,649109
8357,875000	-0,649719
8357,750000	-0,677795
8357,625000	-0,676575
8357,500000	-0,659180
8357,375000	-0,690308
8357,250000	-0,686951
8357,125000	-0,656128
8357,000000	-0,662842
8356,875000	-0,658874
8356,750000	-0,660705
8356,625000	-0,651550
8356,500000	-0,650635
8356,375000	-0,637207
8356,250000	-0,636597
8356,125000	-0,673218
8356,000000	-0,670471
8355,875000	-0,652771
8355,750000	-0,657959
8355,625000	-0,662231
8355,500000	-0,684814
8355,375000	-0,684204
8355,250000	-0,657654
8355,125000	-0,629883
8355,000000	-0,685730
8354,875000	-0,658569
8354,750000	-0,658874
8354,625000	-0,654602
8354,500000	-0,674133
8354,375000	-0,662231
8354,250000	-0,664673
8354,125000	-0,672913
8354,000000	-0,651550
8353,875000	-0,648193
8353,750000	-0,639954
8353,625000	-0,639038
8353,500000	-0,664978
8353,375000	-0,658569
8353,250000	-0,678406
8353,125000	-0,677185
8353,000000	-0,683288
8352,875000	-0,625915
8352,750000	-0,634460
8352,625000	-0,611267
8352,500000	-0,610962
8352,375000	-0,638733
8352,250000	-0,653381
8352,125000	-0,685120
8352,000000	-0,650635
8351,875000	-0,670166
8351,750000	-0,715027
8351,625000	-0,676880
8351,500000	-0,666504
8351,375000	-0,666809
8351,250000	-0,680237
8351,125000	-0,678101
8351,000000	-0,676880
8350,875000	-0,695190
8350,750000	-0,694885
8350,625000	-0,659790
8350,500000	-0,664978
8350,375000	-0,650940
8350,250000	-0,647278
8350,125000	-0,684814
8350,000000	-0,661011
8349,875000	-0,688476
8349,750000	-0,663452
8349,625000	-0,662537
8349,500000	-0,655212
8349,375000	-0,661316
8349,250000	-0,680847
8349,125000	-0,679932
8349,000000	-0,676880
8348,875000	-0,677795
8348,750000	-0,658264
8348,625000	-0,657654
8348,500000	-0,657043
8348,375000	-0,673218
8348,250000	-0,656128
8348,125000	-0,665283
8348,000000	-0,593872
8347,875000	-0,639648
8347,750000	-0,666199
8347,625000	-0,652161
8347,500000	-0,676575
8347,375000	-0,675049
8347,250000	-0,667725
8347,125000	-0,646667
8347,000000	-0,679626
8346,875000	-0,636597
8346,750000	-0,636902
8346,625000	-0,668335
8346,500000	-0,660095
8346,375000	-0,631409
8346,250000	-0,630493
8346,125000	-0,646973
8346,000000	-0,632324
8345,875000	-0,654907
8345,750000	-0,698242
8345,625000	-0,697021
8345,500000	-0,707397
8345,375000	-0,650635
8345,250000	-0,638428
8345,125000	-0,635986
8345,000000	-0,651550
8344,875000	-0,686340
8344,750000	-0,713196
8344,625000	-0,681457
8344,500000	-0,680237
8344,375000	-0,669556
8344,250000	-0,645752
8344,125000	-0,679626
8344,000000	-0,594177
8343,875000	-0,656128
8343,750000	-0,650940
8343,625000	-0,635986
8343,500000	-0,688476
8343,375000	-0,686951
8343,250000	-0,675659
8343,125000	-0,631714
8343,000000	-0,683594
8342,875000	-0,635986
8342,750000	-0,637817
8342,625000	-0,641785
8342,500000	-0,655823
8342,375000	-0,650940
8342,250000	-0,650940
8342,125000	-0,626221
8342,000000	-0,646057
8341,875000	-0,665893
8341,750000	-0,652771
8341,625000	-0,653381
8341,500000	-0,640869
8341,375000	-0,655212
8341,250000	-0,659485
8341,125000	-0,658264
8341,000000	-0,652161
8340,875000	-0,674744
8340,750000	-0,669861
8340,625000	-0,653686
8340,500000	-0,653381
8340,375000	-0,650635
8340,250000	-0,640564
8340,125000	-0,650940
8340,000000	-0,646973
8339,875000	-0,663147
8339,750000	-0,684204
8339,625000	-0,636597
8339,500000	-0,675659
8339,375000	-0,674744
8339,250000	-0,678406
8339,125000	-0,636291
8339,000000	-0,683288
8338,875000	-0,654297
8338,750000	-0,657959
8338,625000	-0,669250
8338,500000	-0,670166
8338,375000	-0,685120
8338,250000	-0,685730
8338,125000	-0,617676
8338,000000	-0,647278
8337,875000	-0,611267
8337,750000	-0,643005
8337,625000	-0,642700
8337,500000	-0,644226
8337,375000	-0,626831
8337,250000	-0,632019
8337,125000	-0,621643
8337,000000	-0,627136
8336,875000	-0,641174
8336,750000	-0,700989
8336,625000	-0,647278
8336,500000	-0,646973
8336,375000	-0,671081
8336,250000	-0,616760
8336,125000	-0,662231
8336,000000	-0,640564
8335,875000	-0,638733
8335,750000	-0,668030
8335,625000	-0,619202
8335,500000	-0,615234
8335,375000	-0,615539
8335,250000	-0,607605
8335,125000	-0,651245
8335,000000	-0,669861
8334,875000	-0,677490
8334,750000	-0,677490
8334,625000	-0,628662
8334,500000	-0,647888
8334,375000	-0,634460
8334,250000	-0,631714
8334,125000	-0,638733
8334,000000	-0,650940
8333,875000	-0,681763
8333,750000	-0,648193
8333,625000	-0,647278
8333,500000	-0,650940
8333,375000	-0,672913
8333,250000	-0,650024
8333,125000	-0,681457
8333,000000	-0,685730
8332,875000	-0,665588
8332,750000	-0,633545
8332,625000	-0,668030
8332,500000	-0,664673
8332,375000	-0,663147
8332,250000	-0,594788
8332,125000	-0,645447
8332,000000	-0,641479
8331,875000	-0,649719
8331,750000	-0,624084
8331,625000	-0,626831
8331,500000	-0,662231
8331,375000	-0,662231
8331,250000	-0,654907
8331,125000	-0,627746
8331,000000	-0,679626
8330,875000	-0,667725
8330,750000	-0,669250
8330,625000	-0,628052
8330,500000	-0,634460
8330,375000	-0,674438
8330,250000	-0,674438
8330,125000	-0,640869
8330,000000	-0,649719
8329,875000	-0,647888
8329,750000	-0,629578
8329,625000	-0,628662
8329,500000	-0,623169
8329,375000	-0,650635
8329,250000	-0,628052
8329,125000	-0,666809
8329,000000	-0,648804
8328,875000	-0,636597
8328,750000	-0,650330
8328,625000	-0,632324
8328,500000	-0,632019
8328,375000	-0,680237
8328,250000	-0,625610
8328,125000	-0,638733
8328,000000	-0,660705
8327,875000	-0,659485
8327,750000	-0,639343
8327,625000	-0,673523
8327,500000	-0,644226
8327,375000	-0,644531
8327,250000	-0,649719
8327,125000	-0,619507
8327,000000	-0,639343
8326,875000	-0,630493
8326,750000	-0,630493
8326,625000	-0,657043
8326,500000	-0,615845
8326,375000	-0,659180
8326,250000	-0,657959
8326,125000	-0,625915
8326,000000	-0,616150
8325,875000	-0,631409
8325,750000	-0,639648
8325,625000	-0,638428
8325,500000	-0,641785
8325,375000	-0,662842
8325,250000	-0,648498
8325,125000	-0,663452
8325,000000	-0,640869
8324,875000	-0,664978
8324,750000	-0,632324
8324,625000	-0,637817
8324,500000	-0,638733
8324,375000	-0,642395
8324,250000	-0,655823
8324,125000	-0,625000
8324,000000	-0,622559
8323,875000	-0,631103
8323,750000	-0,608215
8323,625000	-0,656738
8323,500000	-0,643921
8323,375000	-0,641479
8323,250000	-0,639954
8323,125000	-0,670776
8323,000000	-0,603332
8322,875000	-0,620422
8322,750000	-0,625610
8322,625000	-0,638733
8322,500000	-0,644531
8322,375000	-0,677185
8322,250000	-0,676880
8322,125000	-0,638428
8322,000000	-0,625610
8321,875000	-0,636291
8321,750000	-0,629578
8321,625000	-0,629883
8321,500000	-0,638428
8321,375000	-0,664368
8321,250000	-0,634460
8321,125000	-0,635681
8321,000000	-0,678711
8320,875000	-0,636902
8320,750000	-0,615234
8320,625000	-0,691833
8320,500000	-0,690918
8320,375000	-0,634460
8320,250000	-0,603332
8320,125000	-0,636902
8320,000000	-0,632934
8319,875000	-0,630493
8319,750000	-0,622864
8319,625000	-0,637207
8319,500000	-0,662231
8319,375000	-0,661621
8319,250000	-0,628662
8319,125000	-0,621338
8319,000000	-0,628052
8318,875000	-0,621338
8318,750000	-0,625000
8318,625000	-0,608826
8318,500000	-0,626221
8318,375000	-0,650024
8318,250000	-0,650330
8318,125000	-0,605469
8318,000000	-0,619507
8317,875000	-0,637817
8317,750000	-0,675964
8317,625000	-0,675659
8317,500000	-0,635986
8317,375000	-0,655517
8317,250000	-0,657043
8317,125000	-0,655823
8317,000000	-0,672607
8316,875000	-0,609131
8316,750000	-0,624084
8316,625000	-0,610962
8316,500000	-0,610657
8316,375000	-0,628967
8316,250000	-0,620422
8316,125000	-0,632019
8316,000000	-0,601501
8315,875000	-0,600891
8315,750000	-0,643005
8315,625000	-0,592041
8315,500000	-0,603332
8315,375000	-0,601807
8315,250000	-0,621643
8315,125000	-0,628967
8315,000000	-0,605163
8314,875000	-0,617981
8314,750000	-0,616760
8314,625000	-0,624695
8314,500000	-0,614929
8314,375000	-0,641174
8314,250000	-0,640259
8314,125000	-0,615539
8314,000000	-0,603332
8313,875000	-0,615539
8313,750000	-0,625915
8313,625000	-0,624695
8313,500000	-0,642395
8313,375000	-0,614929
8313,250000	-0,623474
8313,125000	-0,606689
8313,000000	-0,644836
8312,875000	-0,628357
8312,750000	-0,630188
8312,625000	-0,602112
8312,500000	-0,603638
8312,375000	-0,611267
8312,250000	-0,653992
8312,125000	-0,628357
8312,000000	-0,628052
8311,875000	-0,629272
8311,750000	-0,630493
8311,625000	-0,610962
8311,500000	-0,635986
8311,375000	-0,635986
8311,250000	-0,630188
8311,125000	-0,603638
8311,000000	-0,594788
8310,875000	-0,596924
8310,750000	-0,596008
8310,625000	-0,628967
8310,500000	-0,604858
8310,375000	-0,606384
8310,250000	-0,605774
8310,125000	-0,607300
8310,000000	-0,593262
8309,875000	-0,557251
8309,750000	-0,602722
8309,625000	-0,601196
8309,500000	-0,595398
8309,375000	-0,593872
8309,250000	-0,643310
8309,125000	-0,640869
8309,000000	-0,615234
8308,875000	-0,597229
8308,750000	-0,626831
8308,625000	-0,587463
8308,500000	-0,586243
8308,375000	-0,601196
8308,250000	-0,601196
8308,125000	-0,616760
8308,000000	-0,613403
8307,875000	-0,613403
8307,750000	-0,610657
8307,625000	-0,596008
8307,500000	-0,596619
8307,375000	-0,594177
8307,250000	-0,603027
8307,125000	-0,586243
8307,000000	-0,581665
8306,875000	-0,560608
8306,750000	-0,564880
8306,625000	-0,581970
8306,500000	-0,588684
8306,375000	-0,596924
8306,250000	-0,596619
8306,125000	-0,657349
8306,000000	-0,582580
8305,875000	-0,581360
8305,750000	-0,620117
8305,625000	-0,618591
8305,500000	-0,599976
8305,375000	-0,592041
8305,250000	-0,601501
8305,125000	-0,556946
8305,000000	-0,614319
8304,875000	-0,627746
8304,750000	-0,585632
8304,625000	-0,609741
8304,500000	-0,610046
8304,375000	-0,628357
8304,250000	-0,583496
8304,125000	-0,570984
8304,000000	-0,598144
8303,875000	-0,599060
8303,750000	-0,583191
8303,625000	-0,564880
8303,500000	-0,581055
8303,375000	-0,580749
8303,250000	-0,577087
8303,125000	-0,613708
8303,000000	-0,599670
8302,875000	-0,563965
8302,750000	-0,563660
8302,625000	-0,589905
8302,500000	-0,630188
8302,375000	-0,614319
8302,250000	-0,612793
8302,125000	-0,579224
8302,000000	-0,591431
8301,875000	-0,590515
8301,750000	-0,597229
8301,625000	-0,596619
8301,500000	-0,583496
8301,375000	-0,585632
8301,250000	-0,584106
8301,125000	-0,556641
8301,000000	-0,599976
8300,875000	-0,564575
8300,750000	-0,569763
8300,625000	-0,600891
8300,500000	-0,602417
8300,375000	-0,598755
8300,250000	-0,591736
8300,125000	-0,579529
8300,000000	-0,545654
8299,875000	-0,558777
8299,750000	-0,551758
8299,625000	-0,571899
8299,500000	-0,563049
8299,375000	-0,564575
8299,250000	-0,587463
8299,125000	-0,586243
8299,000000	-0,574341
8298,875000	-0,600586
8298,750000	-0,600281
8298,625000	-0,588684
8298,500000	-0,537414
8298,375000	-0,535889
8298,250000	-0,534058
8298,125000	-0,531311
8298,000000	-0,570984
8297,875000	-0,590820
8297,750000	-0,578003
8297,625000	-0,576782
8297,500000	-0,582886
8297,375000	-0,583496
8297,250000	-0,581360
8297,125000	-0,532532
8297,000000	-0,593567
8296,875000	-0,571289
8296,750000	-0,585327
8296,625000	-0,575867
8296,500000	-0,575561
8296,375000	-0,544434
8296,250000	-0,572510
8296,125000	-0,571594
8296,000000	-0,568848
8295,875000	-0,556946
8295,750000	-0,567322
8295,625000	-0,544739
8295,500000	-0,563049
8295,375000	-0,564270
8295,250000	-0,567017
8295,125000	-0,573120
8295,000000	-0,602417
8294,875000	-0,582886
8294,750000	-0,584717
8294,625000	-0,568542
8294,500000	-0,525513
8294,375000	-0,580444
8294,250000	-0,577087
8294,125000	-0,570984
8294,000000	-0,565491
8293,875000	-0,567017
8293,750000	-0,586243
8293,625000	-0,584412
8293,500000	-0,509033
8293,375000	-0,561218
8293,250000	-0,553589
8293,125000	-0,505371
8293,000000	-0,544739
8292,875000	-0,553894
8292,750000	-0,521240
8292,625000	-0,556641
8292,500000	-0,555420
8292,375000	-0,587463
8292,250000	-0,572205
8292,125000	-0,559692
8292,000000	-0,531311
8291,875000	-0,531921
8291,750000	-0,564575
8291,625000	-0,578308
8291,500000	-0,546875
8291,375000	-0,547180
8291,250000	-0,502319
8291,125000	-0,524902
8291,000000	-0,557556
8290,875000	-0,539246
8290,750000	-0,539856
8290,625000	-0,529175
8290,500000	-0,546265
8290,375000	-0,569763
8290,250000	-0,569458
8290,125000	-0,569153
8290,000000	-0,516663
8289,875000	-0,534668
8289,750000	-0,531006
8289,625000	-0,529785
8289,500000	-0,498962
8289,375000	-0,507202
8289,250000	-0,589600
8289,125000	-0,585937
8289,000000	-0,499267
8288,875000	-0,577698
8288,750000	-0,534973
8288,625000	-0,524902
8288,500000	-0,523987
8288,375000	-0,583191
8288,250000	-0,556335
8288,125000	-0,523682
8288,000000	-0,541077
8287,875000	-0,541382
8287,750000	-0,504761
8287,625000	-0,498047
8287,500000	-0,533447
8287,375000	-0,533142
8287,250000	-0,505371
8287,125000	-0,552368
8287,000000	-0,512695
8286,875000	-0,545654
8286,750000	-0,543823
8286,625000	-0,504455
8286,500000	-0,499573
8286,375000	-0,504455
8286,250000	-0,503235
8286,125000	-0,542297
8286,000000	-0,496216
8285,875000	-0,556641
8285,750000	-0,490417
8285,625000	-0,490723
8285,500000	-0,477600
8285,375000	-0,521240
8285,250000	-0,489502
8285,125000	-0,481262
8285,000000	-0,508728
8284,875000	-0,524902
8284,750000	-0,521851
8284,625000	-0,495605
8282,500000	-0,494385
8282,375000	-0,493164
8282,250000	-0,500488
8282,125000	-0,436706
8282,000000	-0,478210
8281,875000	-0,488586
8281,750000	-0,443420
8281,625000	-0,442810
8281,500000	-0,483398
8281,375000	-0,476990
8281,250000	-0,505676
8281,125000	-0,498962
8281,000000	-0,511169
8280,875000	-0,484924
8280,750000	-0,479431
8280,625000	-0,444641
8280,500000	-0,445251
8280,375000	-0,491943
8280,250000	-0,481567
8280,125000	-0,486450
8280,000000	-0,445862
8279,875000	-0,447998
8279,750000	-0,463867
8279,625000	-0,491943
8279,500000	-0,478210
8279,375000	-0,477295
8279,250000	-0,441894
8279,125000	-0,482178
8279,000000	-0,482178
8278,875000	-0,475769
8278,750000	-0,475159
8278,625000	-0,471802
8278,500000	-0,470581
8278,375000	-0,486450
8278,250000	-0,486755
8278,125000	-0,449829
8278,000000	-0,429077
8277,875000	-0,465393
8277,750000	-0,465698
8277,625000	-0,464783
8277,500000	-0,447388
8277,375000	-0,451660
8277,250000	-0,463562
8277,125000	-0,463257
8277,000000	-0,466003
8276,875000	-0,423279
8276,750000	-0,455322
8276,625000	-0,434570
8276,500000	-0,433960
8276,375000	-0,418396
8276,250000	-0,424805
8276,125000	-0,420837
8276,000000	-0,408325
8275,875000	-0,408935
8275,750000	-0,424194
8275,625000	-0,416870
8275,500000	-0,441284
8275,375000	-0,439453
8275,250000	-0,441894
8275,125000	-0,381164
8275,000000	-0,468445
8274,875000	-0,436401
8274,750000	-0,435181
8274,625000	-0,393677
8274,500000	-0,429993
8274,375000	-0,423889
8274,250000	-0,424194
8274,125000	-0,414429
8274,000000	-0,458069
8273,875000	-0,424805
8273,750000	-0,412903
8273,625000	-0,412903
8273,500000	-0,429077
8273,375000	-0,422668
8273,250000	-0,382080
8273,125000	-0,391540
8273,000000	-0,416260
8272,875000	-0,426636
8272,750000	-0,428467
8272,625000	-0,410461
8272,500000	-0,409241
8272,375000	-0,405579
8272,250000	-0,413208
8272,125000	-0,401306
8272,000000	-0,410767
8271,875000	-0,410767
8271,750000	-0,389099
8271,625000	-0,435486
8271,500000	-0,466309
8271,375000	-0,466309
8271,250000	-0,399780
8271,125000	-0,410156
8271,000000	-0,404968
8270,875000	-0,418701
8270,750000	-0,420227
8270,625000	-0,410156
8270,500000	-0,381470
8270,375000	-0,372620
8270,250000	-0,369263
8270,125000	-0,401001
8270,000000	-0,384827
8269,875000	-0,408020
8269,750000	-0,399170
8269,625000	-0,399170
8269,500000	-0,426025
8269,375000	-0,380554
8269,250000	-0,352783
8269,125000	-0,351257
8269,000000	-0,380554
8268,875000	-0,373230
8268,750000	-0,417175
8268,625000	-0,431213
8268,500000	-0,428162
8268,375000	-0,384216
8268,250000	-0,360718
8268,125000	-0,349731
8268,000000	-0,343933
8267,875000	-0,339661
8267,750000	-0,402527
8267,625000	-0,354309
8267,500000	-0,385437
8267,375000	-0,385132
8267,250000	-0,348816
8267,125000	-0,382996
8267,000000	-0,357361
8266,875000	-0,341492
8266,750000	-0,341492
8266,625000	-0,379944
8266,500000	-0,380554
8266,375000	-0,368957
8266,250000	-0,365906
8266,125000	-0,387573
8266,000000	-0,351562
8265,875000	-0,341797
8265,750000	-0,350037
8265,625000	-0,348511
8265,500000	-0,327454
8265,375000	-0,326233
8265,250000	-0,355835
8265,125000	-0,349731
8265,000000	-0,346069
8264,875000	-0,314331
8264,750000	-0,353393
8264,625000	-0,329285
8264,500000	-0,327454
8264,375000	-0,364685
8264,250000	-0,331421
8264,125000	-0,333862
8264,000000	-0,324707
8263,875000	-0,328674
8263,750000	-0,332336
8263,625000	-0,332947
8263,500000	-0,320434
8263,375000	-0,317688
8263,250000	-0,326538
8263,125000	-0,290527
8263,000000	-0,297546
8262,875000	-0,334473
8262,750000	-0,332947
8262,625000	-0,313721
8262,500000	-0,337830
8262,375000	-0,310059
8262,250000	-0,304871
8262,125000	-0,294189
8262,000000	-0,338745
8261,875000	-0,299072
8261,750000	-0,321655
8261,625000	-0,321045
8261,500000	-0,273132
8261,375000	-0,295715
8261,250000	-0,312500
8261,125000	-0,266418
8261,000000	-0,278931
8260,875000	-0,303039
8260,750000	-0,300293
8260,625000	-0,260620
8260,500000	-0,260620
8260,375000	-0,298157
8260,250000	-0,286560
8260,125000	-0,269165
8260,000000	-0,262451
8259,875000	-0,274963
8259,750000	-0,311890
8259,625000	-0,264282
8259,500000	-0,287476
8259,375000	-0,285950
8259,250000	-0,270386
8259,125000	-0,268249
8259,000000	-0,292358
8258,875000	-0,252380
8258,750000	-0,257263
8258,625000	-0,246277
8258,500000	-0,253906
8258,375000	-0,263672
8258,250000	-0,259705
8258,125000	-0,231628
8258,000000	-0,261230
8257,750000	-0,280762
8257,625000	-0,280456
8257,500000	-0,278015
8257,375000	-0,228577
8257,250000	-0,224914
8257,125000	-0,250549
8257,000000	-0,251465
8256,875000	-0,205688
8256,750000	-0,222168
8256,625000	-0,245666
8256,500000	-0,246582
8256,375000	-0,249023
8256,250000	-0,264282
8256,125000	-0,223694
8256,000000	-0,216675
8255,875000	-0,217590
8255,750000	-0,270996
8255,625000	-0,204773
8255,500000	-0,184326
8255,375000	-0,180969
8255,250000	-0,195312
8255,125000	-0,190124
8255,000000	-0,223694
8254,875000	-0,211792
8254,750000	-0,213623
8254,625000	-0,191955
8254,500000	-0,203247
8254,375000	-0,209350
8254,250000	-0,207214
8254,125000	-0,216980
8254,000000	-0,175476
8253,875000	-0,219116
8253,750000	-0,210266
8253,625000	-0,210571
8253,500000	-0,198975
8253,375000	-0,181274
8253,250000	-0,175171
8253,125000	-0,204773
8253,000000	-0,190124
8252,875000	-0,191955
8252,750000	-0,177612
8252,625000	-0,193176
8252,500000	-0,191955
8252,375000	-0,171509
8252,250000	-0,172424
8252,125000	-0,188599
8252,000000	-0,197143
8251,875000	-0,197143
8251,750000	-0,159912
8251,625000	-0,190124
8251,500000	-0,167236
8251,375000	-0,164795
8251,250000	-0,144348
8251,125000	-0,155640
8251,000000	-0,153503
8250,875000	-0,139465
8250,750000	-0,137634
8250,625000	-0,130615
8250,500000	-0,140381
8250,375000	-0,170898
8250,250000	-0,165100
8250,125000	-0,146484
8250,000000	-0,156250
8249,875000	-0,137939
8249,750000	-0,151367
8249,625000	-0,148315
8249,500000	-0,107727
8249,375000	-0,145874
8249,250000	-0,127258
8249,125000	-0,127563
8249,000000	-0,116882
8248,875000	-0,142822
8248,750000	-0,118103
8248,625000	-0,116577
8248,500000	-0,114746
8248,375000	-0,109558
8248,250000	-0,138245
8248,125000	-0,128174
8248,000000	-0,124817
8247,875000	-0,147705
8247,750000	-0,096130
8247,625000	-0,117798
8247,500000	-0,105896
8247,375000	-0,103149
8247,250000	-0,093384
8247,125000	-0,134888
8247,000000	-0,057678
8246,875000	-0,125122
8246,750000	-0,126038
8246,625000	-0,136719
8246,500000	-0,048523
8246,375000	-0,071716
8246,250000	-0,070496
8246,125000	-0,087585
8246,000000	-0,082703
8245,875000	-0,077820
8245,750000	-0,089722
8245,625000	-0,087280
8245,500000	-0,076294
8245,375000	-0,072632
8245,250000	-0,025330
8245,125000	-0,025330
8245,000000	-0,044861
8244,875000	-0,071716
8244,750000	-0,079040
8244,625000	-0,065002
8244,500000	-0,065308
8244,375000	-0,048523
8244,250000	-0,047607
8244,125000	-0,046081
8244,000000	-0,043640
8243,875000	-0,062256
8243,750000	-0,079651
8243,625000	-0,044556
8243,500000	-0,049438
8243,375000	-0,048523
8243,250000	-0,039673
8243,125000	-0,035705
8243,000000	-0,034485
8242,875000	-0,026855
8242,750000	-0,023804
8242,625000	-0,016174
8242,500000	-0,043640
8242,375000	-0,024414
8242,250000	-0,021667
8242,125000	-0,033264
8242,000000	-0,021362
8241,875000	-0,039673
8241,750000	-0,018616
8241,625000	-0,018310
8241,500000	-0,021362
8241,375000	0,029297
8241,250000	0,013733
8241,125000	0,013123
8241,000000	-0,027161
8240,875000	-0,008545
8240,750000	0,027466
8240,625000	-0,006409
8240,500000	-0,007324
8240,375000	-0,013733
8240,250000	0,032959
8240,125000	0,026550
8240,000000	0,028076
8239,875000	0,018921
8239,750000	0,009461
8239,625000	0,011292
8239,500000	0,025330
8239,375000	0,023193
8239,250000	0,051575
8239,125000	0,060120
8239,000000	0,025025
8238,875000	-0,013122
8238,750000	-0,017090
8238,625000	0,043030
8238,500000	0,012512
8238,375000	-0,003967
8238,250000	-0,001526
8238,125000	0,063782
8238,000000	0,021057
8237,875000	0,070801
8237,750000	0,045776
8237,625000	0,043335
8237,500000	0,051270
8237,375000	0,045471
8237,250000	0,079346
8237,125000	0,080872
8237,000000	0,031738
8236,875000	0,064087
8236,750000	0,048828
8236,625000	0,050049
8236,500000	0,050049
8236,375000	0,044556
8236,250000	0,037842
8236,125000	0,079041
8236,000000	0,049133
8235,875000	0,050049
8235,750000	0,093689
8235,625000	0,106506
8235,500000	0,018616
8235,375000	0,019837
8235,250000	0,072632
8235,125000	0,104370
8235,000000	0,098572
8234,875000	0,089722
8234,750000	0,090332
8234,625000	0,043640
8234,500000	0,093994
8234,375000	0,112305
8234,250000	0,113831
8234,125000	0,125427
8234,000000	0,098877
8233,875000	0,092774
8233,750000	0,095215
8233,625000	0,096130
8233,500000	0,102844
8233,375000	0,109863
8233,250000	0,065918
8233,125000	0,068054
8233,000000	0,082092
8232,875000	0,104981
8232,750000	0,079041
8232,625000	0,132141
8232,500000	0,134277
8232,375000	0,116272
8232,250000	0,130310
8232,125000	0,108643
8232,000000	0,100403
8231,875000	0,128479
8231,750000	0,135193
8231,625000	0,133667
8231,500000	0,133057
8231,375000	0,132141
8231,250000	0,127869
8231,125000	0,137940
8231,000000	0,125122
8230,875000	0,105896
8230,750000	0,103760
8230,625000	0,160523
8230,500000	0,176697
8230,375000	0,152588
8230,250000	0,153809
8230,125000	0,178833
8230,000000	0,161438
8229,875000	0,189819
8229,750000	0,172730
8229,625000	0,173340
8229,500000	0,156860
8229,375000	0,189209
8229,250000	0,158691
8229,125000	0,180359
8229,000000	0,179138
8228,875000	0,165711
8228,750000	0,143128
8228,625000	0,186462
8228,500000	0,187378
8228,375000	0,185852
8228,250000	0,180359
8228,125000	0,202637
8228,000000	0,182190
8227,875000	0,182190
8227,750000	0,174255
8227,625000	0,189209
8227,500000	0,207214
8227,375000	0,207520
8227,250000	0,222473
8227,125000	0,222778
8227,000000	0,233154
8226,875000	0,207520
8226,750000	0,207214
8226,625000	0,220032
8226,500000	0,219727
8226,375000	0,217590
8226,250000	0,220337
8226,125000	0,192871
8226,000000	0,223694
8225,875000	0,226135
8225,750000	0,234070
8225,625000	0,234985
8225,500000	0,245056
8225,375000	0,220947
8225,250000	0,214539
8225,125000	0,227661
8225,000000	0,224609
8224,875000	0,239868
8224,750000	0,228882
8224,625000	0,281067
8224,500000	0,279541
8224,375000	0,261536
8224,250000	0,236511
8224,125000	0,262146
8224,000000	0,240479
8223,875000	0,242615
8223,750000	0,260925
8223,625000	0,263672
8223,500000	0,271912
8223,375000	0,271301
8223,250000	0,294800
8223,125000	0,270996
8223,000000	0,260620
8222,875000	0,260315
8222,750000	0,260925
8222,625000	0,259400
8222,500000	0,278320
8222,375000	0,263977
8222,250000	0,267029
8222,125000	0,265198
8222,000000	0,243225
8221,875000	0,255127
8221,750000	0,281983
8221,625000	0,284119
8221,500000	0,273743
8221,375000	0,315247
8221,250000	0,294495
8221,125000	0,285950
8221,000000	0,285339
8220,875000	0,263977
8220,750000	0,345154
8220,625000	0,286865
8220,500000	0,287781
8220,375000	0,329285
8220,250000	0,318604
8220,125000	0,289612
8220,000000	0,315247
8219,875000	0,315552
8219,750000	0,306397
8219,625000	0,329590
8219,500000	0,294190
8219,375000	0,295715
8219,250000	0,317383
8219,125000	0,293884
8219,000000	0,319214
8218,875000	0,316467
8218,750000	0,319214
8218,625000	0,326233
8218,500000	0,321045
8218,375000	0,319519
8218,250000	0,318298
8218,125000	0,332642
8218,000000	0,326233
8217,875000	0,344238
8217,750000	0,328369
8217,625000	0,328674
8217,500000	0,342712
8217,375000	0,323486
8217,250000	0,302429
8217,125000	0,303955
8217,000000	0,341187
8216,875000	0,330505
8216,750000	0,340271
8216,625000	0,323792
8216,500000	0,323792
8216,375000	0,367127
8216,250000	0,363770
8216,125000	0,331116
8216,000000	0,314636
8215,875000	0,343933
8215,750000	0,380859
8215,625000	0,358887
8215,500000	0,351868
8215,375000	0,353088
8215,250000	0,359192
8215,125000	0,351563
8215,000000	0,368958
8214,875000	0,357056
8214,750000	0,356445
8214,625000	0,357056
8214,500000	0,391846
8214,375000	0,379028
8214,250000	0,379639
8214,125000	0,385132
8214,000000	0,359192
8213,875000	0,387573
8213,750000	0,382691
8213,625000	0,384827
8213,500000	0,367432
8213,375000	0,363159
8213,250000	0,363770
8213,125000	0,362549
8213,000000	0,384827
8212,875000	0,356751
8212,750000	0,379334
8212,625000	0,382996
8212,500000	0,381775
8212,375000	0,397949
8212,250000	0,387879
8212,125000	0,424805
8212,000000	0,378723
8211,875000	0,378113
8211,750000	0,417175
8211,625000	0,404663
8211,500000	0,396729
8211,375000	0,397339
8211,250000	0,386353
8211,125000	0,420837
8211,000000	0,453796
8210,875000	0,377808
8210,750000	0,379639
8210,625000	0,386047
8210,500000	0,411987
8210,375000	0,408020
8210,250000	0,410462
8210,125000	0,407105
8210,000000	0,412598
8209,875000	0,392456
8209,750000	0,391846
8209,625000	0,391541
8209,500000	0,449524
8209,375000	0,462341
8209,250000	0,403442
8209,125000	0,433045
8209,000000	0,430603
8208,875000	0,402222
8208,750000	0,440979
8208,625000	0,448303
8208,500000	0,449219
8208,375000	0,419922
8208,250000	0,440979
8208,125000	0,466309
8208,000000	0,451050
8207,875000	0,451660
8207,750000	0,456238
8207,625000	0,460816
8207,500000	0,438538
8207,375000	0,439453
8207,250000	0,438233
8207,125000	0,393677
8207,000000	0,425110
8206,875000	0,429688
8206,750000	0,427857
8206,625000	0,425415
8206,500000	0,417175
8206,375000	0,434265
8206,250000	0,434876
8206,125000	0,458679
8206,000000	0,425720
8205,875000	0,437927
8205,750000	0,445252
8205,625000	0,447388
8205,500000	0,473023
8205,375000	0,434570
8205,250000	0,466614
8205,125000	0,466614
8205,000000	0,468750
8204,875000	0,438233
8204,750000	0,475159
8204,625000	0,453796
8204,500000	0,455017
8204,375000	0,456848
8204,250000	0,462341
8204,125000	0,469666
8204,000000	0,456238
8203,875000	0,453186
8203,750000	0,478211
8203,625000	0,444336
8203,500000	0,477295
8203,375000	0,478516
8203,250000	0,479126
8203,125000	0,500488
8203,000000	0,494080
8202,875000	0,500794
8202,750000	0,501099
8202,625000	0,484009
8202,500000	0,476990
8202,375000	0,480957
8202,250000	0,482483
8202,125000	0,499878
8202,000000	0,488587
8201,875000	0,487976
8201,750000	0,480957
8201,625000	0,483704
8201,500000	0,463562
8201,375000	0,459290
8201,250000	0,449829
8201,125000	0,451965
8201,000000	0,455322
8200,875000	0,440369
8200,750000	0,467529
8200,625000	0,462036
8200,500000	0,458984
8200,375000	0,482178
8200,250000	0,450440
8200,125000	0,487366
8200,000000	0,475769
8199,875000	0,479736
8199,750000	0,480347
8199,625000	0,469666
8199,500000	0,489807
8199,375000	0,488892
8199,250000	0,475769
8199,125000	0,498352
8199,000000	0,498352
8198,875000	0,486450
8198,750000	0,487061
8198,625000	0,486755
8198,500000	0,517883
8198,375000	0,458984
8198,250000	0,459900
8198,125000	0,465698
8198,000000	0,475464
8197,875000	0,474548
8197,750000	0,476379
8197,625000	0,476685
8197,500000	0,470276
8197,375000	0,495300
8197,250000	0,498962
8197,125000	0,499268
8197,000000	0,466614
8196,875000	0,467835
8196,750000	0,473633
8196,625000	0,485840
8196,500000	0,487061
8196,375000	0,479431
8196,250000	0,524597
8196,125000	0,526123
8196,000000	0,509949
8195,875000	0,510559
8195,750000	0,513001
8195,625000	0,486755
8195,500000	0,486755
8195,375000	0,485840
8195,250000	0,439453
8195,125000	0,481262
8195,000000	0,462036
8194,875000	0,493164
8194,750000	0,492859
8194,625000	0,480042
8194,500000	0,476074
8194,375000	0,447693
8194,250000	0,447388
8194,125000	0,462341
8194,000000	0,477295
8193,875000	0,481873
8193,750000	0,436707
8193,625000	0,435486
8193,500000	0,457764
8193,375000	0,479126
8193,250000	0,484314
8193,125000	0,484009
8193,000000	0,482483
8192,875000	0,497131
8192,750000	0,506592
8192,625000	0,476990
8192,500000	0,475769
8192,375000	0,481567
8192,250000	0,478516
8192,125000	0,484924
8192,000000	0,476074
8191,875000	0,476379
8191,750000	0,475464
8191,625000	0,484924
8191,500000	0,465393
8191,375000	0,466919
8191,250000	0,459900
8191,125000	0,458069
8191,000000	0,470581
8190,875000	0,444336
8190,750000	0,442810
8190,625000	0,456543
8190,500000	0,444031
8190,375000	0,432739
8190,250000	0,433045
8190,125000	0,464172
8190,000000	0,489197
8189,875000	0,477295
8189,750000	0,475464
8189,625000	0,476379
8189,500000	0,462036
8189,375000	0,434876
8189,250000	0,445252
8189,125000	0,462036
8189,000000	0,460510
8188,875000	0,447998
8188,750000	0,439758
8188,625000	0,474243
8188,500000	0,474243
8188,375000	0,467835
8188,250000	0,466919
8188,125000	0,497131
8188,000000	0,433350
8187,875000	0,433960
8187,750000	0,453796
8187,625000	0,462036
8187,500000	0,473328
8187,375000	0,473633
8187,250000	0,419312
8187,125000	0,473023
8187,000000	0,454712
8186,875000	0,455017
8186,750000	0,453186
8186,625000	0,445557
8186,500000	0,437622
8186,375000	0,422974
8186,250000	0,425720
8186,125000	0,432129
8186,000000	0,456848
8185,875000	0,431213
8185,750000	0,420837
8185,625000	0,420532
8185,500000	0,446777
8185,375000	0,458069
8185,250000	0,436707
8185,125000	0,443726
8185,000000	0,440064
8184,875000	0,395508
8184,750000	0,432739
8184,625000	0,437317
8184,500000	0,436707
8184,375000	0,394287
8184,250000	0,424805
8184,125000	0,409851
8184,000000	0,405579
8183,875000	0,407715
8183,750000	0,442505
8183,625000	0,405579
8183,500000	0,415344
8183,375000	0,415344
8183,250000	0,440369
8183,125000	0,394592
8183,000000	0,418396
8182,875000	0,403748
8182,750000	0,404053
8182,625000	0,417786
8182,500000	0,386658
8182,375000	0,385132
8182,250000	0,388184
8182,125000	0,460816
8182,000000	0,441589
8181,875000	0,397034
8181,750000	0,385437
8181,625000	0,385742
8181,500000	0,370483
8181,375000	0,402832
8181,250000	0,463867
8181,125000	0,395203
8181,000000	0,393372
8180,875000	0,382996
8180,750000	0,397949
8180,625000	0,413208
8180,500000	0,415039
8180,375000	0,343018
8180,250000	0,368042
8180,125000	0,379639
8180,000000	0,368042
8179,875000	0,370483
8179,750000	0,379639
8179,625000	0,395203
8179,500000	0,367127
8179,375000	0,368042
8179,250000	0,362549
8179,125000	0,348511
8179,000000	0,382385
8178,875000	0,370789
8178,750000	0,371399
8178,625000	0,364685
8178,500000	0,373535
8178,375000	0,381165
8178,250000	0,383606
8178,125000	0,371094
8178,000000	0,356445
8177,875000	0,357666
8177,750000	0,334168
8177,625000	0,334778
8177,500000	0,325317
8177,375000	0,323181
8177,250000	0,291138
8177,125000	0,291443
8177,000000	0,344544
8176,875000	0,310974
8176,750000	0,316162
8176,625000	0,317993
8176,500000	0,319519
8176,375000	0,317078
8176,250000	0,307617
8176,125000	0,299072
8176,000000	0,294495
8175,875000	0,294800
8175,750000	0,299072
8175,625000	0,273132
8175,500000	0,263977
8175,375000	0,265503
8175,250000	0,305176
8175,125000	0,282288
8175,000000	0,272217
8174,875000	0,283814
8174,750000	0,284729
8174,625000	0,248718
8174,500000	0,289307
8174,375000	0,266419
8174,250000	0,269470
8174,125000	0,235291
8174,000000	0,226135
8173,875000	0,242920
8173,750000	0,248718
8173,625000	0,251160
8173,500000	0,253906
8173,375000	0,264587
8173,250000	0,207825
8173,125000	0,240173
8173,000000	0,238342
8172,875000	0,229797
8172,750000	0,243836
8172,625000	0,197754
8172,500000	0,198670
8172,375000	0,194397
8172,250000	0,218811
8172,125000	0,244446
8172,000000	0,228577
8171,875000	0,228272
8171,750000	0,213928
8171,625000	0,234070
8171,500000	0,208435
8171,375000	0,207825
8171,250000	0,232239
8171,125000	0,212708
8171,000000	0,170593
8170,875000	0,235901
8170,750000	0,235291
8170,625000	0,183106
8170,500000	0,202332
8170,375000	0,182190
8170,250000	0,182800
8170,125000	0,220032
8170,000000	0,184937
8169,875000	0,177918
8169,750000	0,173035
8169,625000	0,175476
8169,500000	0,181580
8169,375000	0,182800
8169,250000	0,147705
8169,125000	0,148316
8169,000000	0,193787
8168,875000	0,143128
8168,750000	0,177002
8168,625000	0,160828
8168,500000	0,160828
8168,375000	0,163269
8168,250000	0,151367
8168,125000	0,141907
8168,000000	0,169373
8167,875000	0,170288
8167,750000	0,168457
8167,625000	0,167847
8167,500000	0,155640
8167,375000	0,155335
8167,250000	0,142517
8167,125000	0,130615
8167,000000	0,109253
8166,875000	0,113831
8166,750000	0,114746
8166,625000	0,101013
8166,500000	0,136108
8166,375000	0,114441
8166,250000	0,113831
8166,125000	0,118103
8166,000000	0,118408
8165,875000	0,126953
8165,750000	0,085449
8165,625000	0,084534
8165,500000	0,083923
8165,375000	0,072632
8165,250000	0,092163
8165,125000	0,074768
8165,000000	0,072937
8164,875000	0,086060
8164,750000	0,074768
8164,625000	0,092163
8164,500000	0,093994
8164,375000	0,092774
8164,250000	0,105286
8164,125000	0,084229
8164,000000	0,090637
8163,875000	0,092774
8163,750000	0,093689
8163,625000	0,032959
8163,500000	0,069275
8163,375000	0,071106
8163,250000	0,075073
8163,125000	0,072022
8163,000000	0,075989
8162,875000	0,070801
8162,750000	0,072022
8162,625000	0,053406
8162,500000	0,057373
8162,375000	0,031738
8162,250000	0,030823
8162,125000	0,036316
8162,000000	0,008545
8161,875000	0,002747
8161,750000	0,016785
8161,625000	0,018005
8161,500000	0,063171
8161,375000	0,036011
8161,250000	0,020752
8161,125000	0,021973
8161,000000	0,040283
8160,875000	0,023804
8160,750000	0,004273
8160,625000	0,012207
8160,500000	0,013123
8160,375000	0,009766
8160,250000	0,018616
8160,125000	0,005188
8160,000000	-0,017090
8159,875000	-0,006714
8159,750000	-0,008850
8159,625000	-0,016479
8159,500000	0,009461
8159,375000	0,008850
8159,250000	0,010681
8159,125000	-0,081177
8159,000000	-0,003357
8158,875000	0,070191
8158,750000	0,070496
8158,625000	0,036621
8158,500000	0,021973
8158,375000	-0,028381
8158,250000	-0,025635
8158,125000	-0,101318
8158,000000	-0,047302
8157,875000	-0,098267
8157,750000	-0,086059
8157,625000	-0,083618
8157,500000	-0,051880
8157,375000	-0,083923
8157,250000	-0,083618
8157,125000	-0,046997
8157,000000	-0,048218
8156,875000	-0,068664
8156,750000	-0,061951
8156,625000	-0,075684
8156,500000	-0,074463
8156,375000	-0,108032
8156,250000	-0,087891
8156,125000	-0,090942
8156,000000	-0,010681
8155,875000	-0,011597
8155,750000	-0,071716
8155,625000	-0,136719
8155,500000	-0,109253
8155,375000	-0,107117
8155,250000	-0,112305
8155,125000	-0,060730
8155,000000	-0,135498
8154,875000	-0,105896
8154,750000	-0,104675
8154,625000	-0,101013
8154,500000	-0,112305
8154,375000	-0,079346
8154,250000	-0,075989
8154,125000	-0,121460
8154,000000	-0,125122
8153,875000	-0,127258
8153,750000	-0,153809
8153,625000	-0,149841
8153,500000	-0,119324
8153,375000	-0,159607
8153,250000	-0,209045
8153,125000	-0,125427
8153,000000	-0,126038
8152,875000	-0,127563
8152,750000	-0,031433
8152,625000	-0,155945
8152,500000	-0,153503
8152,375000	-0,109863
8152,250000	-0,052795
8152,125000	-0,122681
8152,000000	-0,142517
8151,875000	-0,142822
8151,750000	-0,135193
8151,625000	-0,156555
8151,500000	-0,145264
8151,375000	-0,141296
8151,250000	-0,088501
8151,125000	-0,186157
8151,000000	-0,153198
8150,875000	-0,198975
8150,750000	-0,201721
8150,625000	-0,177307
8150,500000	-0,229187
8150,375000	-0,231323
8150,250000	-0,228271
8150,125000	-0,245056
8150,000000	-0,146484
8149,875000	-0,222473
8149,750000	-0,182495
8149,625000	-0,177612
8149,500000	-0,252991
8149,375000	-0,213013
8149,250000	-0,168457
8149,125000	-0,164795
8149,000000	-0,211792
8148,875000	-0,193176
8148,750000	-0,289307
8148,625000	-0,246887
8148,500000	-0,245056
8148,375000	-0,271912
8148,250000	-0,202026
8148,125000	-0,326843
8148,000000	-0,256348
8147,875000	-0,256958
8147,750000	-0,296020
8147,625000	-0,289917
8147,500000	-0,279236
8147,375000	-0,277710
8147,250000	-0,236206
8147,125000	-0,311279
8147,000000	-0,296936
8146,875000	-0,279236
8146,750000	-0,279846
8146,625000	-0,334778
8146,500000	-0,238037
8146,375000	-0,345764
8146,250000	-0,344543
8146,125000	-0,294189
8146,000000	-0,308533
8145,875000	-0,346680
8145,750000	-0,299377
8145,625000	-0,297241
8145,500000	-0,303955
8145,375000	-0,319824
8145,250000	-0,352173
8145,125000	-0,410156
8145,000000	-0,415344
8144,875000	-0,356750
8144,750000	-0,330505
8144,625000	-0,365906
8144,500000	-0,319824
8144,375000	-0,318603
8144,250000	-0,354309
8144,125000	-0,348205
8144,000000	-0,276489
8143,875000	-0,274963
8143,750000	-0,359802
8143,625000	-0,327759
8143,500000	-0,361328
8143,375000	-0,359192
8143,250000	-0,396118
8143,125000	-0,326843
8143,000000	-0,325317
8142,875000	-0,409241
8142,750000	-0,411072
8142,625000	-0,367737
8142,500000	-0,374451
8142,375000	-0,398254
8142,250000	-0,397034
8142,125000	-0,352173
8142,000000	-0,359802
8141,875000	-0,385437
8141,750000	-0,350952
8141,625000	-0,350037
8141,500000	-0,377197
8141,375000	-0,410767
8141,250000	-0,416565
8141,125000	-0,411682
8141,000000	-0,372620
8140,875000	-0,372314
8140,750000	-0,382385
8140,625000	-0,439758
8140,500000	-0,439453
8140,375000	-0,382996
8140,250000	-0,390625
8140,125000	-0,457153
8140,000000	-0,392151
8139,875000	-0,383301
8139,750000	-0,432434
8139,625000	-0,471191
8139,500000	-0,357056
8139,375000	-0,356750
8139,250000	-0,394592
8139,125000	-0,379028
8139,000000	-0,439758
8138,875000	-0,423889
8138,750000	-0,422363
8138,625000	-0,429993
8138,500000	-0,444641
8138,375000	-0,372009
8138,250000	-0,370483
8138,125000	-0,367737
8138,000000	-0,419006
8137,875000	-0,389099
8137,750000	-0,400085
8137,625000	-0,398254
8137,500000	-0,434570
8137,375000	-0,446167
8137,250000	-0,391846
8137,125000	-0,388489
8137,000000	-0,445862
8136,875000	-0,480957
8136,750000	-0,418701
8136,625000	-0,428772
8136,500000	-0,428162
8136,375000	-0,456848
8136,250000	-0,474548
8136,125000	-0,451355
8136,000000	-0,393677
8135,875000	-0,395203
8135,750000	-0,520325
8135,625000	-0,495300
8135,500000	-0,489502
8135,375000	-0,487060
8135,250000	-0,455322
8135,125000	-0,468750
8135,000000	-0,444336
8134,875000	-0,446472
8134,750000	-0,446167
8134,625000	-0,495911
8134,500000	-0,493164
8134,375000	-0,428162
8134,250000	-0,425415
8134,125000	-0,373230
8134,000000	-0,456238
8133,875000	-0,457153
8133,750000	-0,501404
8133,625000	-0,500793
8133,500000	-0,489807
8133,375000	-0,455017
8133,250000	-0,480957
8133,125000	-0,481262
8133,000000	-0,421142
8132,875000	-0,454101
8132,750000	-0,475464
8132,625000	-0,459595
8132,500000	-0,460815
8132,375000	-0,438232
8132,250000	-0,489502
8132,125000	-0,519409
8132,000000	-0,487976
8131,875000	-0,487366
8131,750000	-0,567932
8131,625000	-0,451355
8131,500000	-0,429382
8131,375000	-0,428772
8131,250000	-0,485535
8131,125000	-0,457153
8131,000000	-0,473633
8130,875000	-0,467529
8130,750000	-0,466919
8130,625000	-0,465393
8130,500000	-0,503540
8130,375000	-0,536499
8130,250000	-0,533752
8130,125000	-0,502014
8130,000000	-0,509643
8129,875000	-0,498962
8129,750000	-0,478516
8129,625000	-0,476684
8129,500000	-0,456848
8129,375000	-0,456848
8129,250000	-0,524292
8129,125000	-0,480652
8129,000000	-0,484009
8128,875000	-0,516052
8128,750000	-0,530090
8128,625000	-0,558472
8128,500000	-0,559082
8128,375000	-0,523682
8128,250000	-0,530395
8128,125000	-0,489502
8128,000000	-0,516968
8127,875000	-0,514221
8127,750000	-0,528259
8127,625000	-0,510254
8127,500000	-0,550537
8127,375000	-0,550537
8127,250000	-0,473938
8127,125000	-0,514221
8127,000000	-0,480041
8126,875000	-0,521545
8126,750000	-0,524902
8126,625000	-0,594482
8126,500000	-0,493774
8126,375000	-0,521851
8126,250000	-0,520630
8126,125000	-0,509643
8126,000000	-0,541077
8125,875000	-0,533142
8125,750000	-0,531921
8125,625000	-0,530701
8125,500000	-0,534973
8125,375000	-0,550537
8125,250000	-0,525818
8125,125000	-0,525207
8125,000000	-0,511475
8124,875000	-0,594177
8124,750000	-0,523682
8124,625000	-0,516052
8124,500000	-0,513306
8124,375000	-0,563660
8124,250000	-0,526123
8124,125000	-0,566711
8124,000000	-0,539246
8123,875000	-0,538025
8123,750000	-0,510864
8123,625000	-0,503235
8123,500000	-0,492554
8123,375000	-0,489807
8123,250000	-0,577392
8123,125000	-0,569763
8123,000000	-0,561218
8122,875000	-0,544739
8122,750000	-0,543823
8122,625000	-0,584717
8122,500000	-0,549927
8122,375000	-0,540771
8122,250000	-0,537414
8122,125000	-0,508118
8122,000000	-0,570679
8121,875000	-0,545044
8121,750000	-0,575867
8121,625000	-0,572510
8121,500000	-0,511475
8121,375000	-0,539246
8121,250000	-0,555420
8121,125000	-0,551453
8121,000000	-0,559692
8120,875000	-0,622253
8120,750000	-0,585327
8120,625000	-0,606995
8120,500000	-0,606689
8120,375000	-0,578918
8120,250000	-0,533752
8120,125000	-0,583496
8120,000000	-0,578003
8119,875000	-0,577392
8119,750000	-0,653381
8119,625000	-0,559997
8119,500000	-0,599976
8119,375000	-0,600586
8119,250000	-0,567932
8119,125000	-0,598450
8119,000000	-0,554504
8118,875000	-0,602722
8118,750000	-0,601196
8118,625000	-0,609741
8118,500000	-0,536804
8118,375000	-0,580139
8118,250000	-0,575867
8118,125000	-0,591431
8118,000000	-0,597229
8117,875000	-0,581360
8117,750000	-0,592041
8117,625000	-0,593567
8117,500000	-0,596619
8117,375000	-0,622559
8117,250000	-0,530701
8117,125000	-0,586853
8117,000000	-0,591736
8116,875000	-0,586853
8116,750000	-0,635986
8116,625000	-0,605774
8116,500000	-0,604858
8116,375000	-0,537414
8116,250000	-0,524902
8116,125000	-0,531311
8116,000000	-0,565185
8115,875000	-0,563660
8115,750000	-0,581360
8115,625000	-0,665893
8115,500000	-0,621033
8115,375000	-0,619507
8115,250000	-0,554809
8115,125000	-0,581360
8115,000000	-0,563965
8114,875000	-0,608215
8114,750000	-0,607910
8114,625000	-0,554809
8114,500000	-0,638733
8114,375000	-0,595703
8114,250000	-0,594788
8114,125000	-0,628967
8114,000000	-0,606689
8113,875000	-0,553589
8113,750000	-0,568237
8113,625000	-0,567932
8113,500000	-0,575561
8113,375000	-0,575867
8113,250000	-0,609741
8113,125000	-0,609436
8113,000000	-0,500793
8112,875000	-0,589294
8112,750000	-0,573730
8112,625000	-0,592346
8112,500000	-0,590210
8112,375000	-0,610046
8112,250000	-0,608520
8112,125000	-0,598144
8112,000000	-0,604248
8111,875000	-0,606384
8111,750000	-0,603027
8111,625000	-0,550842
8111,500000	-0,603943
8111,375000	-0,604553
8111,250000	-0,604553
8111,125000	-0,600586
8111,000000	-0,634460
8110,875000	-0,604553
8110,750000	-0,607300
8110,625000	-0,543823
8110,500000	-0,587768
8110,375000	-0,639343
8110,250000	-0,638428
8110,125000	-0,632019
8110,000000	-0,600281
8109,875000	-0,649109
8109,750000	-0,625000
8109,625000	-0,623474
8109,500000	-0,632324
8109,375000	-0,641174
8109,250000	-0,599976
8109,125000	-0,622253
8109,000000	-0,608215
8108,875000	-0,643310
8108,750000	-0,633240
8108,625000	-0,612488
8108,500000	-0,610962
8108,375000	-0,591125
8108,250000	-0,669556
8108,125000	-0,637207
8108,000000	-0,615539
8107,875000	-0,614929
8107,750000	-0,610657
8107,625000	-0,591125
8107,500000	-0,597229
8107,375000	-0,596008
8107,250000	-0,647583
8107,125000	-0,627136
8107,000000	-0,638122
8106,875000	-0,637512
8106,750000	-0,639038
8106,625000	-0,638733
8106,500000	-0,578613
8106,375000	-0,612793
8106,250000	-0,612488
8106,125000	-0,612183
8106,000000	-0,662842
8105,875000	-0,611267
8105,750000	-0,674744
8105,625000	-0,672302
8105,500000	-0,625610
8105,375000	-0,600586
8105,250000	-0,670471
8105,125000	-0,668640
8105,000000	-0,616455
8104,875000	-0,601196
8104,750000	-0,603638
8104,625000	-0,642090
8104,500000	-0,641174
8104,375000	-0,614624
8104,250000	-0,671081
8104,125000	-0,703125
8104,000000	-0,698242
8103,875000	-0,658264
8103,750000	-0,650330
8103,625000	-0,675659
8103,500000	-0,661926
8103,375000	-0,660705
8103,250000	-0,640564
8103,125000	-0,616455
8103,000000	-0,650330
8102,875000	-0,632324
8102,750000	-0,634155
8102,625000	-0,669861
8102,500000	-0,670166
8102,375000	-0,610657
8102,250000	-0,609741
8102,125000	-0,605469
8102,000000	-0,604553
8101,875000	-0,628052
8101,750000	-0,662537
8101,625000	-0,664062
8101,500000	-0,605469
8101,375000	-0,615234
8101,250000	-0,641479
8101,125000	-0,595398
8101,000000	-0,599976
8100,875000	-0,668030
8100,750000	-0,686035
8100,625000	-0,703735
8100,500000	-0,702209
8100,375000	-0,630798
8100,250000	-0,598450
8100,125000	-0,629272
8100,000000	-0,640564
8099,875000	-0,639954
8099,750000	-0,683288
8099,625000	-0,623169
8099,500000	-0,669861
8099,375000	-0,669556
8099,250000	-0,678101
8099,125000	-0,634460
8099,000000	-0,614929
8098,875000	-0,584717
8098,750000	-0,586243
8098,625000	-0,601196
8098,500000	-0,622253
8098,375000	-0,645142
8098,250000	-0,641785
8098,125000	-0,623169
8098,000000	-0,618896
8097,875000	-0,656128
8097,750000	-0,651855
8097,625000	-0,649719
8097,500000	-0,674133
8097,375000	-0,607300
8097,250000	-0,679932
8097,125000	-0,625915
8097,000000	-0,632324
8096,875000	-0,628357
8096,750000	-0,688476
8096,625000	-0,691833
8096,500000	-0,691528
8096,375000	-0,626526
8096,250000	-0,679016
8096,125000	-0,633545
8096,000000	-0,682983
8095,875000	-0,682373
8095,750000	-0,638428
8095,625000	-0,635681
8095,500000	-0,625915
8095,375000	-0,625000
8095,250000	-0,634460
8095,125000	-0,642700
8095,000000	-0,627746
8094,875000	-0,680542
8094,750000	-0,679016
8094,625000	-0,649719
8094,500000	-0,684509
8094,375000	-0,722046
8094,250000	-0,718384
8094,125000	-0,693359
8094,000000	-0,689697
8093,875000	-0,628967
8093,750000	-0,655212
8093,625000	-0,656128
8093,500000	-0,660400
8093,375000	-0,639038
8093,250000	-0,668030
8093,125000	-0,667114
8093,000000	-0,680542
8092,875000	-0,653381
8092,750000	-0,645447
8092,625000	-0,665893
8092,500000	-0,664978
8092,375000	-0,649109
8092,250000	-0,639954
8092,125000	-0,705261
8092,000000	-0,668030
8091,875000	-0,670776
8091,750000	-0,599976
8091,625000	-0,616455
8091,500000	-0,634155
8091,375000	-0,633850
8091,250000	-0,715027
8091,125000	-0,661316
8091,000000	-0,693359
8090,875000	-0,671997
8090,750000	-0,673218
8090,625000	-0,722046
8090,500000	-0,607910
8090,375000	-0,622253
8090,250000	-0,617065
8090,125000	-0,661011
8090,000000	-0,663147
8089,875000	-0,661316
8089,750000	-0,615539
8089,625000	-0,615234
8089,500000	-0,682678
8089,375000	-0,626526
8089,250000	-0,639038
8089,125000	-0,637207
8089,000000	-0,587768
8088,875000	-0,712585
8088,750000	-0,675659
8088,625000	-0,671081
8088,500000	-0,671387
8088,375000	-0,674744
8088,250000	-0,691528
8088,125000	-0,644836
8088,000000	-0,644836
8087,875000	-0,646973
8087,750000	-0,682983
8087,625000	-0,633545
8087,500000	-0,632934
8087,375000	-0,633545
8087,250000	-0,640564
8087,125000	-0,596313
8087,000000	-0,662537
8086,875000	-0,655823
8086,750000	-0,652771
8086,625000	-0,686645
8086,500000	-0,736389
8086,375000	-0,647278
8086,250000	-0,648804
8086,125000	-0,641785
8086,000000	-0,661316
8085,875000	-0,644226
8085,750000	-0,664978
8085,625000	-0,663757
8085,500000	-0,648498
8085,375000	-0,686645
8085,250000	-0,628967
8085,125000	-0,629272
8085,000000	-0,670776
8084,875000	-0,649109
8084,750000	-0,653992
8084,625000	-0,655517
8084,500000	-0,655823
8084,375000	-0,703125
8084,250000	-0,646667
8084,125000	-0,741272
8084,000000	-0,682983
8083,875000	-0,661621
8083,750000	-0,662231
8083,625000	-0,610351
8083,500000	-0,676269
8083,375000	-0,675659
8083,250000	-0,626831
8083,125000	-0,622864
8083,000000	-0,655517
8082,875000	-0,696106
8082,750000	-0,696106
8082,625000	-0,656738
8082,500000	-0,668030
8082,375000	-0,567627
8082,250000	-0,567017
8082,125000	-0,623779
8082,000000	-0,689087
8081,875000	-0,656738
8081,750000	-0,649109
8081,625000	-0,648804
8081,500000	-0,706177
8081,375000	-0,658569
8081,250000	-0,618896
8081,125000	-0,720825
8081,000000	-0,724182
8080,875000	-0,680237
8080,750000	-0,631103
8080,625000	-0,654907
8080,500000	-0,653381
8080,375000	-0,650940
8080,250000	-0,677795
8080,125000	-0,635376
8080,000000	-0,630798
8079,875000	-0,630798
8079,750000	-0,716553
8079,625000	-0,658264
8079,500000	-0,650940
8079,375000	-0,650330
8079,250000	-0,661621
8079,125000	-0,653076
8079,000000	-0,669250
8078,875000	-0,689087
8078,750000	-0,688171
8078,625000	-0,602722
8078,500000	-0,645447
8078,375000	-0,571899
8078,250000	-0,573120
8078,125000	-0,625000
8078,000000	-0,679321
8077,875000	-0,680237
8077,750000	-0,668335
8077,625000	-0,668945
8077,500000	-0,668030
8077,375000	-0,638428
8077,250000	-0,587768
8077,125000	-0,586243
8077,000000	-0,694580
8076,875000	-0,673828
8076,750000	-0,666504
8076,625000	-0,644226
8076,500000	-0,644226
8076,375000	-0,679016
8076,250000	-0,653381
8076,125000	-0,726013
8076,000000	-0,699463
8075,875000	-0,684509
8075,750000	-0,663147
8075,625000	-0,673828
8075,500000	-0,664673
8075,375000	-0,665588
8075,250000	-0,614014
8075,125000	-0,642395
8075,000000	-0,675659
8074,875000	-0,701599
8074,750000	-0,701599
8074,625000	-0,654602
8074,500000	-0,683288
8074,375000	-0,661926
8074,250000	-0,655823
8074,125000	-0,673218
8074,000000	-0,693970
8073,875000	-0,692444
8073,750000	-0,723572
8073,625000	-0,724792
8073,500000	-0,665893
8073,375000	-0,666809
8073,250000	-0,680237
8073,125000	-0,732117
8073,000000	-0,732727
8072,875000	-0,682068
8072,750000	-0,684204
8072,625000	-0,674438
8072,500000	-0,674133
8072,375000	-0,649414
8072,250000	-0,671387
8072,125000	-0,681763
8072,000000	-0,620117
8071,875000	-0,603638
8071,750000	-0,639648
8071,625000	-0,632934
8071,500000	-0,665283
8071,375000	-0,664673
8071,250000	-0,679932
8071,125000	-0,610962
8071,000000	-0,670166
8070,875000	-0,671081
8070,750000	-0,669250
8070,625000	-0,671387
8070,500000	-0,696716
8070,375000	-0,669556
8070,250000	-0,668030
8070,125000	-0,638733
8070,000000	-0,684204
8069,875000	-0,691528
8069,750000	-0,614014
8069,625000	-0,614014
8069,500000	-0,707703
8069,375000	-0,643616
8069,250000	-0,669556
8069,125000	-0,667419
8069,000000	-0,697937
8068,875000	-0,626831
8068,750000	-0,630188
8068,625000	-0,660400
8068,500000	-0,658569
8068,375000	-0,657349
8068,250000	-0,663452
8068,125000	-0,614014
8068,000000	-0,694580
8067,875000	-0,692139
8067,750000	-0,685120
8067,625000	-0,618896
8067,500000	-0,602722
8067,375000	-0,601196
8067,250000	-0,647583
8067,125000	-0,582275
8067,000000	-0,671692
8066,875000	-0,674133
8066,750000	-0,672913
8066,625000	-0,605163
8066,500000	-0,674133
8066,375000	-0,664368
8066,250000	-0,658874
8066,125000	-0,663452
8066,000000	-0,663147
8065,875000	-0,681152
8065,750000	-0,686035
8065,625000	-0,686645
8065,500000	-0,693970
8065,375000	-0,680237
8065,250000	-0,680542
8065,125000	-0,679932
8065,000000	-0,650940
8064,875000	-0,623474
8064,750000	-0,684509
8064,625000	-0,681763
8064,500000	-0,680542
8064,375000	-0,682678
8064,250000	-0,651245
8064,125000	-0,723572
8064,000000	-0,644531
8063,875000	-0,649414
8063,750000	-0,660095
8063,625000	-0,588989
8063,500000	-0,660095
8063,375000	-0,657959
8063,250000	-0,646362
8063,125000	-0,670776
8063,000000	-0,681457
8062,875000	-0,589294
8062,750000	-0,587768
8062,625000	-0,694885
8062,500000	-0,650635
8062,375000	-0,709534
8062,250000	-0,710754
8062,125000	-0,668335
8062,000000	-0,652466
8061,875000	-0,662842
8061,750000	-0,668640
8061,625000	-0,668335
8061,500000	-0,648193
8061,375000	-0,786438
8061,250000	-0,777588
8061,125000	-0,672302
8061,000000	-0,675354
8060,875000	-0,656128
8060,750000	-0,717468
8060,625000	-0,684204
8060,500000	-0,681763
8060,375000	-0,660705
8060,250000	-0,687866
8060,125000	-0,632324
8060,000000	-0,671997
8059,875000	-0,670471
8059,750000	-0,733642
8059,625000	-0,646057
8059,500000	-0,659485
8059,375000	-0,656128
8059,250000	-0,679932
8059,125000	-0,672607
8059,000000	-0,650024
8058,875000	-0,681763
8058,750000	-0,680237
8058,625000	-0,654297
8058,500000	-0,653381
8058,375000	-0,723267
8058,250000	-0,602417
8058,125000	-0,645447
8058,000000	-0,680237
8057,875000	-0,683594
8057,750000	-0,679016
8057,625000	-0,678101
8057,500000	-0,641479
8057,375000	-0,624084
8057,250000	-0,663147
8057,125000	-0,661621
8057,000000	-0,639648
8056,875000	-0,673523
8056,750000	-0,664978
8056,625000	-0,675659
8056,500000	-0,675049
8056,375000	-0,659485
8056,250000	-0,586853
8056,125000	-0,646362
8056,000000	-0,724182
8055,875000	-0,726929
8055,750000	-0,696716
8055,625000	-0,685425
8055,500000	-0,681763
8055,375000	-0,683288
8055,250000	-0,674438
8055,125000	-0,647278
8055,000000	-0,679321
8054,875000	-0,683899
8054,750000	-0,682983
8054,625000	-0,661316
8054,500000	-0,697937
8054,375000	-0,601807
8054,250000	-0,594482
8054,125000	-0,651245
8054,000000	-0,640869
8053,875000	-0,641785
8053,750000	-0,668030
8053,625000	-0,665893
8053,500000	-0,720520
8053,375000	-0,646667
8053,250000	-0,655212
8053,125000	-0,650330
8053,000000	-0,704956
8052,875000	-0,612793
8052,750000	-0,670471
8052,625000	-0,654297
8052,500000	-0,655212
8052,375000	-0,682068
8052,250000	-0,686035
8052,125000	-0,654907
8052,000000	-0,660400
8051,875000	-0,663757
8051,750000	-0,697327
8051,625000	-0,678711
8051,500000	-0,659790
8051,375000	-0,655823
8051,250000	-0,668335
8051,125000	-0,688782
8051,000000	-0,664673
8050,875000	-0,664673
8050,750000	-0,663757
8050,625000	-0,644531
8050,500000	-0,626221
8050,375000	-0,635986
8050,250000	-0,634460
8050,125000	-0,675964
8050,000000	-0,658874
8049,875000	-0,659790
8049,750000	-0,676880
8049,625000	-0,677185
8049,500000	-0,626221
8049,375000	-0,691223
8049,250000	-0,641174
8049,125000	-0,639954
8049,000000	-0,657654
8048,875000	-0,618896
8048,750000	-0,745239
8048,625000	-0,695190
8048,500000	-0,694275
8048,375000	-0,648193
8048,250000	-0,682068
8048,125000	-0,721130
8048,000000	-0,633850
8047,875000	-0,639038
8047,750000	-0,650635
8047,625000	-0,644531
8047,500000	-0,693970
8047,375000	-0,692749
8047,250000	-0,673828
8047,125000	-0,639038
8047,000000	-0,690918
8046,875000	-0,645142
8046,750000	-0,644836
8046,625000	-0,662231
8046,500000	-0,631714
8046,375000	-0,674438
8046,250000	-0,675354
8046,125000	-0,697937
8046,000000	-0,692139
8045,875000	-0,661621
8045,750000	-0,695801
8045,625000	-0,696106
8045,500000	-0,681152
8045,375000	-0,715332
8045,250000	-0,703735
8045,125000	-0,700684
8045,000000	-0,689392
8044,875000	-0,704651
8044,750000	-0,685120
8044,625000	-0,669861
8044,500000	-0,668945
8044,375000	-0,726623
8044,250000	-0,702820
8044,125000	-0,636597
8044,000000	-0,653076
8043,875000	-0,656738
8043,750000	-0,701599
8043,625000	-0,709534
8043,500000	-0,650635
8043,375000	-0,650330
8043,250000	-0,685425
8043,125000	-0,658264
8043,000000	-0,677795
8042,875000	-0,661621
8042,750000	-0,660400
8042,625000	-0,637207
8042,500000	-0,621033
8042,375000	-0,650940
8042,250000	-0,650330
8042,125000	-0,711670
8042,000000	-0,733032
8041,875000	-0,675049
8041,750000	-0,649719
8041,625000	-0,650940
8041,500000	-0,647583
8041,375000	-0,600586
8041,250000	-0,694275
8041,125000	-0,690002
8041,000000	-0,676269
8040,875000	-0,659485
8040,750000	-0,686645
8040,625000	-0,720520
8040,500000	-0,718689
8040,375000	-0,644836
8040,250000	-0,648498
8040,125000	-0,679321
8040,000000	-0,675659
8039,875000	-0,673218
8039,750000	-0,659485
8039,625000	-0,625610
8039,500000	-0,666809
8039,375000	-0,666504
8039,250000	-0,626831
8039,125000	-0,701294
8039,000000	-0,665893
8038,875000	-0,665588
8038,750000	-0,666199
8038,625000	-0,663452
8038,500000	-0,719910
8038,375000	-0,625000
8038,250000	-0,686035
8038,125000	-0,688171
8038,000000	-0,679626
8037,875000	-0,727844
8037,750000	-0,749206
8037,625000	-0,749206
8037,500000	-0,713196
8037,375000	-0,685425
8037,250000	-0,688782
8037,125000	-0,685120
8037,000000	-0,671081
8036,875000	-0,687256
8036,750000	-0,701599
8036,625000	-0,646057
8036,500000	-0,646057
8036,375000	-0,671081
8036,250000	-0,641479
8036,125000	-0,659485
8036,000000	-0,691833
8035,875000	-0,691528
8035,750000	-0,677795
8035,625000	-0,682983
8035,500000	-0,664062
8035,375000	-0,665588
8035,250000	-0,688171
8035,125000	-0,662231
8035,000000	-0,693664
8034,875000	-0,682373
8034,750000	-0,681457
8034,625000	-0,671081
8034,500000	-0,630188
8034,375000	-0,629272
8034,250000	-0,666504
8034,125000	-0,671081
8034,000000	-0,688782
8033,875000	-0,674744
8033,750000	-0,676269
8033,625000	-0,676880
8033,500000	-0,632934
8033,375000	-0,705872
8033,250000	-0,686035
8033,125000	-0,672607
8033,000000	-0,672302
8032,875000	-0,674438
8032,750000	-0,670471
8032,625000	-0,665283
8032,500000	-0,663757
8032,375000	-0,651550
8032,250000	-0,691528
8032,125000	-0,639954
8032,000000	-0,681152
8031,875000	-0,679932
8031,750000	-0,679321
8031,625000	-0,716553
8031,500000	-0,700073
8031,375000	-0,697937
8031,250000	-0,634460
8031,125000	-0,699768
8031,000000	-0,639343
8030,875000	-0,662842
8030,750000	-0,663147
8030,625000	-0,676880
8030,500000	-0,632019
8030,375000	-0,684814
8030,250000	-0,668335
8030,125000	-0,671997
8030,000000	-0,687866
8029,875000	-0,621643
8029,750000	-0,640564
8029,625000	-0,640869
8029,500000	-0,638733
8029,375000	-0,687561
8029,250000	-0,634766
8029,125000	-0,640564
8029,000000	-0,696106
8028,875000	-0,631714
8028,750000	-0,732422
8028,625000	-0,702820
8028,500000	-0,703125
8028,375000	-0,638122
8028,250000	-0,685730
8028,125000	-0,675049
8028,000000	-0,673523
8027,875000	-0,675049
8027,750000	-0,655517
8027,625000	-0,646362
8027,500000	-0,733948
8027,375000	-0,733337
8027,250000	-0,688476
8027,125000	-0,708923
8027,000000	-0,652161
8026,875000	-0,682068
8026,750000	-0,681457
8026,625000	-0,642395
8026,500000	-0,639648
8026,375000	-0,687256
8026,250000	-0,686035
8026,125000	-0,670471
8026,000000	-0,679321
8025,875000	-0,680847
8025,750000	-0,660095
8025,625000	-0,661621
8025,500000	-0,699768
8025,375000	-0,641174
8025,250000	-0,669861
8025,125000	-0,697327
8025,000000	-0,695496
8024,875000	-0,753174
8024,750000	-0,700684
8024,625000	-0,682373
8024,500000	-0,679626
8024,375000	-0,645752
8024,250000	-0,654907
8024,125000	-0,672913
8024,000000	-0,641785
8023,875000	-0,641479
8023,750000	-0,666504
8023,625000	-0,687256
8023,500000	-0,681152
8023,375000	-0,680847
8023,250000	-0,696411
8023,125000	-0,714111
8023,000000	-0,629578
8022,875000	-0,650940
8022,750000	-0,649109
8022,625000	-0,662231
8022,500000	-0,684814
8022,375000	-0,677795
8022,250000	-0,677185
8022,125000	-0,614014
8022,000000	-0,668640
8021,875000	-0,647278
8021,750000	-0,699768
8021,625000	-0,700378
8021,500000	-0,663757
8021,375000	-0,730286
8021,250000	-0,668030
8021,125000	-0,683899
8021,000000	-0,699463
8020,875000	-0,658874
8020,750000	-0,667419
8020,625000	-0,611267
8020,500000	-0,612183
8020,375000	-0,690918
8020,250000	-0,638428
8020,125000	-0,690308
8020,000000	-0,715942
8019,875000	-0,714722
8019,750000	-0,699768
8019,625000	-0,706787
8019,500000	-0,670166
8019,375000	-0,665283
8019,250000	-0,623169
8019,125000	-0,626831
8019,000000	-0,690613
8018,875000	-0,687866
8018,750000	-0,687256
8018,625000	-0,696106
8018,500000	-0,699463
8018,375000	-0,691528
8018,250000	-0,618286
8018,125000	-0,622864
8018,000000	-0,693970
8017,875000	-0,628662
8017,750000	-0,727844
8017,625000	-0,726929
8017,500000	-0,605774
8017,375000	-0,664368
8017,250000	-0,646362
8017,125000	-0,677795
8017,000000	-0,674744
8016,875000	-0,665588
8016,750000	-0,644226
8016,625000	-0,666504
8016,500000	-0,664673
8016,375000	-0,654602
8016,250000	-0,705872
8016,125000	-0,615234
8016,000000	-0,658874
8015,875000	-0,658264
8015,750000	-0,626831
8015,625000	-0,637512
8015,500000	-0,682983
8015,375000	-0,683288
8015,250000	-0,688171
8015,125000	-0,632934
8015,000000	-0,649109
8014,875000	-0,659485
8014,750000	-0,658874
8014,625000	-0,718994
8014,500000	-0,661621
8014,375000	-0,688171
8014,250000	-0,687561
8014,125000	-0,665283
8014,000000	-0,673218
8013,875000	-0,697327
8013,750000	-0,724182
8013,625000	-0,723877
8013,500000	-0,673523
8013,375000	-0,663757
8013,250000	-0,643616
8013,125000	-0,665283
8013,000000	-0,657349
8012,875000	-0,690002
8012,750000	-0,665283
8012,625000	-0,672913
8012,500000	-0,672302
8012,375000	-0,700073
8012,250000	-0,696106
8012,125000	-0,666199
8012,000000	-0,688782
8011,875000	-0,688476
8011,750000	-0,649414
8011,625000	-0,655212
8011,500000	-0,640564
8011,375000	-0,638122
8011,250000	-0,671387
8011,125000	-0,678711
8011,000000	-0,626221
8010,875000	-0,655517
8010,750000	-0,655517
8010,625000	-0,669556
8010,500000	-0,665588
8010,375000	-0,658874
8010,250000	-0,660400
8010,125000	-0,664368
8010,000000	-0,657654
8009,875000	-0,657043
8009,750000	-0,672913
8009,625000	-0,672913
8009,500000	-0,664978
8009,375000	-0,674133
8009,250000	-0,713806
8009,125000	-0,691223
8009,000000	-0,665893
8008,875000	-0,641174
8008,750000	-0,618591
8008,625000	-0,672302
8008,500000	-0,674133
8008,375000	-0,724792
8008,250000	-0,667725
8008,125000	-0,679932
8008,000000	-0,671081
8007,875000	-0,671692
8007,750000	-0,697021
8007,625000	-0,622253
8007,500000	-0,636291
8007,375000	-0,633240
8007,250000	-0,622559
8007,125000	-0,677795
8007,000000	-0,691833
8006,875000	-0,676575
8006,750000	-0,678101
8006,625000	-0,624695
8006,500000	-0,671387
8006,375000	-0,665283
8006,250000	-0,655517
8006,125000	-0,658264
8006,000000	-0,668945
8005,875000	-0,618591
8005,750000	-0,673523
8005,625000	-0,673218
8005,500000	-0,659180
8005,375000	-0,683899
8005,250000	-0,720215
8005,125000	-0,693664
8005,000000	-0,698547
8004,875000	-0,662537
8004,750000	-0,621338
8004,625000	-0,698242
8004,500000	-0,697632
8004,375000	-0,669556
8004,250000	-0,735779
8004,125000	-0,678711
8004,000000	-0,699463
8003,875000	-0,698852
8003,750000	-0,664062
8003,625000	-0,674744
8003,500000	-0,698242
8003,375000	-0,694580
8003,250000	-0,699768
8003,125000	-0,698242
8003,000000	-0,667419
8002,875000	-0,678711
8002,750000	-0,678711
8002,625000	-0,643005
8002,500000	-0,661621
8002,375000	-0,657349
8002,250000	-0,620422
8002,125000	-0,622253
8002,000000	-0,674438
8001,875000	-0,655517
8001,750000	-0,673523
8001,625000	-0,674133
8001,500000	-0,714722
8001,375000	-0,666199
8001,250000	-0,678406
8001,125000	-0,676880
8001,000000	-0,682678
8000,875000	-0,656738
8000,750000	-0,711975
8000,625000	-0,672607
8000,500000	-0,672913
8000,375000	-0,655517
8000,250000	-0,646057
8000,125000	-0,649719
8000,000000	-0,698242
