Zeitstempel: 18.9.2013 15:37:37
Signalquelle: Sample/Hold Verstärker
Modus: FM


Bemerkung: Durchlaufzeit 50s
FM
Strom Helmholtz -80mA
Amplitude 45mV
Richtung min<-max
min Frequenz 10000Hz
max Frequenz 10400Hz

Frequenz in Hz	S/H-Signal in V
10399,875000	-0,658264
10399,750000	-0,651245
10399,625000	-0,650940
10399,500000	-0,700073
10399,375000	-0,617065
10399,250000	-0,644836
10399,125000	-0,651245
10399,000000	-0,656128
10398,875000	-0,662537
10398,750000	-0,646057
10398,625000	-0,654602
10398,500000	-0,654907
10398,375000	-0,651245
10398,250000	-0,693359
10398,125000	-0,744629
10398,000000	-0,685425
10397,875000	-0,685425
10397,750000	-0,699768
10397,625000	-0,647888
10397,500000	-0,671387
10397,375000	-0,670471
10397,250000	-0,622253
10397,125000	-0,679016
10397,000000	-0,617676
10396,875000	-0,652161
10396,750000	-0,650635
10396,625000	-0,713806
10396,500000	-0,655212
10396,375000	-0,677185
10396,250000	-0,710144
10396,125000	-0,711670
10396,000000	-0,636291
10395,875000	-0,665893
10395,750000	-0,658264
10395,625000	-0,656433
10395,500000	-0,747375
10395,375000	-0,614014
10395,250000	-0,669250
10395,125000	-0,675659
10395,000000	-0,677185
10394,875000	-0,693664
10394,750000	-0,709534
10394,625000	-0,690918
10394,500000	-0,690002
10394,375000	-0,677185
10394,250000	-0,686645
10394,125000	-0,709839
10394,000000	-0,681152
10393,875000	-0,681152
10393,750000	-0,610046
10393,625000	-0,640564
10393,500000	-0,661011
10393,375000	-0,657654
10393,250000	-0,630798
10393,125000	-0,698547
10393,000000	-0,685730
10392,875000	-0,716858
10392,750000	-0,714722
10392,625000	-0,702820
10392,500000	-0,668945
10392,375000	-0,679626
10392,250000	-0,634766
10392,125000	-0,637817
10392,000000	-0,677185
10391,875000	-0,672913
10391,750000	-0,616760
10391,625000	-0,615845
10391,500000	-0,629883
10391,375000	-0,726929
10391,250000	-0,665588
10391,125000	-0,647888
10391,000000	-0,646667
10390,875000	-0,681152
10390,750000	-0,645142
10390,625000	-0,678711
10390,500000	-0,679321
10390,375000	-0,673828
10390,250000	-0,674133
10390,125000	-0,623779
10390,000000	-0,724487
10389,875000	-0,722656
10389,750000	-0,668030
10389,625000	-0,711670
10389,500000	-0,672913
10389,375000	-0,670776
10389,250000	-0,655517
10389,125000	-0,689697
10389,000000	-0,741272
10388,875000	-0,650635
10388,750000	-0,652466
10388,625000	-0,686035
10388,500000	-0,596008
10388,375000	-0,727234
10388,250000	-0,646362
10388,125000	-0,651855
10388,000000	-0,696716
10387,875000	-0,672913
10387,750000	-0,594788
10387,625000	-0,593872
10387,500000	-0,733032
10387,375000	-0,699158
10387,250000	-0,770264
10387,125000	-0,631409
10387,000000	-0,632324
10386,875000	-0,696106
10386,750000	-0,661621
10386,625000	-0,659180
10386,500000	-0,660095
10386,375000	-0,749206
10386,250000	-0,740051
10386,125000	-0,650635
10386,000000	-0,670471
10385,875000	-0,671081
10385,750000	-0,640259
10385,625000	-0,657654
10385,500000	-0,668640
10385,375000	-0,667114
10385,250000	-0,699158
10385,125000	-0,639954
10385,000000	-0,676880
10384,875000	-0,645142
10384,750000	-0,644531
10384,625000	-0,659790
10384,500000	-0,707703
10384,375000	-0,673523
10384,250000	-0,620727
10384,125000	-0,617981
10384,000000	-0,677185
10383,875000	-0,668335
10383,750000	-0,692444
10383,625000	-0,692139
10383,500000	-0,649719
10383,375000	-0,677490
10383,250000	-0,626831
10383,125000	-0,660400
10383,000000	-0,662537
10382,875000	-0,680237
10382,750000	-0,666809
10382,625000	-0,650940
10382,500000	-0,649719
10382,375000	-0,625610
10382,250000	-0,718994
10382,125000	-0,655212
10382,000000	-0,666809
10381,875000	-0,664673
10381,750000	-0,702209
10381,625000	-0,647583
10381,500000	-0,645752
10381,375000	-0,645447
10381,250000	-0,661316
10381,125000	-0,633545
10381,000000	-0,697632
10380,875000	-0,735779
10380,750000	-0,734558
10380,625000	-0,650330
10380,500000	-0,672607
10380,375000	-0,690613
10380,250000	-0,662231
10380,125000	-0,684509
10380,000000	-0,646057
10379,875000	-0,697937
10379,750000	-0,734558
10379,625000	-0,736084
10379,500000	-0,685425
10379,375000	-0,697327
10379,250000	-0,656433
10379,125000	-0,623169
10379,000000	-0,622864
10378,875000	-0,626831
10378,750000	-0,639343
10378,625000	-0,639343
10378,500000	-0,640259
10378,375000	-0,694275
10378,250000	-0,708618
10378,125000	-0,657043
10378,000000	-0,580444
10377,875000	-0,579529
10377,750000	-0,608520
10377,625000	-0,650940
10377,500000	-0,702209
10377,375000	-0,700073
10377,250000	-0,699463
10377,125000	-0,646667
10377,000000	-0,648804
10376,875000	-0,657349
10376,750000	-0,657043
10376,625000	-0,724792
10376,500000	-0,668030
10376,375000	-0,664673
10376,250000	-0,662231
10376,125000	-0,703735
10376,000000	-0,651245
10375,875000	-0,688171
10375,750000	-0,653686
10375,625000	-0,651855
10375,500000	-0,694885
10375,375000	-0,695801
10375,250000	-0,639343
10375,125000	-0,658264
10375,000000	-0,661316
10374,875000	-0,615234
10374,750000	-0,730286
10374,625000	-0,658569
10374,500000	-0,656738
10374,375000	-0,643921
10374,250000	-0,655517
10374,125000	-0,647888
10374,000000	-0,634766
10373,875000	-0,633240
10373,750000	-0,662537
10373,625000	-0,651245
10373,500000	-0,662537
10373,375000	-0,662537
10373,250000	-0,652161
10373,125000	-0,666199
10373,000000	-0,686645
10372,875000	-0,656738
10372,750000	-0,655212
10372,625000	-0,655823
10372,500000	-0,679626
10372,375000	-0,732422
10372,250000	-0,730896
10372,125000	-0,634766
10372,000000	-0,717468
10371,875000	-0,690308
10371,750000	-0,647888
10371,625000	-0,648498
10371,500000	-0,684509
10371,375000	-0,671692
10371,250000	-0,686340
10371,125000	-0,785828
10371,000000	-0,789184
10370,875000	-0,679321
10370,750000	-0,625610
10370,625000	-0,732727
10370,500000	-0,731506
10370,375000	-0,615234
10370,250000	-0,699158
10370,125000	-0,628967
10370,000000	-0,615539
10369,875000	-0,615539
10369,750000	-0,740356
10369,625000	-0,724487
10369,500000	-0,693664
10369,375000	-0,693970
10369,250000	-0,741272
10369,125000	-0,683899
10369,000000	-0,678101
10368,875000	-0,682983
10368,750000	-0,682678
10368,625000	-0,626526
10368,500000	-0,617065
10368,375000	-0,710144
10368,250000	-0,708008
10368,125000	-0,691528
10368,000000	-0,669250
10367,875000	-0,669250
10367,750000	-0,644836
10367,625000	-0,646362
10367,500000	-0,620727
10367,375000	-0,613403
10367,250000	-0,692749
10367,125000	-0,678101
10367,000000	-0,684509
10366,875000	-0,654602
10366,750000	-0,599365
10366,625000	-0,595093
10366,500000	-0,592651
10366,375000	-0,710449
10366,250000	-0,691223
10366,125000	-0,698547
10366,000000	-0,622864
10365,875000	-0,626526
10365,750000	-0,696411
10365,625000	-0,657959
10365,500000	-0,679626
10365,375000	-0,680847
10365,250000	-0,681152
10365,125000	-0,704346
10365,000000	-0,639343
10364,875000	-0,707397
10364,750000	-0,708313
10364,625000	-0,622864
10364,500000	-0,650940
10364,375000	-0,681457
10364,250000	-0,681457
10364,125000	-0,633545
10364,000000	-0,656433
10363,875000	-0,665588
10363,750000	-0,689392
10363,625000	-0,690002
10363,500000	-0,683288
10363,375000	-0,689392
10363,250000	-0,621033
10363,125000	-0,679016
10363,000000	-0,652771
10362,875000	-0,670471
10362,750000	-0,707092
10362,625000	-0,683899
10362,500000	-0,683288
10362,375000	-0,668945
10362,250000	-0,740051
10362,125000	-0,664368
10362,000000	-0,659485
10361,875000	-0,636902
10361,750000	-0,686035
10361,625000	-0,687256
10361,500000	-0,686340
10361,375000	-0,684814
10361,250000	-0,691223
10361,125000	-0,717468
10361,000000	-0,616455
10360,875000	-0,610657
10360,750000	-0,614929
10360,625000	-0,640869
10360,500000	-0,634766
10360,375000	-0,664673
10360,250000	-0,662537
10360,125000	-0,649414
10360,000000	-0,665283
10359,875000	-0,675659
10359,750000	-0,671387
10359,625000	-0,671081
10359,500000	-0,694885
10359,375000	-0,660400
10359,250000	-0,604248
10359,125000	-0,556946
10359,000000	-0,596313
10358,875000	-0,686951
10358,750000	-0,693359
10358,625000	-0,700989
10358,500000	-0,702515
10358,375000	-0,642395
10358,250000	-0,688476
10358,125000	-0,690308
10358,000000	-0,712280
10357,875000	-0,709228
10357,750000	-0,632019
10357,625000	-0,631714
10357,500000	-0,679626
10357,375000	-0,680237
10357,250000	-0,668640
10357,125000	-0,654907
10357,000000	-0,645752
10356,875000	-0,676880
10356,750000	-0,675354
10356,625000	-0,658569
10356,500000	-0,698852
10356,375000	-0,743103
10356,250000	-0,740967
10356,125000	-0,757141
10356,000000	-0,687256
10355,875000	-0,646973
10355,750000	-0,644226
10355,625000	-0,646362
10355,500000	-0,665588
10355,375000	-0,653381
10355,250000	-0,641479
10355,125000	-0,640259
10355,000000	-0,689087
10354,875000	-0,651855
10354,750000	-0,689087
10354,625000	-0,689697
10354,500000	-0,688171
10354,375000	-0,638428
10354,250000	-0,715027
10354,125000	-0,620727
10354,000000	-0,621338
10353,875000	-0,624695
10353,750000	-0,711975
10353,625000	-0,674438
10353,500000	-0,668335
10353,375000	-0,667725
10353,250000	-0,665283
10353,125000	-0,697327
10353,000000	-0,705872
10352,875000	-0,664368
10352,750000	-0,662537
10352,625000	-0,650635
10352,500000	-0,647278
10352,375000	-0,704346
10352,250000	-0,705566
10352,125000	-0,668945
10352,000000	-0,627746
10351,875000	-0,629578
10351,750000	-0,668335
10351,625000	-0,668945
10351,500000	-0,686645
10351,375000	-0,625610
10351,250000	-0,690918
10351,125000	-0,688171
10351,000000	-0,660705
10350,875000	-0,657654
10350,750000	-0,786743
10350,625000	-0,682983
10350,500000	-0,682678
10350,375000	-0,671387
10350,250000	-0,626221
10350,125000	-0,681457
10350,000000	-0,677185
10349,875000	-0,681457
10349,750000	-0,641479
10349,625000	-0,674438
10349,500000	-0,687256
10349,375000	-0,685730
10349,250000	-0,709534
10349,125000	-0,695190
10349,000000	-0,668335
10348,875000	-0,609436
10348,750000	-0,610351
10348,625000	-0,633850
10348,500000	-0,657959
10348,375000	-0,660705
10348,250000	-0,661316
10348,125000	-0,648193
10348,000000	-0,679016
10347,875000	-0,685120
10347,750000	-0,688171
10347,625000	-0,689697
10347,500000	-0,693054
10347,375000	-0,582580
10347,250000	-0,667419
10347,125000	-0,661926
10347,000000	-0,656433
10346,875000	-0,688476
10346,750000	-0,634766
10346,625000	-0,646667
10346,500000	-0,644226
10346,375000	-0,693664
10346,250000	-0,531311
10346,125000	-0,700073
10346,000000	-0,619812
10345,875000	-0,625915
10345,750000	-0,646973
10345,625000	-0,733032
10345,500000	-0,638122
10345,375000	-0,635681
10345,250000	-0,730591
10345,125000	-0,702820
10345,000000	-0,663147
10344,875000	-0,680237
10344,750000	-0,677185
10344,625000	-0,684814
10344,500000	-0,711975
10344,375000	-0,639954
10344,250000	-0,637817
10344,125000	-0,675049
10344,000000	-0,715332
10343,875000	-0,671387
10343,750000	-0,575561
10343,625000	-0,575867
10343,500000	-0,618591
10343,375000	-0,590820
10343,250000	-0,666809
10343,125000	-0,664368
10343,000000	-0,704651
10342,875000	-0,605774
10342,750000	-0,642395
10342,625000	-0,670166
10342,500000	-0,668640
10342,375000	-0,636597
10342,250000	-0,713501
10342,125000	-0,689392
10342,000000	-0,673828
10341,875000	-0,677490
10341,750000	-0,670166
10341,625000	-0,654602
10341,500000	-0,731811
10341,375000	-0,732727
10341,250000	-0,679626
10341,125000	-0,678711
10341,000000	-0,732727
10340,875000	-0,704040
10340,750000	-0,704346
10340,625000	-0,643921
10340,500000	-0,675049
10340,375000	-0,721741
10340,250000	-0,719910
10340,125000	-0,703735
10340,000000	-0,697021
10339,875000	-0,668030
10339,750000	-0,670166
10339,625000	-0,668640
10339,500000	-0,677795
10339,375000	-0,638122
10339,250000	-0,731506
10339,125000	-0,731506
10339,000000	-0,711975
10338,875000	-0,663452
10338,750000	-0,705566
10338,625000	-0,665588
10338,500000	-0,664673
10338,375000	-0,640259
10338,250000	-0,688782
10338,125000	-0,729675
10338,000000	-0,671997
10337,875000	-0,675659
10337,750000	-0,669861
10337,625000	-0,599365
10337,500000	-0,663452
10337,375000	-0,661621
10337,250000	-0,665893
10337,125000	-0,636902
10337,000000	-0,684509
10336,875000	-0,646362
10336,750000	-0,646973
10336,625000	-0,677185
10336,500000	-0,664978
10336,375000	-0,627441
10336,250000	-0,626526
10336,125000	-0,672913
10336,000000	-0,686035
10335,875000	-0,663757
10335,750000	-0,699768
10335,625000	-0,698547
10335,500000	-0,688476
10335,375000	-0,661621
10335,250000	-0,678101
10335,125000	-0,677185
10335,000000	-0,649414
10334,875000	-0,663452
10334,750000	-0,697327
10334,625000	-0,675354
10334,500000	-0,676269
10334,375000	-0,631714
10334,250000	-0,615539
10334,125000	-0,638428
10334,000000	-0,677795
10333,875000	-0,653381
10333,750000	-0,630798
10333,625000	-0,667419
10333,500000	-0,713501
10333,375000	-0,712891
10333,250000	-0,573730
10333,125000	-0,593567
10333,000000	-0,629883
10332,875000	-0,623474
10332,750000	-0,622559
10332,625000	-0,653686
10332,500000	-0,706482
10332,375000	-0,668640
10332,250000	-0,667725
10332,125000	-0,704346
10332,000000	-0,623779
10331,875000	-0,626831
10331,750000	-0,635376
10331,625000	-0,635376
10331,500000	-0,675964
10331,375000	-0,644226
10331,250000	-0,676575
10331,125000	-0,676269
10331,000000	-0,614624
10330,875000	-0,574036
10330,750000	-0,663147
10330,625000	-0,607605
10330,500000	-0,606689
10330,375000	-0,587463
10330,250000	-0,712891
10330,125000	-0,668640
10330,000000	-0,716858
10329,875000	-0,708008
10329,750000	-0,726318
10329,625000	-0,669861
10329,500000	-0,632934
10329,375000	-0,635376
10329,250000	-0,687866
10329,125000	-0,651855
10329,000000	-0,619812
10328,875000	-0,651550
10328,750000	-0,653381
10328,625000	-0,674744
10328,500000	-0,671387
10328,375000	-0,672913
10328,250000	-0,673828
10328,125000	-0,663757
10328,000000	-0,663147
10327,875000	-0,699158
10327,750000	-0,651245
10327,625000	-0,650940
10327,500000	-0,668030
10327,375000	-0,652161
10327,250000	-0,651550
10327,125000	-0,650940
10327,000000	-0,699768
10326,875000	-0,722046
10326,750000	-0,699768
10326,625000	-0,651855
10326,500000	-0,652466
10326,375000	-0,631714
10326,250000	-0,704346
10326,125000	-0,666809
10326,000000	-0,555725
10325,875000	-0,624695
10325,750000	-0,637207
10325,625000	-0,672913
10325,500000	-0,661011
10325,375000	-0,659485
10325,250000	-0,659180
10325,125000	-0,650940
10325,000000	-0,645447
10324,875000	-0,622864
10324,750000	-0,626221
10324,625000	-0,647888
10324,500000	-0,638428
10324,375000	-0,664368
10324,250000	-0,665893
10324,125000	-0,688782
10324,000000	-0,683899
10323,875000	-0,638733
10323,750000	-0,670166
10323,625000	-0,668335
10323,500000	-0,636291
10323,375000	-0,619507
10323,250000	-0,654907
10323,125000	-0,656128
10323,000000	-0,609131
10322,875000	-0,685730
10322,750000	-0,614319
10322,625000	-0,598755
10322,500000	-0,598755
10322,375000	-0,635986
10322,250000	-0,793762
10322,125000	-0,704651
10322,000000	-0,699463
10321,875000	-0,669556
10321,750000	-0,617371
10321,625000	-0,628052
10321,500000	-0,592041
10321,375000	-0,590820
10321,250000	-0,633545
10321,125000	-0,648193
10321,000000	-0,685730
10320,875000	-0,687866
10320,750000	-0,689697
10320,625000	-0,696716
10320,500000	-0,677185
10320,375000	-0,677490
10320,250000	-0,677490
10320,125000	-0,599365
10320,000000	-0,625610
10319,875000	-0,586243
10319,750000	-0,676575
10319,625000	-0,674438
10319,500000	-0,661011
10319,375000	-0,582275
10319,250000	-0,668335
10319,125000	-0,667114
10319,000000	-0,659790
10318,875000	-0,635376
10318,750000	-0,647888
10318,625000	-0,625915
10318,500000	-0,626526
10318,375000	-0,668335
10318,250000	-0,704651
10318,125000	-0,693054
10318,000000	-0,686951
10317,875000	-0,653686
10317,750000	-0,621948
10317,625000	-0,635376
10317,500000	-0,646973
10317,375000	-0,646667
10317,250000	-0,648193
10317,125000	-0,635986
10317,000000	-0,600586
10316,875000	-0,599365
10316,750000	-0,652771
10316,625000	-0,639954
10316,500000	-0,615845
10316,375000	-0,606689
10316,250000	-0,607300
10316,125000	-0,621948
10316,000000	-0,612793
10315,875000	-0,591431
10315,750000	-0,653381
10315,625000	-0,652161
10315,500000	-0,696716
10315,375000	-0,645752
10315,250000	-0,666809
10315,125000	-0,667419
10315,000000	-0,592346
10314,875000	-0,686951
10314,750000	-0,606995
10314,625000	-0,687256
10314,500000	-0,687256
10314,375000	-0,662231
10314,250000	-0,637512
10314,125000	-0,635986
10314,000000	-0,631103
10313,875000	-0,626221
10313,750000	-0,652466
10313,625000	-0,612488
10313,500000	-0,616760
10313,375000	-0,618286
10313,250000	-0,654602
10313,125000	-0,701904
10313,000000	-0,658874
10312,875000	-0,649109
10312,750000	-0,654297
10312,625000	-0,668335
10312,500000	-0,653686
10312,375000	-0,657043
10312,250000	-0,657043
10312,125000	-0,609436
10312,000000	-0,703735
10311,875000	-0,612183
10311,750000	-0,621948
10311,625000	-0,619812
10311,500000	-0,692749
10311,375000	-0,671692
10311,250000	-0,618591
10311,125000	-0,616455
10311,000000	-0,631103
10310,875000	-0,685120
10310,750000	-0,596008
10310,625000	-0,621338
10310,500000	-0,621033
10310,375000	-0,667725
10310,250000	-0,618286
10310,125000	-0,608520
10310,000000	-0,605774
10309,875000	-0,665893
10309,750000	-0,643310
10309,625000	-0,678101
10309,500000	-0,606079
10309,375000	-0,606689
10309,250000	-0,610962
10309,125000	-0,654602
10309,000000	-0,582886
10308,875000	-0,611572
10308,750000	-0,616150
10308,625000	-0,635986
10308,500000	-0,676269
10308,375000	-0,626831
10308,250000	-0,623169
10308,125000	-0,626221
10308,000000	-0,668030
10307,875000	-0,638733
10307,750000	-0,620727
10307,625000	-0,618896
10307,500000	-0,586853
10307,375000	-0,640564
10307,250000	-0,635071
10307,125000	-0,633545
10307,000000	-0,607605
10306,875000	-0,581970
10306,750000	-0,627136
10306,625000	-0,593567
10306,500000	-0,597534
10306,375000	-0,613098
10306,250000	-0,523071
10306,125000	-0,710754
10306,000000	-0,707092
10305,875000	-0,664062
10305,750000	-0,599365
10305,625000	-0,702209
10305,500000	-0,577698
10305,375000	-0,580749
10305,250000	-0,632019
10305,125000	-0,584717
10305,000000	-0,601807
10304,875000	-0,658264
10304,750000	-0,664673
10304,625000	-0,633240
10304,500000	-0,558166
10304,375000	-0,711975
10304,250000	-0,710144
10304,125000	-0,595398
10304,000000	-0,641479
10303,875000	-0,661316
10303,750000	-0,561218
10303,625000	-0,561523
10303,500000	-0,578613
10303,375000	-0,630798
10303,250000	-0,718689
10303,125000	-0,719910
10303,000000	-0,619812
10302,875000	-0,650024
10302,750000	-0,609741
10302,625000	-0,624084
10302,500000	-0,624390
10302,375000	-0,634460
10302,250000	-0,516663
10302,125000	-0,642090
10302,000000	-0,639038
10301,875000	-0,637817
10301,750000	-0,646973
10301,625000	-0,579834
10301,500000	-0,602417
10301,375000	-0,602722
10301,250000	-0,610046
10301,125000	-0,572510
10301,000000	-0,638428
10300,875000	-0,643310
10300,750000	-0,647888
10300,625000	-0,661621
10300,500000	-0,620727
10300,375000	-0,639038
10300,250000	-0,638122
10300,125000	-0,665588
10300,000000	-0,578918
10299,875000	-0,651550
10299,750000	-0,615539
10299,625000	-0,614624
10299,500000	-0,634460
10299,375000	-0,555420
10299,250000	-0,612183
10299,125000	-0,613098
10299,000000	-0,660400
10298,875000	-0,574951
10298,750000	-0,635681
10298,625000	-0,552673
10298,500000	-0,552673
10298,375000	-0,626526
10298,250000	-0,601501
10298,125000	-0,648804
10298,000000	-0,647888
10297,875000	-0,656433
10297,750000	-0,608826
10297,625000	-0,594788
10297,500000	-0,604553
10297,375000	-0,603332
10297,250000	-0,619507
10297,125000	-0,606079
10297,000000	-0,639343
10296,875000	-0,612183
10296,750000	-0,618286
10296,625000	-0,638733
10296,500000	-0,597839
10296,375000	-0,584106
10296,250000	-0,583801
10296,125000	-0,561218
10296,000000	-0,577087
10295,875000	-0,585632
10295,750000	-0,601807
10295,625000	-0,602417
10295,500000	-0,553894
10295,375000	-0,575867
10295,250000	-0,594177
10295,125000	-0,594788
10295,000000	-0,618896
10294,875000	-0,507507
10294,750000	-0,581970
10294,625000	-0,587158
10294,500000	-0,587463
10294,375000	-0,586853
10294,250000	-0,545654
10294,125000	-0,578308
10294,000000	-0,573425
10293,875000	-0,642090
10293,750000	-0,618591
10293,625000	-0,638122
10293,500000	-0,605774
10293,375000	-0,605163
10293,250000	-0,561218
10293,125000	-0,572205
10293,000000	-0,558472
10292,875000	-0,528259
10292,750000	-0,536194
10292,625000	-0,612793
10292,500000	-0,574951
10292,375000	-0,589600
10292,250000	-0,586548
10292,125000	-0,579834
10292,000000	-0,539246
10291,875000	-0,598450
10291,750000	-0,357056
10291,625000	-0,357361
10291,500000	-0,564270
10291,375000	-0,535889
10291,250000	-0,554199
10291,125000	-0,551758
10291,000000	-0,579224
10290,875000	-0,601196
10290,750000	-0,648498
10290,625000	-0,527038
10290,500000	-0,527649
10290,375000	-0,611572
10290,250000	-0,631409
10290,125000	-0,566101
10290,000000	-0,565491
10289,875000	-0,591736
10289,750000	-0,572205
10289,625000	-0,579224
10289,500000	-0,713806
10289,375000	-0,710754
10289,250000	-0,584717
10289,125000	-0,550537
10289,000000	-0,561523
10288,875000	-0,595398
10288,750000	-0,578613
10288,625000	-0,588379
10288,500000	-0,571899
10288,375000	-0,590515
10288,250000	-0,589294
10288,125000	-0,557861
10288,000000	-0,538940
10287,875000	-0,551453
10287,750000	-0,568542
10287,625000	-0,567017
10287,500000	-0,549621
10287,375000	-0,585327
10287,250000	-0,543213
10287,125000	-0,544128
10287,000000	-0,566406
10286,875000	-0,591125
10286,750000	-0,570984
10286,625000	-0,552673
10286,500000	-0,549316
10286,375000	-0,561218
10286,250000	-0,548706
10286,125000	-0,585022
10286,000000	-0,582886
10285,875000	-0,598755
10285,750000	-0,532532
10285,625000	-0,569763
10285,500000	-0,552673
10285,375000	-0,552368
10285,250000	-0,560913
10285,125000	-0,550537
10285,000000	-0,587158
10284,875000	-0,573120
10284,750000	-0,572510
10284,625000	-0,544434
10284,500000	-0,553589
10284,375000	-0,539246
10284,250000	-0,539246
10284,125000	-0,555420
10284,000000	-0,561829
10283,875000	-0,598144
10283,750000	-0,541077
10283,625000	-0,542297
10283,500000	-0,535278
10283,375000	-0,533447
10283,250000	-0,556335
10283,125000	-0,555420
10283,000000	-0,564880
10282,875000	-0,499573
10282,750000	-0,551453
10282,625000	-0,511475
10282,500000	-0,511475
10282,375000	-0,542602
10282,250000	-0,548401
10282,125000	-0,537414
10282,000000	-0,535583
10281,875000	-0,523376
10281,750000	-0,545959
10281,625000	-0,554199
10281,500000	-0,494690
10281,375000	-0,494080
10281,250000	-0,508728
10281,125000	-0,504761
10281,000000	-0,534973
10280,875000	-0,509949
10280,750000	-0,508118
10280,625000	-0,523987
10280,500000	-0,542602
10280,375000	-0,530395
10280,250000	-0,531311
10280,125000	-0,526428
10280,000000	-0,520325
10279,875000	-0,538635
10279,750000	-0,543823
10279,625000	-0,544434
10279,500000	-0,524292
10279,375000	-0,541992
10279,250000	-0,526428
10279,125000	-0,524902
10279,000000	-0,513916
10278,875000	-0,499878
10278,750000	-0,512085
10278,625000	-0,500793
10278,500000	-0,501404
10278,375000	-0,503235
10278,250000	-0,519409
10278,125000	-0,494385
10278,000000	-0,492248
10277,875000	-0,480957
10277,750000	-0,544128
10277,625000	-0,509033
10277,500000	-0,513916
10277,375000	-0,513611
10277,250000	-0,515137
10277,125000	-0,480041
10277,000000	-0,531921
10276,875000	-0,502624
10276,750000	-0,538940
10276,625000	-0,540466
10276,500000	-0,492859
10276,375000	-0,523376
10276,250000	-0,522461
10276,125000	-0,505066
10276,000000	-0,500793
10275,875000	-0,530395
10275,750000	-0,516357
10275,625000	-0,516968
10275,500000	-0,520630
10275,375000	-0,511780
10275,250000	-0,521851
10275,125000	-0,519409
10275,000000	-0,536194
10274,875000	-0,509338
10274,750000	-0,530395
10274,625000	-0,476074
10274,500000	-0,481872
10274,375000	-0,504455
10274,250000	-0,515137
10274,125000	-0,526428
10274,000000	-0,526428
10273,875000	-0,524597
10273,750000	-0,479736
10273,625000	-0,489502
10273,500000	-0,503540
10273,375000	-0,502319
10273,250000	-0,501709
10273,125000	-0,521851
10273,000000	-0,503540
10272,875000	-0,500488
10272,750000	-0,484009
10272,625000	-0,497436
10272,500000	-0,493164
10272,375000	-0,465698
10272,250000	-0,462952
10272,125000	-0,496216
10272,000000	-0,500183
10271,875000	-0,502930
10271,750000	-0,495911
10271,625000	-0,499573
10271,500000	-0,508118
10271,375000	-0,523376
10271,250000	-0,478210
10271,125000	-0,477905
10271,000000	-0,484009
10270,875000	-0,484314
10270,750000	-0,502014
10270,625000	-0,473633
10270,500000	-0,473633
10270,375000	-0,468140
10270,250000	-0,502624
10270,125000	-0,480652
10270,000000	-0,479126
10269,875000	-0,467529
10269,750000	-0,489197
10269,625000	-0,422668
10269,500000	-0,477600
10269,375000	-0,476074
10269,250000	-0,479736
10269,125000	-0,472107
10269,000000	-0,470581
10268,875000	-0,465698
10268,750000	-0,464172
10268,625000	-0,498047
10268,500000	-0,450134
10268,375000	-0,490723
10268,250000	-0,487976
10268,125000	-0,461121
10268,000000	-0,431518
10267,875000	-0,482178
10267,750000	-0,478210
10267,625000	-0,481262
10267,500000	-0,465698
10267,375000	-0,480347
10267,250000	-0,448608
10267,125000	-0,447693
10267,000000	-0,455017
10266,875000	-0,422974
10266,750000	-0,468445
10266,625000	-0,447082
10266,500000	-0,447082
10266,375000	-0,444031
10266,250000	-0,456543
10266,125000	-0,431518
10266,000000	-0,430908
10265,875000	-0,432434
10265,750000	-0,430603
10265,625000	-0,472412
10265,500000	-0,438232
10265,375000	-0,437622
10265,250000	-0,435791
10265,125000	-0,476074
10265,000000	-0,454712
10264,875000	-0,450745
10264,750000	-0,421142
10264,625000	-0,455322
10264,500000	-0,466309
10264,375000	-0,423279
10264,250000	-0,424499
10264,125000	-0,427551
10264,000000	-0,417175
10263,875000	-0,470886
10263,750000	-0,421448
10263,625000	-0,426025
10263,500000	-0,453491
10263,375000	-0,441894
10263,250000	-0,414734
10263,125000	-0,413818
10263,000000	-0,389709
10262,875000	-0,434875
10262,750000	-0,427551
10262,625000	-0,395508
10262,500000	-0,394287
10262,375000	-0,416260
10262,250000	-0,445251
10262,125000	-0,417480
10262,000000	-0,414123
10261,875000	-0,435791
10261,750000	-0,435486
10261,625000	-0,462341
10261,500000	-0,374451
10261,375000	-0,373230
10261,250000	-0,398865
10261,125000	-0,399780
10261,000000	-0,426636
10260,875000	-0,424805
10260,750000	-0,411377
10260,625000	-0,379944
10260,500000	-0,415649
10260,375000	-0,433044
10260,250000	-0,430908
10260,125000	-0,395508
10260,000000	-0,417786
10259,875000	-0,375976
10259,750000	-0,427551
10259,625000	-0,429993
10259,500000	-0,396423
10259,375000	-0,368042
10259,250000	-0,371704
10259,125000	-0,372620
10259,000000	-0,420837
10258,875000	-0,400085
10258,750000	-0,370178
10258,625000	-0,389709
10258,500000	-0,390015
10258,375000	-0,402527
10258,250000	-0,377502
10258,125000	-0,373230
10258,000000	-0,370788
10257,875000	-0,381164
10257,750000	-0,391235
10257,625000	-0,354919
10257,500000	-0,362549
10257,375000	-0,361633
10257,250000	-0,366211
10257,125000	-0,374756
10257,000000	-0,417786
10256,875000	-0,413513
10256,750000	-0,356445
10256,625000	-0,368957
10256,500000	-0,389099
10256,375000	-0,382080
10256,250000	-0,380859
10256,125000	-0,381470
10256,000000	-0,365295
10255,875000	-0,368042
10255,750000	-0,362244
10255,625000	-0,366516
10255,500000	-0,375366
10255,375000	-0,343628
10255,250000	-0,363769
10255,125000	-0,365295
10255,000000	-0,337524
10254,875000	-0,334167
10254,750000	-0,369263
10254,625000	-0,359802
10254,500000	-0,359802
10254,375000	-0,360413
10254,250000	-0,337830
10254,125000	-0,341797
10254,000000	-0,339966
10253,875000	-0,344849
10253,750000	-0,339966
10253,625000	-0,347595
10253,500000	-0,328674
10253,375000	-0,329285
10253,250000	-0,339355
10253,125000	-0,321960
10253,000000	-0,352173
10252,875000	-0,349121
10252,750000	-0,348205
10252,625000	-0,318909
10252,500000	-0,320434
10252,375000	-0,339050
10252,250000	-0,337219
10252,125000	-0,304565
10252,000000	-0,257263
10251,875000	-0,309448
10251,750000	-0,322266
10251,625000	-0,327148
10251,500000	-0,282593
10251,375000	-0,294800
10251,250000	-0,339050
10251,125000	-0,338745
10251,000000	-0,289001
10250,875000	-0,280456
10250,750000	-0,283508
10250,625000	-0,282288
10250,500000	-0,273132
10250,375000	-0,329590
10250,250000	-0,291748
10250,125000	-0,315857
10250,000000	-0,313721
10249,875000	-0,285339
10249,750000	-0,281372
10249,625000	-0,316467
10249,500000	-0,281372
10249,375000	-0,278015
10249,250000	-0,264892
10249,125000	-0,277100
10249,000000	-0,254822
10248,875000	-0,251465
10248,750000	-0,289917
10248,625000	-0,287781
10248,500000	-0,250244
10248,375000	-0,273743
10248,250000	-0,271606
10248,125000	-0,308533
10248,000000	-0,281677
10247,875000	-0,244141
10247,750000	-0,254822
10247,625000	-0,262451
10247,500000	-0,245972
10247,375000	-0,275268
10247,250000	-0,265808
10247,125000	-0,263977
10247,000000	-0,252991
10246,875000	-0,275574
10246,750000	-0,251770
10246,625000	-0,281372
10246,500000	-0,280151
10246,375000	-0,236511
10246,250000	-0,256958
10246,125000	-0,250244
10246,000000	-0,247497
10245,875000	-0,222778
10245,750000	-0,216980
10245,625000	-0,242920
10245,500000	-0,232239
10245,375000	-0,233765
10245,250000	-0,249329
10245,125000	-0,270386
10245,000000	-0,230713
10244,875000	-0,228271
10244,750000	-0,218811
10244,625000	-0,202942
10244,500000	-0,240478
10244,375000	-0,209045
10244,250000	-0,209961
10244,125000	-0,212097
10244,000000	-0,235290
10243,875000	-0,227966
10243,750000	-0,223389
10243,625000	-0,215759
10243,500000	-0,195312
10243,375000	-0,220032
10243,250000	-0,220032
10243,125000	-0,217895
10243,000000	-0,225830
10242,875000	-0,220947
10242,750000	-0,205994
10242,625000	-0,200806
10242,500000	-0,212707
10242,375000	-0,227356
10242,250000	-0,223389
10242,125000	-0,197754
10242,000000	-0,195618
10241,875000	-0,194702
10241,750000	-0,199890
10241,625000	-0,177612
10241,500000	-0,172119
10241,375000	-0,173340
10241,250000	-0,181885
10241,125000	-0,188904
10241,000000	-0,202942
10240,875000	-0,199890
10240,750000	-0,198059
10240,625000	-0,166321
10240,500000	-0,171204
10240,375000	-0,219421
10240,250000	-0,218506
10240,125000	-0,179748
10240,000000	-0,191650
10239,875000	-0,155029
10239,750000	-0,153809
10239,625000	-0,154114
10239,500000	-0,188599
10239,375000	-0,202637
10239,250000	-0,155945
10239,125000	-0,153809
10239,000000	-0,182190
10238,875000	-0,160522
10238,750000	-0,198059
10238,625000	-0,195618
10238,500000	-0,144958
10238,375000	-0,144043
10238,250000	-0,159302
10238,125000	-0,169983
10238,000000	-0,167541
10237,875000	-0,132141
10237,750000	-0,148315
10237,625000	-0,164795
10237,500000	-0,155945
10237,375000	-0,158691
10237,250000	-0,146179
10237,125000	-0,131225
10237,000000	-0,151672
10236,875000	-0,149231
10236,750000	-0,120239
10236,625000	-0,127869
10236,500000	-0,143127
10236,375000	-0,096435
10236,250000	-0,094299
10236,125000	-0,089416
10236,000000	-0,117187
10235,875000	-0,144348
10235,750000	-0,134888
10235,625000	-0,128784
10235,500000	-0,110474
10235,375000	-0,119018
10235,250000	-0,133057
10235,125000	-0,131836
10235,000000	-0,108642
10234,875000	-0,133667
10234,750000	-0,113830
10234,625000	-0,089416
10234,500000	-0,087280
10234,375000	-0,073242
10234,250000	-0,098267
10234,125000	-0,127869
10234,000000	-0,127258
10233,875000	-0,066223
10233,750000	-0,103760
10233,625000	-0,087280
10233,500000	-0,090637
10233,375000	-0,091247
10233,250000	-0,114746
10233,125000	-0,076904
10233,000000	-0,070496
10232,875000	-0,069580
10232,750000	-0,083923
10232,625000	-0,092773
10232,500000	-0,067444
10232,375000	-0,111084
10232,250000	-0,109253
10232,125000	-0,107117
10232,000000	-0,072937
10231,875000	-0,092163
10231,750000	-0,091553
10231,625000	-0,080871
10231,500000	-0,075378
10231,375000	-0,039368
10231,250000	-0,051269
10231,125000	-0,049133
10231,000000	-0,036011
10230,875000	-0,024719
10230,750000	-0,035095
10230,625000	-0,038757
10230,500000	-0,038452
10230,375000	-0,014038
10230,250000	-0,036621
10230,125000	-0,021667
10230,000000	-0,021667
10229,875000	-0,043030
10229,750000	-0,020142
10229,625000	-0,022583
10229,500000	-0,017395
10229,375000	-0,017090
10229,250000	-0,014343
10229,125000	-0,015869
10229,000000	0,004273
10228,875000	0,005493
10228,750000	-0,047302
10228,625000	-0,016479
10228,500000	-0,022278
10228,375000	0,002136
10228,250000	0,002747
10228,125000	0,014649
10228,000000	-0,000610
10227,875000	-0,000610
10227,750000	-0,017090
10227,625000	-0,009460
10227,500000	0,019531
10227,375000	0,028687
10227,250000	-0,013122
10227,125000	-0,012512
10227,000000	0,032654
10226,875000	-0,009766
10226,750000	0,005188
10226,625000	-0,004578
10226,500000	-0,004578
10226,375000	0,074463
10226,250000	0,035400
10226,125000	0,029297
10226,000000	0,029907
10225,875000	0,039978
10225,750000	-0,006409
10225,625000	0,036011
10225,500000	0,035706
10225,375000	0,035706
10225,250000	0,042114
10225,125000	0,049744
10225,000000	0,016785
10224,875000	0,019226
10224,750000	0,019837
10224,625000	0,044861
10224,500000	0,024719
10224,375000	0,048218
10224,250000	0,050049
10224,125000	0,063171
10224,000000	0,071106
10223,875000	0,057068
10223,750000	0,098267
10223,625000	0,102234
10223,500000	0,076904
10223,375000	0,061646
10223,250000	0,064087
10223,125000	0,065613
10223,000000	0,028992
10222,875000	0,065613
10222,750000	0,078125
10222,625000	0,066528
10222,500000	0,067749
10222,375000	0,058594
10222,250000	0,063171
10222,125000	0,092163
10222,000000	0,093689
10221,875000	0,074158
10221,750000	0,089417
10221,625000	0,095215
10221,500000	0,103150
10221,375000	0,102539
10221,250000	0,132141
10221,125000	0,089722
10221,000000	0,083008
10220,875000	0,084839
10220,750000	0,130615
10220,625000	0,151978
10220,500000	0,132446
10220,375000	0,091858
10220,250000	0,092163
10220,125000	0,121460
10220,000000	0,112610
10219,875000	0,093384
10219,750000	0,122681
10219,625000	0,122986
10219,500000	0,139465
10219,375000	0,091858
10219,250000	0,142822
10219,125000	0,143433
10219,000000	0,126038
10218,875000	0,155029
10218,750000	0,117188
10218,625000	0,172119
10218,500000	0,174561
10218,375000	0,157776
10218,250000	0,130005
10218,125000	0,170288
10218,000000	0,171509
10217,875000	0,156860
10217,750000	0,160523
10217,625000	0,157471
10217,500000	0,167236
10217,375000	0,167847
10217,250000	0,184021
10217,125000	0,199890
10217,000000	0,170899
10216,875000	0,170288
10216,750000	0,151978
10216,625000	0,142212
10216,500000	0,195618
10216,375000	0,198975
10216,250000	0,199890
10216,125000	0,175476
10216,000000	0,207214
10215,875000	0,196228
10215,750000	0,164795
10215,625000	0,181580
10215,500000	0,182800
10215,375000	0,225525
10215,250000	0,159607
10215,125000	0,161133
10215,000000	0,190125
10214,875000	0,195923
10214,750000	0,192871
10214,625000	0,202332
10214,500000	0,201111
10214,375000	0,180054
10214,250000	0,228577
10214,125000	0,200501
10214,000000	0,200806
10213,875000	0,206299
10213,750000	0,199585
10213,625000	0,189819
10213,500000	0,211487
10213,375000	0,210266
10213,250000	0,179138
10213,125000	0,225830
10213,000000	0,212402
10212,875000	0,213928
10212,750000	0,218811
10212,625000	0,241394
10212,500000	0,229187
10212,375000	0,232849
10212,250000	0,232849
10212,125000	0,214539
10212,000000	0,223999
10211,875000	0,223084
10211,750000	0,241699
10211,625000	0,243530
10211,500000	0,244141
10211,375000	0,263977
10211,250000	0,260315
10211,125000	0,261231
10211,000000	0,233460
10210,875000	0,269775
10210,750000	0,242004
10210,625000	0,261536
10210,500000	0,261231
10210,375000	0,275879
10210,250000	0,260315
10210,125000	0,252380
10210,000000	0,252686
10209,875000	0,276184
10209,750000	0,286255
10209,625000	0,256958
10209,500000	0,281983
10209,375000	0,281067
10209,250000	0,311585
10209,125000	0,269470
10209,000000	0,309143
10208,875000	0,308838
10208,750000	0,272827
10208,625000	0,281677
10208,500000	0,281677
10208,375000	0,289612
10208,250000	0,288086
10208,125000	0,306397
10208,000000	0,281677
10207,875000	0,295105
10207,750000	0,282288
10207,625000	0,295715
10207,500000	0,303345
10207,375000	0,326843
10207,250000	0,307312
10207,125000	0,307312
10207,000000	0,289917
10206,875000	0,321350
10206,750000	0,301209
10206,625000	0,311585
10206,500000	0,311279
10206,375000	0,331421
10206,250000	0,351563
10206,125000	0,340881
10206,000000	0,341492
10205,875000	0,329895
10205,750000	0,366211
10205,625000	0,386658
10205,500000	0,343323
10205,375000	0,344238
10205,250000	0,320129
10205,125000	0,347290
10205,000000	0,368042
10204,875000	0,368347
10204,750000	0,312195
10204,625000	0,345764
10204,500000	0,368347
10204,375000	0,332947
10204,250000	0,333862
10204,125000	0,376587
10204,000000	0,344849
10203,875000	0,332642
10203,750000	0,317383
10203,625000	0,338135
10203,500000	0,352173
10203,375000	0,395508
10203,250000	0,377808
10203,125000	0,375671
10203,000000	0,302124
10202,875000	0,369263
10202,750000	0,366211
10202,625000	0,358887
10202,500000	0,359497
10202,375000	0,362549
10202,250000	0,356445
10202,125000	0,383911
10202,000000	0,383911
10201,875000	0,339661
10201,750000	0,393372
10201,625000	0,367432
10201,500000	0,369263
10201,375000	0,372009
10201,250000	0,368958
10201,125000	0,408325
10201,000000	0,373840
10200,875000	0,376282
10200,750000	0,369263
10200,625000	0,386353
10200,500000	0,364685
10200,375000	0,404358
10200,250000	0,404663
10200,125000	0,387573
10200,000000	0,412598
10199,875000	0,382080
10199,750000	0,423889
10199,625000	0,427246
10199,500000	0,400086
10199,375000	0,405579
10199,250000	0,387573
10199,125000	0,388794
10199,000000	0,386963
10198,875000	0,397644
10198,750000	0,378723
10198,625000	0,372315
10198,500000	0,373230
10198,375000	0,401611
10198,250000	0,377503
10198,125000	0,430603
10198,000000	0,429688
10197,875000	0,427246
10197,750000	0,406494
10197,625000	0,404968
10197,500000	0,423279
10197,375000	0,424805
10197,250000	0,433655
10197,125000	0,423279
10197,000000	0,406799
10196,875000	0,406494
10196,750000	0,429688
10196,625000	0,411377
10196,500000	0,438538
10196,375000	0,430908
10196,250000	0,434570
10196,125000	0,438233
10196,000000	0,427246
10195,875000	0,445557
10195,750000	0,368042
10195,625000	0,378723
10195,500000	0,417175
10195,375000	0,413818
10195,250000	0,431519
10195,125000	0,430908
10195,000000	0,435791
10194,875000	0,460510
10194,750000	0,475769
10194,625000	0,442810
10194,500000	0,444031
10194,375000	0,422669
10194,250000	0,472107
10194,125000	0,476074
10194,000000	0,476074
10193,875000	0,415955
10193,750000	0,471497
10193,625000	0,453491
10193,500000	0,464172
10193,375000	0,465393
10193,250000	0,461121
10193,125000	0,458679
10193,000000	0,473938
10192,875000	0,473633
10192,750000	0,473938
10192,625000	0,481873
10192,500000	0,448608
10192,375000	0,425415
10192,250000	0,426025
10192,125000	0,470886
10192,000000	0,476990
10191,875000	0,516052
10191,750000	0,465698
10191,625000	0,464172
10191,500000	0,474548
10191,375000	0,459290
10191,250000	0,461426
10191,125000	0,460510
10191,000000	0,466919
10190,875000	0,451965
10190,750000	0,451965
10190,625000	0,453796
10190,500000	0,523682
10190,375000	0,468140
10190,250000	0,483399
10190,125000	0,466004
10190,000000	0,467529
10189,875000	0,481567
10189,750000	0,486450
10189,625000	0,465698
10189,500000	0,470581
10189,375000	0,468140
10189,250000	0,509644
10189,125000	0,473023
10189,000000	0,505676
10188,875000	0,506592
10188,750000	0,475464
10188,625000	0,465088
10188,500000	0,502625
10188,375000	0,476379
10188,250000	0,477600
10188,125000	0,475464
10188,000000	0,503845
10187,875000	0,477905
10187,750000	0,480042
10187,625000	0,484619
10187,500000	0,492554
10187,375000	0,463867
10187,250000	0,505982
10187,125000	0,508728
10187,000000	0,489502
10186,875000	0,457764
10186,750000	0,479126
10186,625000	0,479126
10186,500000	0,489197
10186,375000	0,489197
10186,250000	0,480652
10186,125000	0,495300
10186,000000	0,495606
10185,875000	0,529175
10185,750000	0,507507
10185,625000	0,459900
10185,500000	0,479126
10185,375000	0,475159
10185,250000	0,509033
10185,125000	0,473938
10185,000000	0,458679
10184,875000	0,458374
10184,750000	0,507813
10184,625000	0,489502
10184,500000	0,453796
10184,375000	0,495606
10184,250000	0,494995
10184,125000	0,462647
10184,000000	0,525818
10183,875000	0,494690
10183,750000	0,505982
10183,625000	0,502319
10183,500000	0,491028
10183,375000	0,452271
10183,250000	0,510254
10183,125000	0,511475
10183,000000	0,489807
10182,875000	0,451355
10182,750000	0,496216
10182,625000	0,478211
10182,500000	0,479431
10182,375000	0,480957
10182,250000	0,492554
10182,125000	0,490112
10182,000000	0,490112
10181,875000	0,489807
10181,750000	0,473328
10181,625000	0,487366
10181,500000	0,502625
10181,375000	0,503235
10181,250000	0,460510
10181,125000	0,496826
10181,000000	0,484924
10180,875000	0,487061
10180,750000	0,507813
10180,625000	0,464172
10180,500000	0,493164
10180,375000	0,458679
10180,250000	0,458984
10180,125000	0,473633
10180,000000	0,472717
10179,875000	0,510254
10179,750000	0,446777
10179,625000	0,445557
10179,500000	0,479431
10179,375000	0,480347
10179,250000	0,491638
10179,125000	0,492859
10179,000000	0,487976
10178,875000	0,489502
10178,750000	0,487671
10178,625000	0,507202
10178,500000	0,506287
10178,375000	0,458984
10178,250000	0,476379
10178,125000	0,520325
10178,000000	0,520935
10177,875000	0,521240
10177,750000	0,488281
10177,625000	0,467224
10177,500000	0,495300
10177,375000	0,495606
10177,250000	0,478211
10177,125000	0,466614
10177,000000	0,455017
10176,875000	0,455322
10176,750000	0,456848
10176,625000	0,465698
10176,500000	0,483399
10176,375000	0,441895
10176,250000	0,441895
10176,125000	0,453186
10176,000000	0,466614
10175,875000	0,460510
10175,750000	0,459595
10175,625000	0,481567
10175,500000	0,478211
10175,375000	0,483399
10175,250000	0,458069
10175,125000	0,457459
10175,000000	0,426941
10174,875000	0,429688
10174,750000	0,460205
10174,625000	0,427551
10174,500000	0,448914
10174,375000	0,458984
10174,250000	0,458679
10174,125000	0,475464
10174,000000	0,476990
10173,875000	0,464172
10173,750000	0,449219
10173,625000	0,442505
10173,500000	0,442200
10173,375000	0,443115
10173,250000	0,426025
10173,125000	0,443726
10173,000000	0,427551
10172,875000	0,427246
10172,750000	0,407105
10172,625000	0,442810
10172,500000	0,426331
10172,375000	0,443115
10172,250000	0,443421
10172,125000	0,404358
10172,000000	0,427857
10171,875000	0,417786
10171,750000	0,419922
10171,625000	0,412903
10171,500000	0,465088
10171,375000	0,399780
10171,250000	0,444031
10171,125000	0,445557
10171,000000	0,414734
10170,875000	0,444946
10170,750000	0,431213
10170,625000	0,434265
10170,500000	0,438843
10170,375000	0,404663
10170,250000	0,429382
10170,125000	0,400391
10170,000000	0,401917
10169,875000	0,419922
10169,750000	0,421753
10169,625000	0,410767
10169,500000	0,398865
10169,375000	0,397949
10169,250000	0,392456
10169,125000	0,392151
10169,000000	0,399475
10168,875000	0,400696
10168,750000	0,363464
10168,625000	0,392456
10168,500000	0,397949
10168,375000	0,405884
10168,250000	0,406799
10168,125000	0,398560
10168,000000	0,399780
10167,875000	0,379028
10167,750000	0,378723
10167,625000	0,388489
10167,500000	0,389710
10167,375000	0,401611
10167,250000	0,361939
10167,125000	0,361328
10167,000000	0,375671
10166,875000	0,360108
10166,750000	0,377808
10166,625000	0,340576
10166,500000	0,355530
10166,375000	0,361939
10166,250000	0,397034
10166,125000	0,378113
10166,000000	0,379944
10165,875000	0,337219
10165,750000	0,323792
10165,625000	0,355835
10165,500000	0,368958
10165,375000	0,367432
10165,250000	0,366821
10165,125000	0,370178
10165,000000	0,346680
10164,875000	0,346985
10164,750000	0,339356
10164,625000	0,360108
10164,500000	0,368042
10164,375000	0,332031
10164,250000	0,333862
10164,125000	0,321655
10164,000000	0,350342
10163,875000	0,345459
10163,750000	0,345764
10163,625000	0,344238
10163,500000	0,349121
10163,375000	0,309754
10163,250000	0,340271
10163,125000	0,343018
10163,000000	0,300598
10162,875000	0,360718
10162,750000	0,318604
10162,625000	0,273132
10162,500000	0,310059
10162,375000	0,292358
10162,250000	0,313721
10162,125000	0,308533
10162,000000	0,309448
10161,875000	0,280762
10161,750000	0,280151
10161,625000	0,299988
10161,500000	0,292358
10161,375000	0,291748
10161,250000	0,300598
10161,125000	0,290527
10161,000000	0,322876
10160,875000	0,321961
10160,750000	0,263672
10160,625000	0,336304
10160,500000	0,268555
10160,375000	0,286865
10160,250000	0,288086
10160,125000	0,316162
10160,000000	0,248718
10159,875000	0,270996
10159,750000	0,272827
10159,625000	0,277405
10159,500000	0,277710
10159,375000	0,270996
10159,250000	0,242920
10159,125000	0,242615
10159,000000	0,263062
10158,875000	0,266419
10158,750000	0,245361
10158,625000	0,221558
10158,500000	0,222168
10158,375000	0,246277
10158,250000	0,270996
10158,125000	0,279846
10158,000000	0,279846
10157,875000	0,204773
10157,750000	0,217285
10157,625000	0,196838
10157,500000	0,228272
10157,375000	0,228272
10157,250000	0,237732
10157,125000	0,205078
10157,000000	0,218506
10156,875000	0,220642
10156,750000	0,199890
10156,625000	0,225830
10156,500000	0,215759
10156,375000	0,193176
10156,250000	0,191956
10156,125000	0,183106
10156,000000	0,197754
10155,875000	0,233765
10155,750000	0,235901
10155,625000	0,191040
10155,500000	0,194397
10155,375000	0,237427
10155,250000	0,208740
10155,125000	0,208740
10155,000000	0,149231
10154,875000	0,208740
10154,750000	0,174255
10154,625000	0,184326
10154,500000	0,195313
10154,375000	0,209351
10154,250000	0,158081
10154,125000	0,170288
10154,000000	0,170288
10153,875000	0,195923
10153,750000	0,162964
10153,625000	0,107422
10153,500000	0,132446
10153,375000	0,131226
10153,250000	0,118103
10153,125000	0,167236
10153,000000	0,149536
10152,875000	0,152283
10152,750000	0,193176
10152,625000	0,135193
10152,500000	0,150757
10152,375000	0,142212
10152,250000	0,142212
10152,125000	0,133972
10152,000000	0,130310
10151,875000	0,134888
10151,750000	0,132446
10151,625000	0,130615
10151,500000	0,160217
10151,375000	0,125427
10151,250000	0,115967
10151,125000	0,118408
10151,000000	0,118408
10150,875000	0,134888
10150,750000	0,128479
10150,625000	0,103760
10150,500000	0,103760
10150,375000	0,080261
10150,250000	0,126343
10150,125000	0,101318
10150,000000	0,102234
10149,875000	0,087586
10149,750000	0,072937
10149,625000	0,065003
10149,500000	0,065613
10149,375000	0,066223
10149,250000	0,075073
10149,125000	0,063477
10149,000000	0,082092
10148,875000	0,081177
10148,750000	0,082398
10148,625000	0,092468
10148,500000	0,065308
10148,375000	0,055847
10148,250000	0,056763
10148,125000	0,081177
10148,000000	0,019226
10147,875000	0,064697
10147,750000	0,049439
10147,625000	0,049744
10147,500000	0,050659
10147,375000	0,050049
10147,250000	0,038147
10147,125000	0,039063
10147,000000	0,021973
10146,875000	0,071106
10146,750000	0,044556
10146,625000	0,023193
10146,500000	0,025330
10146,375000	0,042114
10146,250000	0,023499
10146,125000	0,033875
10146,000000	0,032349
10145,875000	0,001831
10145,750000	-0,000610
10145,625000	-0,012512
10145,500000	-0,007934
10145,375000	-0,007019
10145,250000	0,036926
10145,125000	0,006104
10145,000000	-0,023498
10144,875000	0,007935
10144,750000	-0,024719
10144,625000	-0,034180
10144,500000	-0,013122
10144,375000	-0,021362
10144,250000	-0,018616
10144,125000	-0,040283
10144,000000	-0,041504
10143,875000	-0,013733
10143,750000	-0,005493
10143,625000	-0,006409
10143,500000	-0,076599
10143,375000	-0,017395
10143,250000	-0,026855
10143,125000	-0,027466
10143,000000	-0,042725
10142,875000	-0,050049
10142,750000	-0,027771
10142,625000	-0,040588
10142,500000	-0,039062
10142,375000	-0,033569
10142,250000	-0,064392
10142,125000	-0,050659
10142,000000	-0,049744
10141,875000	-0,066833
10141,750000	-0,111694
10141,625000	-0,057068
10141,500000	-0,039978
10141,375000	-0,037842
10141,250000	-0,056457
10141,125000	-0,069275
10141,000000	-0,072937
10140,875000	-0,062561
10140,750000	-0,049133
10140,625000	-0,111389
10140,500000	-0,088196
10140,375000	-0,085449
10140,250000	-0,083618
10140,125000	-0,094604
10140,000000	-0,083008
10139,875000	-0,111389
10139,750000	-0,089722
10139,625000	-0,091247
10139,500000	-0,093994
10139,375000	-0,107117
10139,250000	-0,103455
10139,125000	-0,101929
10139,000000	-0,146179
10138,875000	-0,123291
10138,750000	-0,124512
10138,625000	-0,126343
10138,500000	-0,124817
10138,375000	-0,167541
10138,250000	-0,130920
10138,125000	-0,143738
10138,000000	-0,142822
10137,875000	-0,170593
10137,750000	-0,153809
10137,625000	-0,138245
10137,500000	-0,144958
10137,375000	-0,141907
10137,250000	-0,184326
10137,125000	-0,156860
10137,000000	-0,187073
10136,875000	-0,139770
10136,750000	-0,140076
10136,625000	-0,176392
10136,500000	-0,167847
10136,375000	-0,191650
10136,250000	-0,187378
10136,125000	-0,216980
10136,000000	-0,173950
10135,875000	-0,192871
10135,750000	-0,196228
10135,625000	-0,193787
10135,500000	-0,184936
10135,375000	-0,198364
10135,250000	-0,179748
10135,125000	-0,177612
10135,000000	-0,217590
10134,875000	-0,184936
10134,750000	-0,202026
10134,625000	-0,215454
10134,500000	-0,214844
10134,375000	-0,231628
10134,250000	-0,193481
10134,125000	-0,219116
10134,000000	-0,214538
10133,875000	-0,240784
10133,750000	-0,206299
10133,625000	-0,245361
10133,500000	-0,237427
10133,375000	-0,236206
10133,250000	-0,247803
10133,125000	-0,257873
10133,000000	-0,261536
10132,875000	-0,214844
10132,750000	-0,219116
10132,625000	-0,242920
10132,500000	-0,245666
10132,375000	-0,261841
10132,250000	-0,262451
10132,125000	-0,256958
10132,000000	-0,281982
10131,875000	-0,246277
10131,750000	-0,261841
10131,625000	-0,260315
10131,500000	-0,273437
10131,375000	-0,294495
10131,250000	-0,225830
10131,125000	-0,221558
10131,000000	-0,253601
10130,875000	-0,278320
10130,750000	-0,282898
10130,625000	-0,312195
10130,500000	-0,310974
10130,375000	-0,249329
10130,250000	-0,287781
10130,125000	-0,293274
10130,000000	-0,289612
10129,875000	-0,290832
10129,750000	-0,328369
10129,625000	-0,277405
10129,500000	-0,312805
10129,375000	-0,308838
10129,250000	-0,279541
10129,125000	-0,293579
10129,000000	-0,307922
10128,875000	-0,292053
10128,750000	-0,295410
10128,625000	-0,298767
10128,500000	-0,299072
10128,375000	-0,303345
10128,250000	-0,301514
10128,125000	-0,311279
10128,000000	-0,362549
10127,875000	-0,326843
10127,750000	-0,332947
10127,625000	-0,332336
10127,500000	-0,302429
10127,375000	-0,295410
10127,250000	-0,343017
10127,125000	-0,341797
10127,000000	-0,350952
10126,875000	-0,321350
10126,750000	-0,321960
10126,625000	-0,339966
10126,500000	-0,339050
10126,375000	-0,336304
10126,250000	-0,322571
10126,125000	-0,343628
10126,000000	-0,340576
10125,875000	-0,324402
10125,750000	-0,338135
10125,625000	-0,331421
10125,500000	-0,344543
10125,375000	-0,341186
10125,250000	-0,362854
10125,125000	-0,393066
10125,000000	-0,370483
10124,875000	-0,321350
10124,750000	-0,326843
10124,625000	-0,382690
10124,500000	-0,364990
10124,375000	-0,386352
10124,250000	-0,384521
10124,125000	-0,389709
10124,000000	-0,375061
10123,875000	-0,392151
10123,750000	-0,371094
10123,625000	-0,368347
10123,500000	-0,404358
10123,375000	-0,386352
10123,250000	-0,367126
10123,125000	-0,365601
10123,000000	-0,419006
10122,875000	-0,380249
10122,750000	-0,373230
10122,625000	-0,414429
10122,500000	-0,415344
10122,375000	-0,390625
10122,250000	-0,401001
10122,125000	-0,399475
10122,000000	-0,395203
10121,875000	-0,397949
10121,750000	-0,393371
10121,625000	-0,412598
10121,500000	-0,450439
10121,375000	-0,448913
10121,250000	-0,419311
10121,125000	-0,404968
10121,000000	-0,427856
10120,875000	-0,425415
10120,750000	-0,425720
10120,625000	-0,414123
10120,500000	-0,429993
10120,375000	-0,429687
10120,250000	-0,427551
10120,125000	-0,415649
10120,000000	-0,442505
10119,875000	-0,421753
10119,750000	-0,448608
10119,625000	-0,448913
10119,500000	-0,427856
10119,375000	-0,429077
10119,250000	-0,447388
10119,125000	-0,446777
10119,000000	-0,434570
10118,875000	-0,443726
10118,750000	-0,440063
10118,625000	-0,460815
10118,500000	-0,458679
10118,375000	-0,439758
10118,250000	-0,444031
10118,125000	-0,445557
10118,000000	-0,441284
10117,875000	-0,427856
10117,750000	-0,452881
10117,625000	-0,440979
10117,500000	-0,458374
10117,375000	-0,457153
10117,250000	-0,452576
10117,125000	-0,433044
10117,000000	-0,441894
10116,875000	-0,439453
10116,750000	-0,439453
10116,625000	-0,465393
10116,500000	-0,462952
10116,375000	-0,447998
10116,250000	-0,446167
10116,125000	-0,462646
10116,000000	-0,454407
10115,875000	-0,489502
10115,750000	-0,470581
10115,625000	-0,469971
10115,500000	-0,466919
10115,375000	-0,466003
10115,250000	-0,484924
10115,125000	-0,483704
10115,000000	-0,489807
10114,875000	-0,470276
10114,750000	-0,498962
10114,625000	-0,489502
10114,500000	-0,490112
10114,375000	-0,495605
10114,250000	-0,477600
10114,125000	-0,505676
10114,000000	-0,503540
10113,875000	-0,503235
10113,750000	-0,508118
10113,625000	-0,498657
10113,500000	-0,514221
10113,375000	-0,514221
10113,250000	-0,479126
10113,125000	-0,513916
10113,000000	-0,495300
10112,875000	-0,488892
10112,750000	-0,486145
10112,625000	-0,488281
10112,500000	-0,507507
10112,375000	-0,548706
10112,250000	-0,548706
10112,125000	-0,468445
10112,000000	-0,523071
10111,875000	-0,524902
10111,750000	-0,567017
10111,625000	-0,566101
10111,500000	-0,528564
10111,375000	-0,464783
10111,250000	-0,518188
10111,125000	-0,516052
10111,000000	-0,540466
10110,875000	-0,501099
10110,750000	-0,520325
10110,625000	-0,487060
10110,500000	-0,486450
10110,375000	-0,502624
10110,250000	-0,528564
10110,125000	-0,524597
10110,000000	-0,522156
10109,875000	-0,527038
10109,750000	-0,509949
10109,625000	-0,529480
10109,500000	-0,534363
10109,375000	-0,533142
10109,250000	-0,508423
10109,125000	-0,514831
10109,000000	-0,494995
10108,875000	-0,523987
10108,750000	-0,524902
10108,625000	-0,538940
10108,500000	-0,512390
10108,375000	-0,502014
10108,250000	-0,498962
10108,125000	-0,551453
10108,000000	-0,541687
10107,875000	-0,537720
10107,750000	-0,570068
10107,625000	-0,569458
10107,500000	-0,557556
10107,375000	-0,525207
10107,250000	-0,561829
10107,125000	-0,559692
10107,000000	-0,596619
10106,875000	-0,582886
10106,750000	-0,552978
10106,625000	-0,517883
10106,500000	-0,517273
10106,375000	-0,513916
10106,250000	-0,565185
10106,125000	-0,590515
10106,000000	-0,572510
10105,875000	-0,575561
10105,750000	-0,537109
10105,625000	-0,574951
10105,500000	-0,540771
10105,375000	-0,539856
10105,250000	-0,578613
10105,125000	-0,536804
10105,000000	-0,566101
10104,875000	-0,536194
10104,750000	-0,536499
10104,625000	-0,561218
10104,500000	-0,555725
10104,375000	-0,572815
10104,250000	-0,572205
10104,125000	-0,593262
10104,000000	-0,560913
10103,875000	-0,541077
10103,750000	-0,595093
10103,625000	-0,595093
10103,500000	-0,539551
10103,375000	-0,526733
10103,250000	-0,536194
10103,125000	-0,532837
10103,000000	-0,548401
10102,875000	-0,576477
10102,750000	-0,562134
10102,625000	-0,562134
10102,500000	-0,560303
10102,375000	-0,569763
10102,250000	-0,563354
10102,125000	-0,592346
10102,000000	-0,570679
10101,875000	-0,576477
10101,750000	-0,541077
10101,625000	-0,598755
10101,500000	-0,546265
10101,375000	-0,547790
10101,250000	-0,539856
10101,125000	-0,585327
10101,000000	-0,569458
10100,875000	-0,560303
10100,750000	-0,560913
10100,625000	-0,580749
10100,500000	-0,597839
10100,375000	-0,588379
10100,250000	-0,589600
10100,125000	-0,589600
10100,000000	-0,577392
10099,875000	-0,587158
10099,750000	-0,602417
10099,625000	-0,603027
10099,500000	-0,560608
10099,375000	-0,592346
10099,250000	-0,585937
10099,125000	-0,585632
10099,000000	-0,579834
10098,875000	-0,586243
10098,750000	-0,599060
10098,625000	-0,589294
10098,500000	-0,589294
10098,375000	-0,609131
10098,250000	-0,587463
10098,125000	-0,606995
10098,000000	-0,606384
10097,875000	-0,573120
10097,750000	-0,622864
10097,625000	-0,620422
10097,500000	-0,589600
10097,375000	-0,587463
10097,250000	-0,660095
10097,125000	-0,588379
10097,000000	-0,564270
10096,875000	-0,635681
10096,750000	-0,608215
10096,625000	-0,586548
10096,500000	-0,595703
10096,375000	-0,611572
10096,250000	-0,611877
10096,125000	-0,608520
10096,000000	-0,609741
10095,875000	-0,589600
10095,750000	-0,613708
10095,625000	-0,614319
10095,500000	-0,599670
10095,375000	-0,579834
10095,250000	-0,586853
10095,125000	-0,588684
10095,000000	-0,594177
10094,875000	-0,617371
10094,750000	-0,596008
10094,625000	-0,601196
10094,500000	-0,602722
10094,375000	-0,608520
10094,250000	-0,644531
10094,125000	-0,607605
10094,000000	-0,605163
10093,875000	-0,610657
10093,750000	-0,618591
10093,625000	-0,626526
10093,500000	-0,655212
10093,375000	-0,655212
10093,250000	-0,640259
10093,125000	-0,597839
10093,000000	-0,576477
10092,875000	-0,578613
10092,750000	-0,583801
10092,625000	-0,618286
10092,500000	-0,615234
10092,375000	-0,613403
10092,250000	-0,614014
10092,125000	-0,642395
10092,000000	-0,600586
10091,875000	-0,627136
10091,750000	-0,602112
10091,625000	-0,601196
10091,500000	-0,646362
10091,375000	-0,623169
10091,250000	-0,624390
10091,125000	-0,623474
10091,000000	-0,589600
10090,875000	-0,619507
10090,750000	-0,615845
10090,625000	-0,652466
10090,500000	-0,653992
10090,375000	-0,596619
10090,250000	-0,622253
10090,125000	-0,622253
10090,000000	-0,621948
10089,875000	-0,607910
10089,750000	-0,599976
10089,625000	-0,635986
10089,500000	-0,616150
10089,375000	-0,617065
10089,250000	-0,631409
10089,125000	-0,635071
10089,000000	-0,622864
10088,875000	-0,639954
10088,750000	-0,639954
10088,625000	-0,635376
10088,500000	-0,602722
10088,375000	-0,626221
10088,250000	-0,625000
10088,125000	-0,614624
10088,000000	-0,591736
10087,875000	-0,656433
10087,750000	-0,605163
10087,625000	-0,604858
10087,500000	-0,625610
10087,375000	-0,666809
10087,250000	-0,630188
10087,125000	-0,586548
10087,000000	-0,616760
10086,875000	-0,637512
10086,750000	-0,634766
10086,625000	-0,664368
10086,500000	-0,664978
10086,375000	-0,628662
10086,250000	-0,603332
10086,125000	-0,609436
10086,000000	-0,644226
10085,875000	-0,643005
10085,750000	-0,642395
10085,625000	-0,646362
10085,500000	-0,638428
10085,375000	-0,637207
10085,250000	-0,613403
10085,125000	-0,614929
10085,000000	-0,659485
10084,875000	-0,623779
10084,750000	-0,622864
10084,625000	-0,675354
10084,500000	-0,634460
10084,375000	-0,617065
10084,250000	-0,616760
10084,125000	-0,657959
10084,000000	-0,635071
10083,875000	-0,648498
10083,750000	-0,640869
10083,625000	-0,639648
10083,500000	-0,667725
10083,375000	-0,664368
10083,250000	-0,653992
10083,125000	-0,641174
10083,000000	-0,633240
10082,875000	-0,639343
10082,750000	-0,653381
10082,625000	-0,662231
10082,500000	-0,660400
10082,375000	-0,605163
10082,250000	-0,592346
10082,125000	-0,635681
10082,000000	-0,629578
10081,875000	-0,664978
10081,750000	-0,644226
10081,625000	-0,633850
10081,500000	-0,633240
10081,375000	-0,631714
10081,250000	-0,669250
10081,125000	-0,633850
10081,000000	-0,657959
10080,875000	-0,659180
10080,750000	-0,658874
10080,625000	-0,656738
10080,500000	-0,627136
10080,375000	-0,652771
10080,250000	-0,652161
10080,125000	-0,678101
10080,000000	-0,677795
10079,875000	-0,600891
10079,750000	-0,654297
10079,625000	-0,654907
10079,500000	-0,639954
10079,375000	-0,672913
10079,250000	-0,635681
10079,125000	-0,624695
10079,000000	-0,630493
10078,875000	-0,646973
10078,750000	-0,667419
10078,625000	-0,670471
10078,500000	-0,671387
10078,375000	-0,671387
10078,250000	-0,659485
10078,125000	-0,642090
10078,000000	-0,651855
10077,875000	-0,652466
10077,750000	-0,668335
10077,625000	-0,609741
10077,500000	-0,611877
10077,375000	-0,611267
10077,250000	-0,665283
10077,125000	-0,645752
10077,000000	-0,654602
10076,875000	-0,656128
10076,750000	-0,660095
10076,625000	-0,626526
10076,500000	-0,650024
10076,375000	-0,634155
10076,250000	-0,632629
10076,125000	-0,650635
10076,000000	-0,647278
10075,875000	-0,610962
10075,750000	-0,670776
10075,625000	-0,671081
10075,500000	-0,660095
10075,375000	-0,641174
10075,250000	-0,644531
10075,125000	-0,668640
10075,000000	-0,672913
10074,875000	-0,646057
10074,750000	-0,649109
10074,625000	-0,652771
10074,500000	-0,652466
10074,375000	-0,633240
10074,250000	-0,635986
10074,125000	-0,636597
10074,000000	-0,646362
10073,875000	-0,646667
10073,750000	-0,642395
10073,625000	-0,664673
10073,500000	-0,659485
10073,375000	-0,659180
10073,250000	-0,669556
10073,125000	-0,659790
10073,000000	-0,673523
10072,875000	-0,642090
10072,750000	-0,643310
10072,625000	-0,666809
10072,500000	-0,683594
10072,375000	-0,608520
10072,250000	-0,608215
10072,125000	-0,655517
10072,000000	-0,671387
10071,875000	-0,664673
10071,750000	-0,643310
10071,625000	-0,643921
10071,500000	-0,663452
10071,375000	-0,625000
10071,250000	-0,677795
10071,125000	-0,675964
10071,000000	-0,668335
10070,875000	-0,632324
10070,750000	-0,639038
10070,625000	-0,663147
10070,500000	-0,662231
10070,375000	-0,647583
10070,250000	-0,671387
10070,125000	-0,678711
10070,000000	-0,639954
10069,875000	-0,660705
10069,750000	-0,653381
10069,625000	-0,659180
10069,500000	-0,679626
10069,375000	-0,677185
10069,250000	-0,664368
10069,125000	-0,697021
10069,000000	-0,664368
10068,875000	-0,708008
10068,750000	-0,708923
10068,625000	-0,673523
10068,500000	-0,640564
10068,375000	-0,648804
10068,250000	-0,646973
10068,125000	-0,635681
10068,000000	-0,650940
10067,875000	-0,693664
10067,750000	-0,641479
10067,625000	-0,639343
10067,500000	-0,656128
10067,375000	-0,697327
10067,250000	-0,660705
10067,125000	-0,623169
10067,000000	-0,626831
10066,875000	-0,667419
10066,750000	-0,674744
10066,625000	-0,691528
10066,500000	-0,690308
10066,375000	-0,663452
10066,250000	-0,614929
10066,125000	-0,679626
10066,000000	-0,662842
10065,875000	-0,662231
10065,750000	-0,658569
10065,625000	-0,666199
10065,500000	-0,650024
10065,375000	-0,650330
10065,250000	-0,664368
10065,125000	-0,613403
10065,000000	-0,690308
10064,875000	-0,668640
10064,750000	-0,669556
10064,625000	-0,654907
10064,500000	-0,652466
10064,375000	-0,663452
10064,250000	-0,660705
10064,125000	-0,638733
10064,000000	-0,665283
10063,875000	-0,655212
10063,750000	-0,673218
10063,625000	-0,672302
10063,500000	-0,663452
10063,375000	-0,661316
10063,250000	-0,656128
10063,125000	-0,645752
10063,000000	-0,649719
10062,875000	-0,636597
10062,750000	-0,639343
10062,625000	-0,655823
10062,500000	-0,654907
10062,375000	-0,609131
10062,250000	-0,646667
10062,125000	-0,646362
10062,000000	-0,654602
10061,875000	-0,654602
10061,750000	-0,660705
10061,625000	-0,652161
10061,500000	-0,631714
10061,375000	-0,628662
10061,250000	-0,654297
10061,125000	-0,668640
10061,000000	-0,689392
10060,875000	-0,636597
10060,750000	-0,637512
10060,625000	-0,668335
10060,500000	-0,625000
10060,375000	-0,653076
10060,250000	-0,650024
10060,125000	-0,640259
10060,000000	-0,652466
10059,875000	-0,667725
10059,750000	-0,695801
10059,625000	-0,694885
10059,500000	-0,695801
10059,375000	-0,673828
10059,250000	-0,641479
10059,125000	-0,643310
10059,000000	-0,649109
10058,875000	-0,692444
10058,750000	-0,655517
10058,625000	-0,654297
10058,500000	-0,653992
10058,375000	-0,653076
10058,250000	-0,646362
10058,125000	-0,685730
10058,000000	-0,644836
10057,875000	-0,642700
10057,750000	-0,652161
10057,625000	-0,665588
10057,500000	-0,627441
10057,375000	-0,624695
10057,250000	-0,646057
10057,125000	-0,653686
10057,000000	-0,674133
10056,875000	-0,664368
10056,750000	-0,664673
10056,625000	-0,673828
10056,500000	-0,663757
10056,375000	-0,637512
10056,250000	-0,634155
10056,125000	-0,648498
10056,000000	-0,672913
10055,875000	-0,671692
10055,750000	-0,668030
10055,625000	-0,667419
10055,500000	-0,640869
10055,375000	-0,661316
10055,250000	-0,640869
10055,125000	-0,683594
10055,000000	-0,689087
10054,875000	-0,639954
10054,750000	-0,685730
10054,625000	-0,636597
10054,500000	-0,635681
10054,375000	-0,648193
10054,250000	-0,693970
10054,125000	-0,652466
10054,000000	-0,655212
10053,875000	-0,654602
10053,750000	-0,648804
10053,625000	-0,644836
10053,500000	-0,664368
10053,375000	-0,663757
10053,250000	-0,653381
10053,125000	-0,682983
10053,000000	-0,659485
10052,875000	-0,663757
10052,750000	-0,664062
10052,625000	-0,683899
10052,500000	-0,661011
10052,375000	-0,697021
10052,250000	-0,694275
10052,125000	-0,672607
10052,000000	-0,652161
10051,875000	-0,680237
10051,750000	-0,632019
10051,625000	-0,632629
10051,500000	-0,687866
10051,375000	-0,666504
10051,250000	-0,680847
10051,125000	-0,681152
10051,000000	-0,657959
10050,875000	-0,684814
10050,750000	-0,646973
10050,625000	-0,664368
10050,500000	-0,664978
10050,375000	-0,654602
10050,250000	-0,687866
10050,125000	-0,694275
10050,000000	-0,615845
10049,875000	-0,645752
10049,750000	-0,679932
10049,625000	-0,675659
10049,500000	-0,677185
10049,375000	-0,675049
10049,250000	-0,675659
10049,125000	-0,674744
10049,000000	-0,690613
10048,875000	-0,690308
10048,750000	-0,690918
10048,625000	-0,702209
10048,500000	-0,663147
10048,375000	-0,641174
10048,250000	-0,642090
10048,125000	-0,649109
10048,000000	-0,692139
10047,875000	-0,675049
10047,750000	-0,670166
10047,625000	-0,669250
10047,500000	-0,678406
10047,375000	-0,669861
10047,250000	-0,673828
10047,125000	-0,671997
10047,000000	-0,676269
10046,875000	-0,651550
10046,750000	-0,687256
10046,625000	-0,645142
10046,500000	-0,644226
10046,375000	-0,674133
10046,250000	-0,669861
10046,125000	-0,661011
10046,000000	-0,672302
10045,875000	-0,670776
10045,750000	-0,668945
10045,625000	-0,697632
10045,500000	-0,653381
10045,375000	-0,654297
10045,250000	-0,654602
10045,125000	-0,682068
10045,000000	-0,662842
10044,875000	-0,644226
10044,750000	-0,643921
10044,625000	-0,664368
10044,500000	-0,643616
10044,375000	-0,650024
10044,250000	-0,648498
10044,125000	-0,696106
10044,000000	-0,664062
10043,875000	-0,681457
10043,750000	-0,657654
10043,625000	-0,657959
10043,500000	-0,656433
10043,375000	-0,660400
10043,250000	-0,673828
10043,125000	-0,669556
10043,000000	-0,671692
10042,875000	-0,680542
10042,750000	-0,675659
10042,625000	-0,682068
10042,500000	-0,679932
10042,375000	-0,652466
10042,250000	-0,670166
10042,125000	-0,647278
10042,000000	-0,668640
10041,875000	-0,667419
10041,750000	-0,672913
10041,625000	-0,687866
10041,500000	-0,687256
10041,375000	-0,686951
10041,250000	-0,651550
10041,125000	-0,688171
10041,000000	-0,639038
10040,875000	-0,676269
10040,750000	-0,675354
10040,625000	-0,660095
10040,500000	-0,649109
10040,375000	-0,690002
10040,250000	-0,689087
10040,125000	-0,664368
10040,000000	-0,648804
10039,875000	-0,677795
10039,750000	-0,677795
10039,625000	-0,678406
10039,500000	-0,651245
10039,375000	-0,701599
10039,250000	-0,675049
10039,125000	-0,657349
10039,000000	-0,662231
10038,875000	-0,647583
10038,750000	-0,632629
10038,625000	-0,674438
10038,500000	-0,673523
10038,375000	-0,668640
10038,250000	-0,676269
10038,125000	-0,681763
10038,000000	-0,677490
10037,875000	-0,677795
10037,750000	-0,649109
10037,625000	-0,694885
10037,500000	-0,693359
10037,375000	-0,694885
10037,250000	-0,650024
10037,125000	-0,707703
10037,000000	-0,668945
10036,875000	-0,666809
10036,750000	-0,669556
10036,625000	-0,656738
10036,500000	-0,668640
10036,375000	-0,675049
10036,250000	-0,672302
10036,125000	-0,675354
10036,000000	-0,708618
10035,875000	-0,653076
10035,750000	-0,679626
10035,625000	-0,679016
10035,500000	-0,694885
10035,375000	-0,694885
10035,250000	-0,675354
10035,125000	-0,674744
10035,000000	-0,691528
10034,875000	-0,681763
10034,750000	-0,651245
10034,625000	-0,663452
10034,500000	-0,661621
10034,375000	-0,676880
10034,250000	-0,669861
10034,125000	-0,690918
10034,000000	-0,694580
10033,875000	-0,694275
10033,750000	-0,672913
10033,625000	-0,654907
10033,500000	-0,672607
10033,375000	-0,670776
10033,250000	-0,693970
10033,125000	-0,641479
10033,000000	-0,672607
10032,875000	-0,700378
10032,750000	-0,700684
10032,625000	-0,649719
10032,500000	-0,658264
10032,375000	-0,702515
10032,250000	-0,700378
10032,125000	-0,665283
10032,000000	-0,665893
10031,875000	-0,673828
10031,750000	-0,681152
10031,625000	-0,681457
10031,500000	-0,693054
10031,375000	-0,672302
10031,250000	-0,650330
10031,125000	-0,720825
10031,000000	-0,724487
10030,875000	-0,675049
10030,750000	-0,697937
10030,625000	-0,680237
10030,500000	-0,677185
10030,375000	-0,669556
10030,250000	-0,673523
10030,125000	-0,644226
10030,000000	-0,639648
10029,875000	-0,661011
10029,750000	-0,669861
10029,625000	-0,645752
10029,500000	-0,657043
10029,375000	-0,657959
10029,250000	-0,685730
10029,125000	-0,660705
10029,000000	-0,657654
10028,875000	-0,687866
10028,750000	-0,689087
10028,625000	-0,730591
10028,500000	-0,652161
10028,375000	-0,664368
10028,250000	-0,661621
10028,125000	-0,672302
10028,000000	-0,655823
10027,875000	-0,694275
10027,750000	-0,672302
10027,625000	-0,672302
10027,500000	-0,673218
10027,375000	-0,644226
10027,250000	-0,653992
10027,125000	-0,654907
10027,000000	-0,713196
10026,875000	-0,703125
10026,750000	-0,672607
10026,625000	-0,694275
10026,500000	-0,693970
10026,375000	-0,671387
10026,250000	-0,647278
10026,125000	-0,653686
10026,000000	-0,641785
10025,875000	-0,658264
10025,750000	-0,713196
10025,625000	-0,659180
10025,500000	-0,640869
10025,375000	-0,638122
10025,250000	-0,644836
10025,125000	-0,653076
10025,000000	-0,704346
10024,875000	-0,683288
10024,750000	-0,685425
10024,625000	-0,656433
10024,500000	-0,682373
10024,375000	-0,669861
10024,250000	-0,668945
10024,125000	-0,727234
10024,000000	-0,696106
10023,875000	-0,661926
10023,750000	-0,677795
10023,625000	-0,677795
10023,500000	-0,671081
10023,375000	-0,692749
10023,250000	-0,666199
10023,125000	-0,688782
10023,000000	-0,693359
10022,875000	-0,683594
10022,750000	-0,677490
10022,625000	-0,659180
10022,500000	-0,658874
10022,375000	-0,654297
10022,250000	-0,681763
10022,125000	-0,678711
10022,000000	-0,673218
10021,875000	-0,673523
10021,750000	-0,650024
10021,625000	-0,660705
10021,500000	-0,679626
10021,375000	-0,679626
10021,250000	-0,662537
10021,125000	-0,673828
10021,000000	-0,692444
10020,875000	-0,703430
10020,750000	-0,707092
10020,625000	-0,685425
10020,500000	-0,666809
10020,375000	-0,662231
10020,250000	-0,663757
10020,125000	-0,655517
10020,000000	-0,681763
10019,875000	-0,627746
10019,750000	-0,699463
10019,625000	-0,696411
10019,500000	-0,693664
10019,375000	-0,653076
10019,250000	-0,657043
10019,125000	-0,656433
10019,000000	-0,694275
10018,875000	-0,671081
10018,750000	-0,667419
10018,625000	-0,680542
10018,500000	-0,682068
10018,375000	-0,674133
10018,250000	-0,661621
10018,125000	-0,708923
10018,000000	-0,706177
10017,875000	-0,689697
10017,750000	-0,662231
10017,625000	-0,689697
10017,500000	-0,650940
10017,375000	-0,649414
10017,250000	-0,663452
10017,125000	-0,681152
10017,000000	-0,676269
10016,875000	-0,642395
10016,750000	-0,640869
10016,625000	-0,624390
10016,500000	-0,686645
10016,375000	-0,667419
10016,250000	-0,667725
10016,125000	-0,626221
10016,000000	-0,657349
10015,875000	-0,675354
10015,750000	-0,680237
10015,625000	-0,678101
10015,500000	-0,667114
10015,375000	-0,648193
10015,250000	-0,659485
10015,125000	-0,702515
10015,000000	-0,690002
10014,875000	-0,664368
10014,750000	-0,703430
10014,625000	-0,698547
10014,500000	-0,698852
10014,375000	-0,630798
10014,250000	-0,687256
10014,125000	-0,671997
10014,000000	-0,657043
10013,875000	-0,657959
10013,750000	-0,639954
10013,625000	-0,680542
10013,500000	-0,643921
10013,375000	-0,645142
10013,250000	-0,690308
10013,125000	-0,664673
10013,000000	-0,675049
10012,875000	-0,711365
10012,750000	-0,711059
10012,625000	-0,657043
10012,500000	-0,668030
10012,375000	-0,661621
10012,250000	-0,661011
10012,125000	-0,679016
10012,000000	-0,680237
10011,875000	-0,664062
10011,750000	-0,691833
10011,625000	-0,691223
10011,500000	-0,665283
10011,375000	-0,650330
10011,250000	-0,695801
10011,125000	-0,669861
10011,000000	-0,661316
10010,875000	-0,691833
10010,750000	-0,658264
10010,625000	-0,682983
10010,500000	-0,681457
10010,375000	-0,658264
10010,250000	-0,661926
10010,125000	-0,699158
10010,000000	-0,665283
10009,875000	-0,666199
10009,750000	-0,664673
10009,625000	-0,676575
10009,500000	-0,646057
10009,375000	-0,646057
10009,250000	-0,669250
10009,125000	-0,678711
10009,000000	-0,648804
10008,875000	-0,656738
10008,750000	-0,660400
10008,625000	-0,670166
10008,500000	-0,659790
10008,375000	-0,687256
10008,250000	-0,686035
10008,125000	-0,686035
10008,000000	-0,658264
10007,875000	-0,668030
10007,750000	-0,643005
10007,625000	-0,643005
10007,500000	-0,644531
10007,375000	-0,663147
10007,250000	-0,697937
10007,125000	-0,673523
10007,000000	-0,675964
10006,875000	-0,704346
10006,750000	-0,666504
10006,625000	-0,664368
10006,500000	-0,665588
10006,375000	-0,690002
10006,250000	-0,653076
10006,125000	-0,709839
10006,000000	-0,672302
10005,875000	-0,671387
10005,750000	-0,669861
10005,625000	-0,678101
10005,500000	-0,637817
10005,375000	-0,636902
10005,250000	-0,669556
10005,125000	-0,702209
10005,000000	-0,686340
10004,875000	-0,687561
10004,750000	-0,691528
10004,625000	-0,662231
10004,500000	-0,669861
10004,375000	-0,649719
10004,250000	-0,650024
10004,125000	-0,647583
10004,000000	-0,605163
10003,875000	-0,668640
10003,750000	-0,682373
10003,625000	-0,681763
10003,500000	-0,651245
10003,375000	-0,668945
10003,250000	-0,677185
10003,125000	-0,662231
10003,000000	-0,666199
10002,875000	-0,636902
10002,750000	-0,663452
10002,625000	-0,699158
10002,500000	-0,699768
10002,375000	-0,656738
10002,250000	-0,683594
10002,125000	-0,663757
10002,000000	-0,661621
10001,875000	-0,658874
10001,750000	-0,665283
10001,625000	-0,650024
10001,500000	-0,671692
10001,375000	-0,671387
10001,250000	-0,681763
10001,125000	-0,679321
10001,000000	-0,682983
10000,875000	-0,646973
10000,750000	-0,652466
10000,625000	-0,609131
10000,500000	-0,677795
10000,375000	-0,690918
10000,250000	-0,689697
10000,125000	-0,676575
10000,000000	-0,681457
