Zeitstempel: 18.9.2013 15:00:05
Signalquelle: Sample/Hold Verstärker
Modus: FM


Bemerkung: Durchlaufzeit 50s
FM
Strom Helmholtz 45mA
Amplitude 45mV
Richtung min<-max
min Frequenz 6600Hz
max Frequenz 7000Hz

Frequenz in Hz	S/H-Signal in V
6999.875000	-0.678406
6999.750000	-0.699768
6999.625000	-0.676880
6999.500000	-0.686951
6999.375000	-0.664368
6999.250000	-0.639343
6999.125000	-0.676269
6999.000000	-0.674744
6998.875000	-0.664368
6998.750000	-0.663147
6998.625000	-0.653992
6998.500000	-0.675964
6998.375000	-0.675659
6998.250000	-0.664368
6998.125000	-0.642395
6998.000000	-0.652466
6997.875000	-0.648498
6997.750000	-0.669861
6997.625000	-0.682373
6997.500000	-0.656433
6997.375000	-0.664368
6997.250000	-0.663452
6997.125000	-0.675964
6997.000000	-0.709839
6996.875000	-0.648193
6996.750000	-0.697632
6996.625000	-0.696106
6996.500000	-0.653381
6996.375000	-0.631103
6996.250000	-0.668030
6996.125000	-0.668945
6996.000000	-0.649719
6995.875000	-0.722351
6995.750000	-0.632019
6995.625000	-0.704040
6995.500000	-0.723267
6995.375000	-0.655517
6995.250000	-0.621033
6995.125000	-0.702209
6995.000000	-0.701599
6994.875000	-0.703735
6994.750000	-0.691833
6994.625000	-0.692444
6994.500000	-0.651550
6994.375000	-0.653686
6994.250000	-0.671997
6994.125000	-0.682068
6994.000000	-0.689392
6993.875000	-0.687256
6993.750000	-0.690308
6993.625000	-0.672302
6993.500000	-0.665893
6993.375000	-0.685730
6993.250000	-0.685425
6993.125000	-0.649719
6993.000000	-0.629883
6992.875000	-0.679626
6992.750000	-0.658874
6992.625000	-0.661926
6992.500000	-0.661011
6992.375000	-0.646667
6992.250000	-0.664368
6992.125000	-0.664368
6992.000000	-0.683288
6991.875000	-0.677185
6991.750000	-0.645447
6991.625000	-0.644836
6991.500000	-0.644836
6991.375000	-0.672302
6991.250000	-0.673218
6991.125000	-0.661316
6991.000000	-0.661926
6990.875000	-0.697632
6990.750000	-0.672302
6990.625000	-0.663452
6990.500000	-0.686035
6990.375000	-0.685425
6990.250000	-0.697937
6990.125000	-0.705261
6990.000000	-0.652466
6989.875000	-0.652466
6989.750000	-0.668945
6989.625000	-0.666504
6989.500000	-0.659790
6989.375000	-0.648498
6989.250000	-0.646973
6989.125000	-0.684204
6989.000000	-0.677795
6988.875000	-0.628662
6988.750000	-0.627136
6988.625000	-0.623169
6988.500000	-0.702820
6988.375000	-0.665283
6988.250000	-0.650635
6988.125000	-0.651550
6988.000000	-0.620422
6987.875000	-0.665893
6987.750000	-0.661011
6987.625000	-0.702820
6987.500000	-0.712280
6987.375000	-0.666199
6987.250000	-0.662231
6987.125000	-0.663757
6987.000000	-0.663452
6986.875000	-0.735474
6986.750000	-0.723572
6986.625000	-0.714111
6986.500000	-0.686035
6986.375000	-0.686645
6986.250000	-0.644531
6986.125000	-0.654297
6986.000000	-0.698547
6985.875000	-0.698242
6985.750000	-0.611572
6985.625000	-0.672302
6985.500000	-0.674133
6985.375000	-0.677490
6985.250000	-0.675659
6985.125000	-0.625000
6985.000000	-0.689697
6984.875000	-0.666199
6984.750000	-0.665588
6984.625000	-0.682068
6984.500000	-0.722961
6984.375000	-0.727844
6984.250000	-0.677185
6984.125000	-0.675659
6984.000000	-0.684509
6983.875000	-0.627441
6983.750000	-0.662231
6983.625000	-0.656128
6983.500000	-0.649414
6983.375000	-0.667114
6983.250000	-0.670471
6983.125000	-0.648498
6983.000000	-0.648804
6982.875000	-0.593567
6982.750000	-0.710144
6982.625000	-0.650940
6982.500000	-0.628662
6982.375000	-0.627441
6982.250000	-0.629272
6982.125000	-0.705566
6982.000000	-0.687256
6981.875000	-0.686951
6981.750000	-0.680237
6981.625000	-0.661011
6981.500000	-0.672607
6981.375000	-0.695496
6981.250000	-0.694580
6981.125000	-0.681152
6981.000000	-0.649109
6980.875000	-0.677490
6980.750000	-0.676269
6980.625000	-0.667419
6980.500000	-0.701294
6980.375000	-0.664673
6980.250000	-0.683594
6980.125000	-0.682068
6980.000000	-0.674438
6979.875000	-0.635986
6979.750000	-0.652771
6979.625000	-0.712585
6979.500000	-0.700989
6979.375000	-0.668640
6979.250000	-0.637207
6979.125000	-0.664062
6979.000000	-0.663452
6978.875000	-0.670471
6978.750000	-0.690613
6978.625000	-0.667114
6978.500000	-0.612793
6978.375000	-0.612488
6978.250000	-0.675354
6978.125000	-0.668640
6978.000000	-0.677795
6977.875000	-0.678101
6977.750000	-0.661621
6977.625000	-0.663452
6977.500000	-0.682373
6977.375000	-0.681457
6977.250000	-0.682678
6977.125000	-0.676880
6977.000000	-0.689392
6976.875000	-0.666504
6976.750000	-0.664368
6976.625000	-0.662231
6976.500000	-0.730896
6976.375000	-0.675964
6976.250000	-0.670776
6976.125000	-0.670471
6976.000000	-0.662537
6975.875000	-0.617981
6975.750000	-0.681763
6975.625000	-0.661316
6975.500000	-0.648498
6975.375000	-0.698547
6975.250000	-0.693970
6975.125000	-0.703125
6975.000000	-0.702209
6974.875000	-0.677490
6974.750000	-0.706482
6974.625000	-0.671997
6974.500000	-0.621033
6974.375000	-0.620422
6974.250000	-0.698547
6974.125000	-0.671387
6974.000000	-0.676880
6973.875000	-0.674438
6973.750000	-0.675049
6973.625000	-0.597839
6973.500000	-0.631103
6973.375000	-0.664062
6973.250000	-0.664062
6973.125000	-0.637512
6973.000000	-0.626831
6972.875000	-0.677795
6972.750000	-0.677795
6972.625000	-0.682068
6972.500000	-0.675354
6972.375000	-0.642395
6972.250000	-0.660400
6972.125000	-0.659790
6972.000000	-0.657959
6971.875000	-0.702515
6971.750000	-0.618286
6971.625000	-0.711365
6971.500000	-0.710754
6971.375000	-0.673218
6971.250000	-0.654907
6971.125000	-0.675659
6971.000000	-0.675659
6970.875000	-0.711365
6970.750000	-0.628662
6970.625000	-0.659180
6970.500000	-0.662537
6970.375000	-8.726196
6970.250000	-0.652466
6970.125000	-0.685730
6970.000000	-0.652466
6969.875000	-0.648498
6969.750000	-0.672913
6969.625000	-0.671692
6969.500000	-0.692139
6969.375000	-0.640259
6969.250000	-0.639648
6969.125000	-0.687866
6969.000000	-0.667419
6968.875000	-0.636597
6968.750000	-0.632324
6968.625000	-0.705566
6968.500000	-0.666199
6968.375000	-0.671692
6968.250000	-0.640869
6968.125000	-0.639038
6968.000000	-0.642700
6967.875000	-0.710754
6967.750000	-0.670166
6967.625000	-0.636597
6967.500000	-0.639954
6967.375000	-0.658264
6967.250000	-0.648498
6967.125000	-0.629883
6967.000000	-0.630188
6966.875000	-0.652161
6966.750000	-0.680237
6966.625000	-0.675049
6966.500000	-0.645142
6966.375000	-0.645142
6966.250000	-0.629883
6966.125000	-0.692139
6966.000000	-0.684814
6965.875000	-0.683594
6965.750000	-0.591431
6965.625000	-0.662537
6965.500000	-0.663452
6965.375000	-0.711670
6965.250000	-0.712891
6965.125000	-0.687561
6965.000000	-0.671387
6964.875000	-0.667114
6964.750000	-0.666809
6964.625000	-0.674133
6964.500000	-0.671997
6964.375000	-0.680237
6964.250000	-0.661011
6964.125000	-0.660400
6964.000000	-0.671997
6963.875000	-0.665283
6963.750000	-0.658264
6963.625000	-0.675354
6963.500000	-0.675049
6963.375000	-0.649109
6963.250000	-0.613098
6963.125000	-0.642090
6963.000000	-0.642700
6962.875000	-0.690918
6962.750000	-0.687561
6962.625000	-0.661621
6962.500000	-0.717163
6962.375000	-0.718384
6962.250000	-0.660705
6962.125000	-0.648804
6962.000000	-0.700378
6961.875000	-0.696716
6961.750000	-0.701904
6961.625000	-0.655823
6961.500000	-0.712280
6961.375000	-0.694580
6961.250000	-0.694580
6961.125000	-0.671997
6961.000000	-0.673523
6960.875000	-0.675659
6960.750000	-0.680237
6960.625000	-0.679932
6960.500000	-0.642090
6960.375000	-0.614319
6960.250000	-0.636597
6960.125000	-0.634460
6960.000000	-0.675964
6959.875000	-0.634155
6959.750000	-0.698547
6959.625000	-0.677185
6959.500000	-0.676880
6959.375000	-0.667725
6959.250000	-0.653381
6959.125000	-0.668640
6959.000000	-0.668640
6958.875000	-0.672913
6958.750000	-0.664978
6958.625000	-0.695801
6958.500000	-0.636597
6958.375000	-0.634766
6958.250000	-0.646667
6958.125000	-0.647888
6958.000000	-0.673218
6957.875000	-0.666504
6957.750000	-0.677490
6957.625000	-0.677185
6957.500000	-0.659790
6957.375000	-0.674438
6957.250000	-0.675049
6957.125000	-0.643616
6957.000000	-0.640869
6956.875000	-0.683899
6956.750000	-0.707397
6956.625000	-0.710449
6956.500000	-0.632629
6956.375000	-0.675964
6956.250000	-0.662231
6956.125000	-0.664673
6956.000000	-0.630493
6955.875000	-0.639038
6955.750000	-0.680847
6955.625000	-0.647888
6955.500000	-0.654907
6955.375000	-0.692749
6955.250000	-0.658569
6955.125000	-0.678711
6955.000000	-0.678406
6954.875000	-0.653381
6954.750000	-0.684509
6954.625000	-0.633850
6954.500000	-0.613403
6954.375000	-0.613403
6954.250000	-0.682983
6954.125000	-0.686035
6954.000000	-0.671081
6953.875000	-0.671081
6953.750000	-0.668640
6953.625000	-0.670471
6953.500000	-0.666504
6953.375000	-0.636291
6953.250000	-0.635376
6953.125000	-0.663452
6953.000000	-0.675049
6952.875000	-0.663452
6952.750000	-0.662537
6952.625000	-0.657654
6952.500000	-0.672302
6952.375000	-0.660400
6952.250000	-0.668945
6952.125000	-0.667114
6952.000000	-0.693664
6951.875000	-0.660400
6951.750000	-0.662842
6951.625000	-0.635681
6951.500000	-0.639038
6951.375000	-0.662842
6951.250000	-0.738525
6951.125000	-0.669861
6951.000000	-0.669556
6950.875000	-0.661926
6950.750000	-0.660095
6950.625000	-0.649719
6950.500000	-0.643616
6950.375000	-0.643616
6950.250000	-0.674744
6950.125000	-0.691223
6950.000000	-0.685730
6949.875000	-0.685120
6949.750000	-0.663147
6949.625000	-0.706177
6949.500000	-0.676269
6949.375000	-0.653076
6949.250000	-0.652771
6949.125000	-0.615539
6949.000000	-0.658264
6948.875000	-0.647278
6948.750000	-0.645752
6948.625000	-0.668335
6948.500000	-0.688782
6948.375000	-0.663757
6948.250000	-0.659180
6948.125000	-0.661011
6948.000000	-0.668640
6947.875000	-0.686951
6947.750000	-0.630798
6947.625000	-0.667725
6947.500000	-0.668335
6947.375000	-0.605163
6947.250000	-0.651550
6947.125000	-0.630493
6947.000000	-0.629578
6946.875000	-0.646362
6946.750000	-0.614624
6946.625000	-0.672302
6946.500000	-0.648804
6946.375000	-0.648193
6946.250000	-0.648193
6946.125000	-0.665588
6946.000000	-0.629578
6945.875000	-0.625610
6945.750000	-0.664368
6945.625000	-0.664673
6945.500000	-0.684204
6945.375000	-0.644531
6945.250000	-0.644226
6945.125000	-0.678406
6945.000000	-0.634155
6944.875000	-0.685120
6944.750000	-0.720520
6944.625000	-0.720825
6944.500000	-0.669861
6944.375000	-0.619507
6944.250000	-0.672913
6944.125000	-0.671997
6944.000000	-0.665588
6943.875000	-0.609741
6943.750000	-0.621643
6943.625000	-0.685120
6943.500000	-0.684814
6943.375000	-0.700073
6943.250000	-0.609741
6943.125000	-0.665283
6943.000000	-0.662231
6942.875000	-0.635681
6942.750000	-0.658569
6942.625000	-0.590515
6942.500000	-0.647278
6942.375000	-0.645142
6942.250000	-0.711975
6942.125000	-0.644836
6942.000000	-0.633545
6941.875000	-0.631714
6941.750000	-0.659485
6941.625000	-0.642395
6941.500000	-0.671997
6941.375000	-0.658264
6941.250000	-0.658569
6941.125000	-0.674133
6941.000000	-0.666199
6940.875000	-0.661011
6940.750000	-0.657654
6940.625000	-0.687561
6940.500000	-0.705261
6940.375000	-0.634155
6940.250000	-0.676269
6940.125000	-0.674744
6940.000000	-0.639343
6939.875000	-0.690308
6939.750000	-0.619507
6939.625000	-0.658264
6939.500000	-0.657043
6939.375000	-0.650330
6939.250000	-0.672913
6939.125000	-0.677795
6939.000000	-0.676880
6938.875000	-0.664673
6938.750000	-0.684509
6938.625000	-0.691223
6938.500000	-0.683288
6938.375000	-0.683594
6938.250000	-0.686645
6938.125000	-0.625915
6938.000000	-0.683288
6937.875000	-0.653686
6937.750000	-0.659790
6937.625000	-0.664062
6937.500000	-0.699158
6937.375000	-0.664368
6937.250000	-0.660705
6937.125000	-0.632934
6937.000000	-0.632019
6936.875000	-0.629272
6936.750000	-0.656433
6936.625000	-0.655517
6936.500000	-0.619812
6936.375000	-0.651550
6936.250000	-0.633240
6936.125000	-0.632934
6936.000000	-0.649719
6935.875000	-0.623169
6935.750000	-0.625915
6935.625000	-0.641479
6935.500000	-0.641479
6935.375000	-0.675964
6935.250000	-0.679932
6935.125000	-0.618591
6935.000000	-0.619202
6934.875000	-0.683899
6934.750000	-0.621033
6934.625000	-0.657959
6934.500000	-0.640259
6934.375000	-0.640259
6934.250000	-0.682678
6934.125000	-0.653381
6934.000000	-0.682678
6933.875000	-0.683594
6933.750000	-0.628967
6933.625000	-0.660400
6933.500000	-0.668945
6933.375000	-0.647888
6933.250000	-0.647583
6933.125000	-0.645447
6933.000000	-0.642700
6932.875000	-0.647583
6932.750000	-0.641785
6932.625000	-0.637207
6932.500000	-0.654297
6932.375000	-0.635071
6932.250000	-0.650330
6932.125000	-0.648193
6932.000000	-0.620117
6931.875000	-0.623169
6931.750000	-0.666809
6931.625000	-0.635376
6931.500000	-0.635071
6931.375000	-0.686035
6931.250000	-0.649719
6931.125000	-0.649719
6931.000000	-0.648498
6930.875000	-0.616760
6930.750000	-0.642395
6930.625000	-0.640869
6930.500000	-0.653686
6930.375000	-0.653686
6930.250000	-0.646667
6930.125000	-0.640869
6930.000000	-0.631103
6929.875000	-0.671692
6929.750000	-0.634155
6929.625000	-0.619507
6929.500000	-0.657654
6929.375000	-0.669556
6929.250000	-0.668335
6929.125000	-0.656738
6929.000000	-0.632019
6928.875000	-0.642395
6928.750000	-0.653992
6928.625000	-0.651550
6928.500000	-0.654602
6928.375000	-0.600281
6928.250000	-0.632324
6928.125000	-0.632324
6928.000000	-0.648804
6927.875000	-0.617676
6927.750000	-0.637207
6927.625000	-0.650330
6927.500000	-0.649109
6927.375000	-0.615234
6927.250000	-0.658264
6927.125000	-0.675964
6927.000000	-0.676269
6926.875000	-0.671997
6926.750000	-0.633850
6926.625000	-0.669250
6926.500000	-0.629883
6926.375000	-0.628967
6926.250000	-0.641174
6926.125000	-0.644836
6926.000000	-0.647888
6925.875000	-0.647583
6925.750000	-0.599670
6925.625000	-0.625000
6925.500000	-0.617371
6925.375000	-0.605163
6925.250000	-0.603943
6925.125000	-0.653686
6925.000000	-0.628052
6924.875000	-0.660705
6924.750000	-0.642395
6924.625000	-0.641785
6924.500000	-0.622253
6924.375000	-0.666504
6924.250000	-0.623474
6924.125000	-0.623779
6924.000000	-0.652466
6923.875000	-0.686340
6923.750000	-0.689392
6923.625000	-0.604858
6923.500000	-0.603943
6923.375000	-0.628052
6923.250000	-0.612488
6923.125000	-0.629578
6923.000000	-0.628052
6922.875000	-0.617371
6922.750000	-0.627746
6922.625000	-0.610046
6922.500000	-0.630188
6922.375000	-0.630188
6922.250000	-0.641479
6922.125000	-0.685425
6922.000000	-0.642700
6921.875000	-0.637817
6921.750000	-0.643921
6921.625000	-0.604858
6921.500000	-0.614929
6921.375000	-0.606079
6921.250000	-0.605774
6921.125000	-0.610657
6921.000000	-0.636291
6920.875000	-0.603027
6920.750000	-0.583191
6920.625000	-0.581665
6920.500000	-0.590820
6920.375000	-0.640259
6920.250000	-0.650940
6920.125000	-0.651245
6920.000000	-0.626831
6919.875000	-0.680847
6919.750000	-0.621033
6919.625000	-0.662842
6919.500000	-0.662842
6919.375000	-0.639343
6919.250000	-0.617371
6919.125000	-0.640869
6919.000000	-0.639038
6918.875000	-0.634766
6918.750000	-0.610962
6918.625000	-0.610962
6918.500000	-0.614624
6918.375000	-0.612183
6918.250000	-0.640869
6918.125000	-0.611572
6918.000000	-0.606689
6917.875000	-0.628357
6917.750000	-0.631409
6917.625000	-0.633240
6917.500000	-0.619202
6917.375000	-0.651550
6917.250000	-0.652161
6917.125000	-0.629578
6917.000000	-0.599670
6916.875000	-0.644226
6916.750000	-9.008789
6916.625000	-0.703125
6916.500000	-0.568542
6916.375000	-0.575867
6916.250000	-0.597839
6916.125000	-0.599060
6916.000000	-0.568848
6915.875000	-0.624084
6915.750000	-0.613098
6915.625000	-0.640564
6915.500000	-0.641174
6915.375000	-0.613098
6915.250000	-0.602112
6915.125000	-0.612183
6915.000000	-0.609741
6914.875000	-0.579834
6914.750000	-0.605163
6914.625000	-0.584717
6914.500000	-0.602417
6914.375000	-0.599670
6914.250000	-0.627441
6914.125000	-0.676575
6914.000000	-0.650635
6913.875000	-0.647278
6913.750000	-0.600891
6913.625000	-0.580444
6913.500000	-0.638122
6913.375000	-0.614014
6913.250000	-0.611267
6913.125000	-0.615539
6913.000000	-0.586243
6912.875000	-0.587463
6912.750000	-0.582886
6912.625000	-0.607300
6912.500000	-0.553894
6912.375000	-0.574036
6912.250000	-0.581970
6912.125000	-0.580749
6912.000000	-0.534668
6911.875000	-0.658874
6911.750000	-0.585022
6911.625000	-0.590210
6911.500000	-0.591431
6911.375000	-0.548096
6911.250000	-0.572205
6911.125000	-0.579529
6911.000000	-0.578308
6910.875000	-0.547485
6910.750000	-0.595398
6910.625000	-0.607910
6910.500000	-0.589600
6910.375000	-0.588684
6910.250000	-0.584412
6910.125000	-0.556946
6910.000000	-0.580139
6909.875000	-0.577698
6909.750000	-0.552063
6909.625000	-0.542602
6909.500000	-0.558166
6909.375000	-0.580444
6909.250000	-0.578918
6909.125000	-0.567322
6909.000000	-0.579224
6908.875000	-0.601196
6908.750000	-0.587768
6908.625000	-0.588379
6908.500000	-0.583191
6908.375000	-0.577392
6908.250000	-0.567627
6908.125000	-0.567627
6908.000000	-0.580139
6907.875000	-0.609436
6907.750000	-0.554809
6907.625000	-0.610046
6907.500000	-0.611572
6907.375000	-0.577698
6907.250000	-0.606995
6907.125000	-0.559692
6907.000000	-0.556641
6906.875000	-0.586243
6906.750000	-0.570068
6906.625000	-0.579224
6906.500000	-0.572510
6906.375000	-0.571899
6906.250000	-0.534363
6906.125000	-0.581665
6906.000000	-0.560303
6905.875000	-0.554199
6905.750000	-0.559387
6905.625000	-0.584412
6905.500000	-0.588684
6905.375000	-7.616272
6905.250000	-0.566711
6905.125000	-0.561523
6905.000000	-0.560913
6904.875000	-0.563354
6904.750000	-0.521851
6904.625000	-0.521545
6904.500000	-0.562439
6904.375000	-0.526733
6904.250000	-0.559997
6904.125000	-0.559997
6904.000000	-0.543823
6903.875000	-0.591431
6903.750000	-0.606995
6903.625000	-0.529785
6903.500000	-0.529785
6903.375000	-0.567322
6903.250000	-0.531311
6903.125000	-0.556030
6903.000000	-0.552063
6902.875000	-0.554199
6902.750000	-0.526733
6902.625000	-0.498047
6902.500000	-0.520935
6902.375000	-0.520019
6902.250000	-0.552368
6902.125000	-0.605163
6902.000000	-0.524902
6901.875000	-0.499878
6901.750000	-0.503540
6901.625000	-0.471802
6901.500000	-0.505676
6901.375000	-0.536194
6901.250000	-0.535278
6901.125000	-0.529480
6901.000000	-0.536499
6900.875000	-0.556335
6900.750000	-0.505371
6900.625000	-0.506287
6900.500000	-0.537720
6900.375000	-0.498352
6900.250000	-0.516052
6900.125000	-0.516052
6900.000000	-0.502930
6899.875000	-0.495605
6899.750000	-0.517883
6899.625000	-0.524902
6899.500000	-0.525513
6899.375000	-0.489197
6899.250000	-0.501404
6899.125000	-0.510864
6899.000000	-0.509033
6898.875000	-0.522156
6898.750000	-0.530395
6898.625000	-0.526123
6898.500000	-0.539856
6898.375000	-0.538330
6898.250000	-0.498352
6898.125000	-0.485840
6898.000000	-0.528564
6897.875000	-0.538025
6897.750000	-0.541382
6897.625000	-0.481872
6897.500000	-0.488892
6897.375000	-0.449829
6897.250000	-0.450134
6897.125000	-0.535889
6897.000000	-0.478516
6896.875000	-0.468445
6896.750000	-0.473022
6896.625000	-0.471191
6896.500000	-0.512390
6896.375000	-0.502014
6896.250000	-0.473022
6896.125000	-0.473938
6896.000000	-0.511169
6895.875000	-0.513611
6895.750000	-0.467224
6895.625000	-0.465698
6895.500000	-0.466919
6895.375000	-0.473633
6895.250000	-0.435181
6895.125000	-0.446167
6895.000000	-0.446472
6894.875000	-0.552978
6894.750000	-0.415649
6894.625000	-0.450745
6894.500000	-0.456238
6894.375000	-0.455322
6894.250000	-0.450134
6894.125000	-0.459595
6894.000000	-0.431824
6893.875000	-0.431213
6893.750000	-0.428162
6893.625000	-0.426941
6893.500000	-0.482788
6893.375000	-0.436706
6893.250000	-0.437622
6893.125000	-0.456848
6893.000000	-0.449829
6892.875000	-0.459289
6892.750000	-0.453491
6892.625000	-0.447998
6892.500000	-0.476684
6892.375000	-0.445251
6892.250000	-0.445862
6892.125000	-0.445251
6892.000000	-0.468140
6891.875000	-0.442505
6891.750000	-0.461426
6891.625000	-0.451965
6891.500000	-0.450745
6891.375000	-0.419922
6891.250000	-0.439148
6891.125000	-0.437622
6891.000000	-0.433044
6890.875000	-0.424499
6890.750000	-0.430603
6890.625000	-0.439148
6890.500000	-0.447998
6890.375000	-0.448303
6890.250000	-0.420227
6890.125000	-0.434570
6890.000000	-0.423279
6889.875000	-0.408935
6889.750000	-0.410767
6889.625000	-0.428162
6889.500000	-0.443420
6889.375000	-0.416870
6889.250000	-0.416565
6889.125000	-0.379333
6889.000000	-0.405884
6888.875000	-0.373535
6888.750000	-0.353699
6888.625000	-0.364075
6888.500000	-0.460205
6888.375000	-0.434265
6888.250000	-0.387878
6888.125000	-0.386963
6888.000000	-0.408630
6887.875000	-0.365601
6887.750000	-0.410156
6887.625000	-0.424499
6887.500000	-0.425720
6887.375000	-0.394592
6887.250000	-0.383911
6887.125000	-0.416870
6887.000000	-0.416870
6886.875000	-0.359802
6886.750000	-0.425415
6886.625000	-0.397949
6886.500000	-0.429077
6886.375000	-0.429993
6886.250000	-0.346374
6886.125000	-0.408630
6886.000000	-0.319824
6885.875000	-0.315552
6885.750000	-0.379944
6885.625000	-0.390625
6885.500000	-0.356445
6885.375000	-0.379639
6885.250000	-0.380859
6885.125000	-0.376892
6885.000000	-0.350037
6884.875000	-0.349731
6884.750000	-0.343933
6884.625000	-0.380249
6884.500000	-0.348816
6884.375000	-0.343017
6884.250000	-0.334473
6884.125000	-0.334473
6884.000000	-0.344543
6883.875000	-0.342407
6883.750000	-0.337219
6883.625000	-0.284729
6883.500000	-0.287170
6883.375000	-0.327148
6883.250000	-0.340576
6883.125000	-0.252380
6883.000000	-0.252380
6882.875000	-0.357971
6882.750000	-0.377808
6882.625000	-0.354919
6882.500000	-0.352478
6882.375000	-0.352783
6882.250000	-0.319214
6882.125000	-0.320434
6882.000000	-0.317688
6881.875000	-0.314941
6881.750000	-0.299377
6881.625000	-0.360413
6881.500000	-0.281372
6881.375000	-0.301819
6881.250000	-0.301514
6881.125000	-0.292053
6881.000000	-0.317993
6880.875000	-0.305481
6880.750000	-0.307617
6880.625000	-0.314941
6880.500000	-0.262146
6880.375000	-0.307617
6880.250000	-0.299683
6880.125000	-0.297241
6880.000000	-0.320740
6879.875000	-0.285644
6879.750000	-0.275268
6879.625000	-0.257263
6879.500000	-0.258179
6879.375000	-0.275268
6879.250000	-0.222473
6879.125000	-0.243225
6879.000000	-0.243835
6878.875000	-0.233154
6878.750000	-0.275268
6878.625000	-0.220032
6878.500000	-0.260620
6878.375000	-0.258789
6878.250000	-0.296020
6878.125000	-0.330200
6878.000000	-0.203552
6877.875000	-0.289307
6877.750000	-0.290832
6877.625000	-0.265503
6877.500000	-0.276184
6877.375000	-0.270996
6877.250000	-0.268860
6877.125000	-0.292969
6877.000000	-0.279541
6876.875000	-0.291138
6876.750000	-0.273132
6876.625000	-0.273132
6876.500000	-0.241394
6876.375000	-0.209961
6876.250000	-0.161438
6876.125000	-0.159912
6876.000000	-0.220032
6875.875000	-0.196838
6875.750000	-0.244446
6875.625000	-0.249939
6875.500000	-0.248108
6875.375000	-0.227966
6875.250000	-0.261536
6875.125000	-0.237121
6875.000000	-0.231934
6874.875000	-0.225220
6874.750000	-0.258789
6874.625000	-0.237732
6874.500000	-0.228882
6874.375000	-0.225220
6874.250000	-0.215454
6874.125000	-0.170288
6874.000000	-0.227356
6873.875000	-0.197143
6873.750000	-0.201111
6873.625000	-0.225525
6873.500000	-0.209350
6873.375000	-0.168152
6873.250000	-0.165405
6873.125000	-0.184631
6873.000000	-0.170593
6872.875000	-0.179443
6872.750000	-0.214233
6872.625000	-0.213928
6872.500000	-0.166016
6872.375000	-0.132141
6872.250000	-0.226440
6872.125000	-0.222168
6872.000000	-0.156860
6871.875000	-0.180359
6871.750000	-0.193787
6871.625000	-0.123901
6871.500000	-0.123291
6871.375000	-0.202637
6871.250000	-0.205994
6871.125000	-0.180359
6871.000000	-0.174866
6870.875000	-0.175781
6870.750000	-0.173340
6870.625000	-0.155945
6870.500000	-0.173035
6870.375000	-0.168152
6870.250000	-0.167541
6870.125000	-0.157776
6870.000000	-0.130615
6869.875000	-0.148315
6869.750000	-0.147705
6869.625000	-0.038757
6869.500000	-0.135193
6869.375000	-0.103760
6869.250000	-0.101929
6869.125000	-0.146179
6869.000000	-0.105896
6868.875000	-0.196228
6868.750000	-0.099182
6868.625000	-0.096741
6868.500000	-0.111999
6868.375000	-0.108337
6868.250000	-0.107117
6868.125000	-0.105286
6868.000000	-0.129394
6867.875000	-0.109253
6867.750000	-0.138245
6867.625000	-0.068970
6867.500000	-0.069275
6867.375000	-0.098877
6867.250000	-0.072327
6867.125000	-0.166931
6867.000000	-0.162659
6866.875000	-0.057983
6866.750000	-0.099182
6866.625000	-0.068664
6866.500000	-0.090637
6866.375000	-0.088501
6866.250000	-0.072937
6866.125000	-0.096435
6866.000000	-0.064087
6865.875000	-0.072327
6865.750000	-0.074158
6865.625000	-0.080871
6865.500000	-0.060730
6865.375000	-0.031433
6865.250000	-0.031433
6865.125000	-0.066833
6865.000000	-0.061645
6864.875000	-0.072632
6864.750000	-0.107727
6864.625000	-0.104675
6864.500000	-0.037842
6864.375000	-0.083313
6864.250000	-0.064697
6864.125000	-0.064392
6864.000000	-0.002136
6863.875000	-0.017395
6863.750000	-0.033264
6863.625000	-0.065918
6863.500000	-0.061340
6863.375000	-0.052795
6863.250000	-0.075989
6863.125000	-0.019836
6863.000000	-0.018616
6862.875000	-0.057068
6862.750000	-0.021362
6862.625000	-0.001526
6862.500000	0.000610
6862.375000	0.000916
6862.250000	-0.052490
6862.125000	-0.013428
6862.000000	0.001831
6861.875000	-0.002746
6861.750000	-0.003662
6861.625000	0.020447
6861.500000	0.006714
6861.375000	-0.017090
6861.250000	-0.018616
6861.125000	-0.009155
6861.000000	-0.024109
6860.875000	-0.015564
6860.750000	-0.024414
6860.625000	-0.023498
6860.500000	0.036621
6860.375000	0.052795
6860.250000	0.018616
6860.125000	0.020752
6860.000000	0.021057
6859.875000	-0.017090
6859.750000	0.011902
6859.625000	0.033569
6859.500000	0.033875
6859.375000	0.049439
6859.250000	0.028992
6859.125000	0.010376
6859.000000	0.013123
6858.875000	-0.003662
6858.750000	0.078430
6858.625000	0.010071
6858.500000	0.013428
6858.375000	0.014649
6858.250000	0.026245
6858.125000	0.081787
6858.000000	0.027771
6857.875000	0.078125
6857.750000	0.078430
6857.625000	0.071106
6857.500000	0.113831
6857.375000	0.043945
6857.250000	0.043640
6857.125000	0.078735
6857.000000	0.108643
6856.875000	0.129395
6856.750000	0.069885
6856.625000	0.072632
6856.500000	0.073242
6856.375000	0.060730
6856.250000	0.052490
6856.125000	0.054321
6856.000000	0.100708
6855.875000	0.113525
6855.750000	0.050659
6855.625000	0.068665
6855.500000	0.067749
6855.375000	0.108337
6855.250000	0.136719
6855.125000	0.090332
6855.000000	0.091553
6854.875000	0.091248
6854.750000	0.137024
6854.625000	0.089417
6854.500000	0.123596
6854.375000	0.126038
6854.250000	0.099793
6854.125000	0.099182
6854.000000	0.106812
6853.875000	0.111389
6853.750000	0.109558
6853.625000	0.153198
6853.500000	0.162354
6853.375000	0.106201
6853.250000	0.107422
6853.125000	0.150147
6853.000000	0.157166
6852.875000	0.163269
6852.750000	0.122376
6852.625000	0.121155
6852.500000	0.152893
6852.375000	0.128174
6852.250000	0.186462
6852.125000	0.188294
6852.000000	0.183411
6851.875000	0.187073
6851.750000	0.144653
6851.625000	0.194092
6851.500000	0.192566
6851.375000	0.176392
6851.250000	0.125427
6851.125000	0.166931
6851.000000	0.170288
6850.875000	0.155029
6850.750000	0.180969
6850.625000	0.162048
6850.500000	0.191345
6850.375000	0.193176
6850.250000	0.118713
6850.125000	0.198364
6850.000000	0.189209
6849.875000	0.156555
6849.750000	0.156250
6849.625000	0.184326
6849.500000	0.234680
6849.375000	0.171204
6849.250000	0.172424
6849.125000	0.192871
6849.000000	0.274963
6848.875000	0.206909
6848.750000	0.219421
6848.625000	0.219727
6848.500000	0.203552
6848.375000	0.202942
6848.250000	0.219421
6848.125000	0.219727
6848.000000	0.249939
6847.875000	0.238648
6847.750000	0.244751
6847.625000	0.229492
6847.500000	0.227966
6847.375000	0.216065
6847.250000	0.205078
6847.125000	0.244751
6847.000000	0.245972
6846.875000	0.227356
6846.750000	0.218201
6846.625000	0.239868
6846.500000	0.228577
6846.375000	0.227966
6846.250000	0.239868
6846.125000	0.238648
6846.000000	0.224609
6845.875000	0.230103
6845.750000	0.203858
6845.625000	0.215454
6845.500000	0.240784
6845.375000	0.288696
6845.250000	0.290222
6845.125000	0.272827
6845.000000	0.258484
6844.875000	0.212097
6844.750000	0.291138
6844.625000	0.299988
6844.500000	0.283508
6844.375000	0.311890
6844.250000	0.237732
6844.125000	0.237122
6844.000000	0.302429
6843.875000	0.286865
6843.750000	0.283508
6843.625000	0.274048
6843.500000	0.273743
6843.375000	0.282288
6843.250000	0.284729
6843.125000	0.260620
6843.000000	0.261231
6842.875000	0.248413
6842.750000	0.275879
6842.625000	0.293579
6842.500000	0.357666
6842.375000	0.359192
6842.250000	0.294800
6842.125000	0.296326
6842.000000	0.231323
6841.875000	0.267944
6841.750000	0.266724
6841.625000	0.319519
6841.500000	0.325317
6841.375000	0.290527
6841.250000	0.290833
6841.125000	0.313416
6841.000000	0.351868
6840.875000	0.320740
6840.750000	0.321045
6840.625000	0.321655
6840.500000	0.324402
6840.375000	0.337830
6840.250000	0.365296
6840.125000	0.366516
6840.000000	0.318298
6839.875000	0.335693
6839.750000	0.388184
6839.625000	0.356140
6839.500000	0.356445
6839.375000	0.320129
6839.250000	0.348206
6839.125000	0.352783
6839.000000	0.325928
6838.875000	0.358276
6838.750000	0.345764
6838.625000	0.355530
6838.500000	0.355225
6838.375000	0.355225
6838.250000	0.382385
6838.125000	0.379334
6838.000000	0.341187
6837.875000	0.321961
6837.750000	0.322571
6837.625000	0.345154
6837.500000	0.387879
6837.375000	0.377197
6837.250000	0.378113
6837.125000	0.377808
6837.000000	0.377503
6836.875000	0.382385
6836.750000	0.372009
6836.625000	0.372620
6836.500000	0.363159
6836.375000	0.370178
6836.250000	0.408936
6836.125000	0.410462
6836.000000	0.364075
6835.875000	0.374146
6835.750000	0.401306
6835.625000	0.353394
6835.500000	0.353088
6835.375000	0.396423
6835.250000	0.352783
6835.125000	0.357971
6835.000000	0.379028
6834.875000	0.390625
6834.750000	0.393677
6834.625000	0.363770
6834.500000	0.404968
6834.375000	0.407410
6834.250000	0.416870
6834.125000	0.464478
6834.000000	0.357056
6833.875000	0.431213
6833.750000	0.431213
6833.625000	0.395813
6833.500000	0.409546
6833.375000	0.394898
6833.250000	0.397034
6833.125000	0.412293
6833.000000	0.441895
6832.875000	0.407105
6832.750000	0.382996
6832.625000	0.380249
6832.500000	0.438843
6832.375000	0.437317
6832.250000	0.426331
6832.125000	0.424805
6832.000000	0.443726
6831.875000	0.400391
6831.750000	0.442810
6831.625000	0.403748
6831.500000	0.403137
6831.375000	0.413818
6831.250000	0.461121
6831.125000	0.392151
6831.000000	0.398254
6830.875000	0.425110
6830.750000	0.432129
6830.625000	0.453186
6830.500000	0.410767
6830.375000	0.408630
6830.250000	0.429993
6830.125000	0.461121
6830.000000	0.434876
6829.875000	0.520935
6829.750000	0.518494
6829.625000	0.448608
6829.500000	0.434265
6829.375000	0.445862
6829.250000	0.444946
6829.125000	0.422974
6829.000000	0.442810
6828.875000	0.419312
6828.750000	0.465088
6828.625000	0.462341
6828.500000	0.433350
6828.375000	0.416565
6828.250000	0.432129
6828.125000	0.434265
6828.000000	0.485840
6827.875000	0.423889
6827.750000	0.423889
6827.625000	0.419617
6827.500000	0.420837
6827.375000	0.411987
6827.250000	0.467529
6827.125000	0.411377
6827.000000	0.435791
6826.875000	0.447388
6826.750000	0.466614
6826.625000	0.502319
6826.500000	0.422363
6826.375000	0.424194
6826.250000	0.488281
6826.125000	0.479126
6826.000000	0.430603
6825.875000	0.443726
6825.750000	0.445252
6825.625000	0.470276
6825.500000	0.513001
6825.375000	0.441284
6825.250000	0.442505
6825.125000	0.483093
6825.000000	0.469971
6824.875000	0.428772
6824.750000	0.449829
6824.625000	0.450440
6824.500000	0.461121
6824.375000	0.464172
6824.250000	0.438538
6824.125000	0.439453
6824.000000	0.506592
6823.875000	0.467835
6823.750000	0.511475
6823.625000	0.514526
6823.500000	0.513916
6823.375000	0.453491
6823.250000	0.498352
6823.125000	0.471191
6823.000000	0.496826
6822.875000	0.505066
6822.750000	0.426025
6822.625000	0.468445
6822.500000	0.498352
6822.375000	0.497131
6822.250000	0.522461
6822.125000	0.443115
6822.000000	0.469055
6821.875000	0.511170
6821.750000	0.513916
6821.625000	0.475464
6821.500000	0.486145
6821.375000	0.495911
6821.250000	0.496216
6821.125000	0.445557
6821.000000	0.498047
6820.875000	0.516052
6820.750000	0.511475
6820.625000	0.513306
6820.500000	0.494385
6820.375000	0.437927
6820.250000	0.453186
6820.125000	0.455017
6820.000000	0.470581
6819.875000	0.532837
6819.750000	0.507507
6819.625000	0.519714
6819.500000	0.518799
6819.375000	0.473328
6819.250000	0.541077
6819.125000	0.494080
6819.000000	0.486450
6818.875000	0.484619
6818.750000	0.461731
6818.625000	0.512695
6818.500000	0.484619
6818.375000	0.484619
6818.250000	0.468750
6818.125000	0.558777
6818.000000	0.477295
6817.875000	0.499878
6817.750000	0.500488
6817.625000	0.486755
6817.500000	0.475159
6817.375000	0.516358
6817.250000	0.517273
6817.125000	0.509033
6817.000000	0.465698
6816.875000	0.524902
6816.750000	0.527649
6816.625000	0.525208
6816.500000	0.478516
6816.375000	0.454712
6816.250000	0.463562
6816.125000	0.466614
6816.000000	0.471497
6815.875000	0.509949
6815.750000	0.484619
6815.625000	0.468750
6815.500000	0.470581
6815.375000	0.470581
6815.250000	0.479126
6815.125000	0.481873
6815.000000	0.526428
6814.875000	0.525513
6814.750000	0.454712
6814.625000	0.455933
6814.500000	0.429382
6814.375000	0.430603
6814.250000	0.484009
6814.125000	0.466004
6814.000000	0.484619
6813.875000	0.513306
6813.750000	0.514221
6813.625000	0.475159
6813.500000	0.498352
6813.375000	0.471497
6813.250000	0.472107
6813.125000	0.464478
6813.000000	0.492859
6812.875000	0.476074
6812.750000	0.458984
6812.625000	0.458679
6812.500000	0.467224
6812.375000	0.469055
6812.250000	0.468445
6812.125000	0.469971
6812.000000	0.541992
6811.875000	0.476074
6811.750000	0.463257
6811.625000	0.502014
6811.500000	0.502319
6811.375000	0.464783
6811.250000	0.498047
6811.125000	0.463257
6811.000000	0.468750
6810.875000	0.469055
6810.750000	0.424500
6810.625000	0.484314
6810.500000	0.516663
6810.375000	0.516968
6810.250000	0.463562
6810.125000	0.446777
6810.000000	0.440674
6809.875000	0.406799
6809.750000	0.408325
6809.625000	0.498047
6809.500000	0.447693
6809.375000	0.470886
6809.250000	0.471191
6809.125000	0.494995
6809.000000	0.532532
6808.875000	0.502319
6808.750000	0.441589
6808.625000	0.439453
6808.500000	0.461731
6808.375000	0.486145
6808.250000	0.435791
6808.125000	0.436401
6808.000000	0.456238
6807.875000	0.413513
6807.750000	0.465698
6807.625000	0.447083
6807.500000	0.448303
6807.375000	0.441589
6807.250000	0.374146
6807.125000	0.466004
6807.000000	0.440369
6806.875000	0.437927
6806.750000	0.449829
6806.625000	0.423889
6806.500000	0.450745
6806.375000	0.451965
6806.250000	0.424805
6806.125000	0.442810
6806.000000	0.464478
6805.875000	0.420837
6805.750000	0.422974
6805.625000	0.426941
6805.500000	0.437927
6805.375000	0.437317
6805.250000	0.438843
6805.125000	0.440674
6805.000000	0.399780
6804.875000	0.481262
6804.750000	0.435791
6804.625000	0.437927
6804.500000	0.442200
6804.375000	0.464172
6804.250000	0.415344
6804.125000	0.416260
6804.000000	0.388794
6803.875000	0.421143
6803.750000	0.414429
6803.625000	0.393982
6803.500000	0.396729
6803.375000	0.403442
6803.250000	0.403748
6803.125000	0.419312
6803.000000	0.442200
6802.875000	0.440064
6802.750000	0.419006
6802.625000	0.446777
6802.500000	0.438233
6802.375000	0.437317
6802.250000	0.418701
6802.125000	0.428467
6802.000000	0.443421
6801.875000	0.397949
6801.750000	0.398865
6801.625000	0.430603
6801.500000	0.382385
6801.375000	0.411987
6801.250000	0.411072
6801.125000	0.378418
6801.000000	0.395508
6800.875000	0.373230
6800.750000	0.365906
6800.625000	0.365601
6800.500000	0.394592
6800.375000	0.367737
6800.250000	0.370789
6800.125000	0.372009
6800.000000	0.333252
6799.875000	0.362244
6799.750000	0.387268
6799.625000	0.344544
6799.500000	0.346680
6799.375000	0.358887
6799.250000	0.388489
6799.125000	0.356445
6799.000000	0.336914
6798.875000	0.335083
6798.750000	0.384216
6798.625000	0.356751
6798.500000	0.340271
6798.375000	0.342407
6798.250000	0.318909
6798.125000	0.361633
6798.000000	0.314941
6797.875000	0.324707
6797.750000	0.325317
6797.625000	0.382385
6797.500000	0.366516
6797.375000	0.315552
6797.250000	0.317383
6797.125000	0.335388
6797.000000	0.334168
6796.875000	0.355835
6796.750000	0.329590
6796.625000	0.330200
6796.500000	-9.178467
6796.375000	0.307312
6796.250000	0.299683
6796.125000	0.302124
6796.000000	0.346680
6795.875000	0.328369
6795.750000	0.324097
6795.625000	0.307312
6795.500000	0.309448
6795.375000	0.322266
6795.250000	0.271301
6795.125000	0.286255
6795.000000	0.299378
6794.875000	0.298767
6794.750000	0.317383
6794.625000	0.299378
6794.500000	0.341187
6794.375000	0.343018
6794.250000	0.316162
6794.125000	0.301819
6794.000000	0.315247
6793.875000	0.322266
6793.750000	0.322876
6793.625000	0.324402
6793.500000	0.299683
6793.375000	0.313721
6793.250000	0.312500
6793.125000	0.280151
6793.000000	0.292053
6792.875000	0.324402
6792.750000	0.278931
6792.625000	0.280457
6792.500000	0.274963
6792.375000	0.309754
6792.250000	0.277405
6792.125000	0.278931
6792.000000	0.306397
6791.875000	0.288391
6791.750000	0.301819
6791.625000	0.251770
6791.500000	0.254212
6791.375000	0.256043
6791.250000	0.267944
6791.125000	0.256043
6791.000000	0.238037
6790.875000	0.236511
6790.750000	0.271301
6790.625000	0.251160
6790.500000	0.225220
6790.375000	0.225525
6790.250000	0.242310
6790.125000	0.204468
6790.000000	0.238953
6789.875000	0.231934
6789.750000	0.231323
6789.625000	0.234375
6789.500000	0.252991
6789.375000	0.237122
6789.250000	0.236206
6789.125000	0.252686
6789.000000	0.250549
6788.875000	0.224609
6788.750000	0.254212
6788.625000	0.255737
6788.500000	0.285950
6788.375000	0.224304
6788.250000	0.242310
6788.125000	0.208130
6788.000000	0.201721
6787.875000	0.195923
6787.750000	0.188599
6787.625000	0.210266
6787.500000	0.211182
6787.375000	0.183411
6787.250000	0.160217
6787.125000	0.182800
6787.000000	0.200195
6786.875000	0.198670
6786.750000	0.188599
6786.625000	0.209961
6786.500000	0.185547
6786.375000	0.186768
6786.250000	0.194702
6786.125000	0.139771
6786.000000	0.188294
6785.875000	0.218811
6785.750000	0.218506
6785.625000	0.151062
6785.500000	0.129089
6785.375000	0.208130
6785.250000	0.211182
6785.125000	0.164185
6785.000000	0.159302
6784.875000	0.166931
6784.750000	0.166626
6784.625000	0.166931
6784.500000	0.151367
6784.375000	0.161133
6784.250000	0.155029
6784.125000	0.158997
6784.000000	0.130920
6783.875000	0.161438
6783.750000	0.145569
6783.625000	0.151367
6783.500000	0.152283
6783.375000	0.151062
6783.250000	0.149536
6783.125000	0.145569
6783.000000	0.144959
6782.875000	0.144043
6782.750000	0.090637
6782.625000	0.134888
6782.500000	0.083923
6782.375000	0.086060
6782.250000	0.106506
6782.125000	0.099182
6782.000000	0.129700
6781.875000	0.122070
6781.750000	0.124207
6781.625000	0.107422
6781.500000	0.111084
6781.375000	0.078735
6781.250000	0.081482
6781.125000	0.092468
6781.000000	0.059815
6780.875000	0.110169
6780.750000	0.123596
6780.625000	0.123596
6780.500000	0.092774
6780.375000	0.076599
6780.250000	0.078735
6780.125000	0.077820
6780.000000	0.062866
6779.875000	0.097351
6779.750000	0.086365
6779.625000	0.079956
6779.500000	0.079346
6779.375000	0.087891
6779.250000	0.107117
6779.125000	0.114441
6779.000000	0.110169
6778.875000	0.108643
6778.750000	0.056458
6778.625000	0.034485
6778.500000	0.075989
6778.375000	0.075989
6778.250000	0.046692
6778.125000	0.028992
6778.000000	0.064392
6777.875000	0.021973
6777.750000	0.022278
6777.625000	0.052795
6777.500000	0.045776
6777.375000	0.024719
6777.250000	0.025635
6777.125000	0.036621
6777.000000	0.025635
6776.875000	0.042725
6776.750000	0.050964
6776.625000	0.050354
6776.500000	0.066223
6776.375000	0.035400
6776.250000	0.102234
6776.125000	0.000916
6776.000000	-0.029297
6775.875000	0.005188
6775.750000	0.042725
6775.625000	0.024109
6775.500000	0.023499
6775.375000	0.040283
6775.250000	-0.033569
6775.125000	-0.027466
6775.000000	0.026550
6774.875000	0.026550
6774.750000	-0.036621
6774.625000	-0.035095
6774.500000	0.005798
6774.375000	0.007324
6774.250000	0.017090
6774.125000	-0.043640
6774.000000	-0.000915
6773.875000	-0.002746
6773.750000	-0.001831
6773.625000	-0.018310
6773.500000	-0.060120
6773.375000	-0.024719
6773.250000	-0.024109
6773.125000	-0.006409
6773.000000	-0.004883
6772.875000	-0.075989
6772.750000	-0.009766
6772.625000	-0.009766
6772.500000	-0.024719
6772.375000	-0.024719
6772.250000	-0.021667
6772.125000	-0.021973
6772.000000	-0.046997
6771.875000	-0.027161
6771.750000	-0.044861
6771.625000	-0.020142
6771.500000	-0.019226
6771.375000	-0.097961
6771.250000	-0.085144
6771.125000	-0.038757
6771.000000	-0.057068
6770.875000	-0.056763
6770.750000	-0.035095
6770.625000	-0.034180
6770.500000	-0.046997
6770.375000	-0.048828
6770.250000	-0.052795
6770.125000	-0.123291
6770.000000	-0.150757
6769.875000	-0.086670
6769.750000	-0.085144
6769.625000	-0.027466
6769.500000	-0.090942
6769.375000	-0.049133
6769.250000	-0.047302
6769.125000	-0.052795
6769.000000	-0.109253
6768.875000	-0.087280
6768.750000	-0.091553
6768.625000	-0.090332
6768.500000	-0.119018
6768.375000	-0.087280
6768.250000	-0.118408
6768.125000	-0.117798
6768.000000	-0.151062
6767.875000	-0.099487
6767.750000	-0.138855
6767.625000	-0.111999
6767.500000	-0.110168
6767.375000	-0.115662
6767.250000	-0.132751
6767.125000	-0.116577
6767.000000	-0.115967
6766.875000	-0.108337
6766.750000	-0.164795
6766.625000	-0.115356
6766.500000	-0.156860
6766.375000	-0.156860
6766.250000	-0.146484
6766.125000	-0.092468
6766.000000	-0.158691
6765.875000	-0.123901
6765.750000	-0.123901
6765.625000	-0.104370
6765.500000	-0.150757
6765.375000	-0.125427
6765.250000	-0.122681
6765.125000	-0.112915
6765.000000	-0.178833
6764.875000	-0.143127
6764.750000	-0.116577
6764.625000	-0.118103
6764.500000	-0.152893
6764.375000	-0.128174
6764.250000	-0.162659
6764.125000	-0.170898
6764.000000	-0.171204
6763.875000	-0.156555
6763.750000	-0.149231
6763.625000	-0.161743
6763.500000	-0.160828
6763.375000	-0.139770
6763.250000	-0.164490
6763.125000	-0.126038
6763.000000	-0.140686
6762.875000	-0.140991
6762.750000	-0.178833
6762.625000	-0.154724
6762.500000	-0.175171
6762.375000	-0.172729
6762.250000	-0.157165
6762.125000	-0.161133
6762.000000	-8.696899
6761.875000	-0.165405
6761.750000	-0.164490
6761.625000	-0.178223
6761.500000	-0.180969
6761.375000	-0.234375
6761.250000	-0.231323
6761.125000	-0.196533
6761.000000	-0.191955
6760.875000	-0.264282
6760.750000	-0.191040
6760.625000	-0.190735
6760.500000	-0.213623
6760.375000	-0.231934
6760.250000	-0.175781
6760.125000	-0.182495
6760.000000	-0.200195
6759.875000	-0.229492
6759.750000	-0.251465
6759.625000	-0.160217
6759.500000	-0.158386
6759.375000	-0.193176
6759.250000	-0.244446
6759.125000	-0.203552
6759.000000	-0.264892
6758.875000	-0.264892
6758.750000	-0.199280
6758.625000	-0.243835
6758.500000	-0.288696
6758.375000	-0.287781
6758.250000	-0.197143
6758.125000	-0.219421
6758.000000	-0.229187
6757.875000	-0.216370
6757.750000	-0.215149
6757.625000	-0.253296
6757.500000	-0.211792
6757.375000	-0.292663
6757.250000	-0.289917
6757.125000	-0.264892
6757.000000	-0.242615
6756.875000	-0.233459
6756.750000	-0.240784
6756.625000	-0.238647
6756.500000	-0.221252
6756.375000	-0.263367
6756.250000	-0.235596
6756.125000	-0.299072
6756.000000	-0.332336
6755.875000	-0.239258
6755.750000	-0.250854
6755.625000	-0.271606
6755.500000	-0.270080
6755.375000	-0.265503
6755.250000	-0.247192
6755.125000	-0.242615
6755.000000	-0.273437
6754.875000	-0.276489
6754.750000	-0.303650
6754.625000	-0.271912
6754.500000	-0.274658
6754.375000	-0.271912
6754.250000	-0.258789
6754.125000	-0.298767
6754.000000	-0.330810
6753.875000	-0.283508
6753.750000	-0.281067
6753.625000	-0.320129
6753.500000	-0.275574
6753.375000	-0.299683
6753.250000	-0.296631
6753.125000	-0.300598
6753.000000	-0.239868
6752.875000	-0.268860
6752.750000	-0.264587
6752.625000	-0.264282
6752.500000	-0.340576
6752.375000	-0.311584
6752.250000	-0.309143
6752.125000	-0.309448
6752.000000	-0.302429
6751.875000	-0.339966
6751.750000	-0.286255
6751.625000	-0.338745
6751.500000	-0.337219
6751.375000	-0.363159
6751.250000	-0.334167
6751.125000	-0.328979
6751.000000	-0.270386
6750.875000	-0.270080
6750.750000	-0.335693
6750.625000	-0.357056
6750.500000	-0.338745
6750.375000	-0.339661
6750.250000	-0.342102
6750.125000	-0.315552
6750.000000	-7.884216
6749.875000	-0.397034
6749.750000	-0.396728
6749.625000	-0.357056
6749.500000	-0.379333
6749.375000	-0.388794
6749.250000	-0.385742
6749.125000	-0.294189
6749.000000	-0.369263
6748.875000	-0.281982
6748.750000	-0.386658
6748.625000	-0.388184
6748.500000	-0.348816
6748.375000	-0.369873
6748.250000	-0.333252
6748.125000	-0.348816
6748.000000	-0.340881
6747.875000	-0.366211
6747.750000	-0.388489
6747.625000	-0.386352
6747.500000	-0.386047
6747.375000	-0.358887
6747.250000	-0.371399
6747.125000	-0.368957
6747.000000	-0.379028
6746.875000	-0.381470
6746.750000	-0.399780
6746.625000	-0.378113
6746.500000	-0.369263
6746.375000	-0.366211
6746.250000	-0.394897
6746.125000	-0.404663
6746.000000	-0.390015
6745.875000	-0.443726
6745.750000	-0.444946
6745.625000	-0.412292
6745.500000	-0.395508
6745.375000	-0.379028
6745.250000	-0.376892
6745.125000	-0.425415
6745.000000	-0.375976
6744.875000	-0.411377
6744.750000	-0.381164
6744.625000	-0.381470
6744.500000	-0.408630
6744.375000	-0.383606
6744.250000	-0.393371
6744.125000	-0.414734
6744.000000	-0.404663
6743.875000	-0.358276
6743.750000	-0.404053
6743.625000	-0.398559
6743.500000	-0.398559
6743.375000	-0.412598
6743.250000	-0.419311
6743.125000	-0.444641
6743.000000	-0.397949
6742.875000	-0.398254
6742.750000	-0.434875
6742.625000	-0.408935
6742.500000	-0.420532
6742.375000	-0.419311
6742.250000	-0.435791
6742.125000	-0.464783
6742.000000	-0.394287
6741.875000	-0.443726
6741.750000	-0.444031
6741.625000	-0.451355
6741.500000	-0.441894
6741.375000	-0.438538
6741.250000	-0.434265
6741.125000	-0.466919
6741.000000	-0.450745
6740.875000	-0.427551
6740.750000	-0.412598
6740.625000	-0.409851
6740.500000	-0.399475
6740.375000	-0.483704
6740.250000	-0.442810
6740.125000	-0.419311
6740.000000	-0.425110
6739.875000	-0.462646
6739.750000	-0.427856
6739.625000	-0.457153
6739.500000	-0.457153
6739.375000	-0.481872
6739.250000	-0.446777
6739.125000	-0.464783
6739.000000	-0.429687
6738.875000	-0.429993
6738.750000	-0.486450
6738.625000	-0.474243
6738.500000	-0.465088
6738.375000	-0.465088
6738.250000	-0.506287
6738.125000	-0.420837
6738.000000	-0.438232
6737.875000	-0.445557
6737.750000	-0.446167
6737.625000	-0.428162
6737.500000	-0.484924
6737.375000	-0.498047
6737.250000	-0.496826
6737.125000	-0.417480
6737.000000	-0.452576
6736.875000	-0.484619
6736.750000	-0.453186
6736.625000	-0.455322
6736.500000	-0.488892
6736.375000	-0.428162
6736.250000	-0.495911
6736.125000	-0.495300
6736.000000	-0.500793
6735.875000	-0.473938
6735.750000	-0.455322
6735.625000	-0.467834
6735.500000	-0.468445
6735.375000	-0.478210
6735.250000	-0.470581
6735.125000	-0.475159
6735.000000	-0.405884
6734.875000	-0.404968
6734.750000	-0.491028
6734.625000	-0.499878
6734.500000	-0.499573
6734.375000	-0.498962
6734.250000	-0.446167
6734.125000	-0.451965
6734.000000	-0.466919
6733.875000	-0.492248
6733.750000	-0.492554
6733.625000	-0.530701
6733.500000	-0.459900
6733.375000	-0.500793
6733.250000	-0.499267
6733.125000	-0.421448
6733.000000	-0.516357
6732.875000	-0.504150
6732.750000	-0.527954
6732.625000	-0.527954
6732.500000	-0.472412
6732.375000	-0.511169
6732.250000	-0.478210
6732.125000	-0.510864
6732.000000	-0.516052
6731.875000	-0.526733
6731.750000	-0.490723
6731.625000	-0.510559
6731.500000	-0.509949
6731.375000	-0.501404
6731.250000	-0.514526
6731.125000	-0.517578
6731.000000	-0.481872
6730.875000	-0.480041
6730.750000	-0.495605
6730.625000	-0.545959
6730.500000	-0.520935
6730.375000	-0.520325
6730.250000	-0.505981
6730.125000	-0.507202
6730.000000	-0.552063
6729.875000	-0.511475
6729.750000	-0.511475
6729.625000	-0.528870
6729.500000	-0.539551
6729.375000	-0.518494
6729.250000	-0.514526
6729.125000	-0.569458
6729.000000	-0.536804
6728.875000	-0.567322
6728.750000	-0.514526
6728.625000	-0.513611
6728.500000	-0.550537
6728.375000	-0.551453
6728.250000	-0.531921
6728.125000	-0.532532
6728.000000	-0.513000
6727.875000	-0.581970
6727.750000	-0.555420
6727.625000	-0.499267
6727.500000	-0.498657
6727.375000	-0.520019
6727.250000	-0.566101
6727.125000	-0.490417
6727.000000	-0.515137
6726.875000	-0.563660
6726.750000	-0.535889
6726.625000	-0.506897
6726.500000	-0.578918
6726.375000	-0.577698
6726.250000	-0.544739
6726.125000	-0.555725
6726.000000	-0.500183
6725.875000	-0.536804
6725.750000	-0.538330
6725.625000	-0.562134
6725.500000	-0.523071
6725.375000	-0.512390
6725.250000	-0.510559
6725.125000	-0.591431
6725.000000	-0.531921
6724.875000	-0.573120
6724.750000	-0.615539
6724.625000	-0.614014
6724.500000	-0.534058
6724.375000	-0.589600
6724.250000	-0.575256
6724.125000	-0.574951
6724.000000	-0.536499
6723.875000	-0.578918
6723.750000	-0.537720
6723.625000	-0.561829
6723.500000	-0.560608
6723.375000	-0.460815
6723.250000	-0.566406
6723.125000	-0.596924
6723.000000	-0.586548
6722.875000	-0.588379
6722.750000	-0.576782
6722.625000	-0.555725
6722.500000	-0.552368
6722.375000	-0.552673
6722.250000	-0.628052
6722.125000	-0.564270
6722.000000	-0.556335
6721.875000	-0.577392
6721.750000	-0.577698
6721.625000	-0.570068
6721.500000	-0.604248
6721.375000	-0.599365
6721.250000	-0.594788
6721.125000	-0.591736
6721.000000	-0.564575
6720.875000	-0.540771
6720.750000	-0.628967
6720.625000	-0.625000
6720.500000	-0.552673
6720.375000	-0.543823
6720.250000	-0.526733
6720.125000	-0.572815
6720.000000	-0.580749
6719.875000	-0.505066
6719.750000	-0.540771
6719.625000	-0.588989
6719.500000	-0.588684
6719.375000	-0.540466
6719.250000	-0.609436
6719.125000	-0.553589
6719.000000	-0.595398
6718.875000	-0.595398
6718.750000	-0.577698
6718.625000	-0.538025
6718.500000	-0.611877
6718.375000	-0.610962
6718.250000	-0.549316
6718.125000	-0.561829
6718.000000	-0.592651
6717.875000	-0.555725
6717.750000	-0.554809
6717.625000	-0.580139
6717.500000	-0.590210
6717.375000	-0.617981
6717.250000	-0.617676
6717.125000	-0.594177
6717.000000	-0.590820
6716.875000	-0.589600
6716.750000	-0.611267
6716.625000	-0.608826
6716.500000	-0.597534
6716.375000	-0.563965
6716.250000	-0.588989
6716.125000	-0.596008
6716.000000	-0.599060
6715.875000	-0.552063
6715.750000	-0.563965
6715.625000	-0.600281
6715.500000	-0.599060
6715.375000	-0.603027
6715.250000	-0.582580
6715.125000	-0.578003
6715.000000	-0.593262
6714.875000	-0.591125
6714.750000	-0.603027
6714.625000	-0.581665
6714.500000	-0.594177
6714.375000	-0.594177
6714.250000	-0.603027
6714.125000	-0.598755
6714.000000	-0.606995
6713.875000	-0.608826
6713.750000	-0.609436
6713.625000	-0.599976
6713.500000	-0.604858
6713.375000	-0.595093
6713.250000	-0.589905
6713.125000	-0.583191
6713.000000	-0.582886
6712.875000	-0.617676
6712.750000	-0.624084
6712.625000	-0.622559
6712.500000	-0.619507
6712.375000	-0.556946
6712.250000	-0.560608
6712.125000	-0.658874
6712.000000	-0.661316
6711.875000	-0.597839
6711.750000	-0.598450
6711.625000	-0.581055
6711.500000	-0.583496
6711.375000	-0.597229
6711.250000	-0.587768
6711.125000	-0.582580
6711.000000	-0.617676
6710.875000	-0.618896
6710.750000	-0.586853
6710.625000	-0.594788
6710.500000	-0.613098
6710.375000	-0.613403
6710.250000	-0.606995
6710.125000	-0.620422
6710.000000	-0.609741
6709.875000	-0.607910
6709.750000	-0.607300
6709.625000	-0.614014
6709.500000	-0.613403
6709.375000	-0.609436
6709.250000	-0.608826
6709.125000	-0.601501
6709.000000	-0.590210
6708.875000	-0.597534
6708.750000	-0.611572
6708.625000	-0.611572
6708.500000	-0.608520
6708.375000	-0.609131
6708.250000	-0.618591
6708.125000	-0.616150
6708.000000	-0.649719
6707.875000	-0.645142
6707.750000	-0.624390
6707.625000	-0.637512
6707.500000	-0.636597
6707.375000	-0.595703
6707.250000	-0.578918
6707.125000	-0.627136
6707.000000	-0.618896
6706.875000	-0.606689
6706.750000	-0.567627
6706.625000	-0.656433
6706.500000	-0.623169
6706.375000	-0.620727
6706.250000	-0.593262
6706.125000	-0.605774
6706.000000	-0.586548
6705.875000	-0.617065
6705.750000	-0.617676
6705.625000	-0.626831
6705.500000	-0.583191
6705.375000	-0.630798
6705.250000	-0.629883
6705.125000	-0.601196
6705.000000	-0.660705
6704.875000	-0.638428
6704.750000	-0.651550
6704.625000	-0.651245
6704.500000	-0.660705
6704.375000	-0.616760
6704.250000	-0.620422
6704.125000	-0.621033
6704.000000	-0.604553
6703.875000	-0.654907
6703.750000	-0.660400
6703.625000	-0.633850
6703.500000	-0.634155
6703.375000	-0.668945
6703.250000	-0.625610
6703.125000	-0.655212
6703.000000	-0.613403
6702.875000	-0.616760
6702.750000	-0.663452
6702.625000	-0.626831
6702.500000	-0.620117
6702.375000	-0.621033
6702.250000	-0.674438
6702.125000	-0.624390
6702.000000	-0.657959
6701.875000	-0.629272
6701.750000	-0.628967
6701.625000	-0.625610
6701.500000	-0.603638
6701.375000	-0.668945
6701.250000	-0.664673
6701.125000	-0.658264
6701.000000	-0.646667
6700.875000	-0.608215
6700.750000	-0.660400
6700.625000	-0.659790
6700.500000	-0.593872
6700.375000	-0.633240
6700.250000	-0.637207
6700.125000	-0.633240
6700.000000	-0.635376
6699.875000	-0.643616
6699.750000	-0.681457
6699.625000	-0.646057
6699.500000	-0.644226
6699.375000	-0.634766
6699.250000	-0.640869
6699.125000	-0.632019
6699.000000	-0.637207
6698.875000	-0.634766
6698.750000	-0.635986
6698.625000	-0.633850
6698.500000	-0.638428
6698.375000	-0.636291
6698.250000	-0.658569
6698.125000	-0.681763
6698.000000	-0.597839
6697.875000	-0.661011
6697.750000	-0.661926
6697.625000	-0.666809
6697.500000	-0.651550
6697.375000	-0.588684
6697.250000	-0.608520
6697.125000	-0.653686
6697.000000	-0.656433
6696.875000	-0.636597
6696.750000	-0.627136
6696.625000	-0.627136
6696.500000	-0.633545
6696.375000	-0.690613
6696.250000	-0.675964
6696.125000	-0.649109
6696.000000	-0.650330
6695.875000	-0.647278
6695.750000	-0.657043
6695.625000	-0.642090
6695.500000	-0.641785
6695.375000	-0.651550
6695.250000	-0.640259
6695.125000	-0.684204
6695.000000	-0.615234
6694.875000	-0.615539
6694.750000	-0.674438
6694.625000	-0.619507
6694.500000	-0.683899
6694.375000	-0.682678
6694.250000	-0.616150
6694.125000	-0.640869
6694.000000	-0.642700
6693.875000	-0.652771
6693.750000	-0.652466
6693.625000	-0.637207
6693.500000	-0.694275
6693.375000	-0.646362
6693.250000	-0.649719
6693.125000	-0.663757
6693.000000	-0.657959
6692.875000	-0.640259
6692.750000	-0.682373
6692.625000	-0.682983
6692.500000	-0.638733
6692.375000	-0.640564
6692.250000	-0.621948
6692.125000	-0.619812
6692.000000	-0.620727
6691.875000	-0.658264
6691.750000	-0.653076
6691.625000	-0.616455
6691.500000	-0.615845
6691.375000	-0.651245
6691.250000	-0.630188
6691.125000	-0.659485
6691.000000	-0.669556
6690.875000	-0.668945
6690.750000	-0.601501
6690.625000	-0.638428
6690.500000	-0.649719
6690.375000	-0.648193
6690.250000	-0.647278
6690.125000	-0.639648
6690.000000	-0.627746
6689.875000	-0.653686
6689.750000	-0.655823
6689.625000	-0.641479
6689.500000	-0.653381
6689.375000	-0.667114
6689.250000	-0.669250
6689.125000	-0.661621
6689.000000	-0.653686
6688.875000	-0.600891
6688.750000	-0.658874
6688.625000	-0.659180
6688.500000	-0.661011
6688.375000	-0.690002
6688.250000	-0.614624
6688.125000	-0.666199
6688.000000	-0.667419
6687.875000	-0.673218
6687.750000	-0.656433
6687.625000	-0.613708
6687.500000	-0.613098
6687.375000	-0.676880
6687.250000	-0.652771
6687.125000	-0.675964
6687.000000	-0.629578
6686.875000	-0.630493
6686.750000	-0.682373
6686.625000	-0.668335
6686.500000	-0.665283
6686.375000	-0.664673
6686.250000	-0.651550
6686.125000	-0.653381
6686.000000	-0.682983
6685.875000	-0.640564
6685.750000	-0.641785
6685.625000	-0.604248
6685.500000	-0.629578
6685.375000	-0.641785
6685.250000	-0.642700
6685.125000	-0.657043
6685.000000	-0.632019
6684.875000	-0.654297
6684.750000	-0.621338
6684.625000	-0.621033
6684.500000	-0.737610
6684.375000	-0.689697
6684.250000	-0.617065
6684.125000	-0.643616
6684.000000	-0.643310
6683.875000	-0.634460
6683.750000	-0.630798
6683.625000	-0.660095
6683.500000	-0.660095
6683.375000	-0.677795
6683.250000	-0.651855
6683.125000	-0.741577
6683.000000	-0.661926
6682.875000	-0.659485
6682.750000	-0.675049
6682.625000	-0.629883
6682.500000	-0.643005
6682.375000	-0.642090
6682.250000	-0.633240
6682.125000	-0.637512
6682.000000	-0.675354
6681.875000	-0.649414
6681.750000	-0.648193
6681.625000	-0.657654
6681.500000	-0.626526
6681.375000	-0.632629
6681.250000	-0.653076
6681.125000	-0.618591
6681.000000	-0.665893
6680.875000	-0.698852
6680.750000	-0.641785
6680.625000	-0.640259
6680.500000	-0.655823
6680.375000	-0.675354
6680.250000	-0.650635
6680.125000	-0.655212
6680.000000	-0.652466
6679.875000	-0.716553
6679.750000	-0.665588
6679.625000	-0.613708
6679.500000	-0.610962
6679.375000	-0.664368
6679.250000	-0.685730
6679.125000	-0.673828
6679.000000	-0.611877
6678.875000	-0.617676
6678.750000	-0.641174
6678.625000	-0.660095
6678.500000	-0.664368
6678.375000	-0.664978
6678.250000	-0.666809
6678.125000	-0.641479
6678.000000	-0.639954
6677.875000	-0.657349
6677.750000	-0.655212
6677.625000	-0.654297
6677.500000	-0.647278
6677.375000	-0.610351
6677.250000	-0.610046
6677.125000	-0.659790
6677.000000	-0.622559
6676.875000	-0.652771
6676.750000	-0.678101
6676.625000	-0.678406
6676.500000	-0.669556
6676.375000	-0.654602
6676.250000	-0.711059
6676.125000	-0.707092
6676.000000	-0.663147
6675.875000	-0.648804
6675.750000	-0.668640
6675.625000	-0.632934
6675.500000	-0.632019
6675.375000	-0.671081
6675.250000	-0.700378
6675.125000	-0.682068
6675.000000	-0.664673
6674.875000	-0.663147
6674.750000	-0.651550
6674.625000	-0.633545
6674.500000	-0.668030
6674.375000	-0.664978
6674.250000	-0.668640
6674.125000	-0.678101
6674.000000	-0.720825
6673.875000	-0.641174
6673.750000	-0.640259
6673.625000	-0.656738
6673.500000	-0.683899
6673.375000	-0.609436
6673.250000	-0.639038
6673.125000	-0.643310
6673.000000	-0.670166
6672.875000	-0.665893
6672.750000	-0.688171
6672.625000	-0.686645
6672.500000	-0.607300
6672.375000	-0.664978
6672.250000	-0.675354
6672.125000	-0.658264
6672.000000	-0.657043
6671.875000	-0.665588
6671.750000	-0.639954
6671.625000	-0.704956
6671.500000	-0.705261
6671.375000	-0.656128
6671.250000	-0.675049
6671.125000	-0.636597
6671.000000	-0.637512
6670.875000	-0.637817
6670.750000	-0.661926
6670.625000	-0.684204
6670.500000	-0.667114
6670.375000	-0.663452
6670.250000	-0.677490
6670.125000	-0.622559
6670.000000	-0.664978
6669.875000	-0.651855
6669.750000	-0.651855
6669.625000	-0.628662
6669.500000	-0.674744
6669.375000	-0.664673
6669.250000	-0.673828
6669.125000	-0.677490
6669.000000	-0.648193
6668.875000	-0.681457
6668.750000	-0.684814
6668.625000	-0.683899
6668.500000	-0.660400
6668.375000	-0.637207
6668.250000	-0.677185
6668.125000	-0.626831
6668.000000	-0.625915
6667.875000	-0.673828
6667.750000	-0.653381
6667.625000	-0.653076
6667.500000	-0.650635
6667.375000	-0.671387
6667.250000	-0.679932
6667.125000	-0.656433
6667.000000	-0.675354
6666.875000	-0.675964
6666.750000	-0.671387
6666.625000	-0.654602
6666.500000	-0.653076
6666.375000	-0.647278
6666.250000	-0.683899
6666.125000	-0.589294
6666.000000	-0.661926
6665.875000	-0.685120
6665.750000	-0.680542
6665.625000	-0.667725
6665.500000	-0.699768
6665.375000	-0.683594
6665.250000	-0.664062
6665.125000	-0.667114
6665.000000	-0.688782
6664.875000	-0.630493
6664.750000	-0.688171
6664.625000	-0.686951
6664.500000	-0.630188
6664.375000	-0.661316
6664.250000	-0.642090
6664.125000	-0.656128
6664.000000	-0.654602
6663.875000	-0.685730
6663.750000	-0.715637
6663.625000	-0.614929
6663.500000	-0.615234
6663.375000	-0.719299
6663.250000	-0.617065
6663.125000	-0.635986
6663.000000	-0.640564
6662.875000	-0.641174
6662.750000	-0.630798
6662.625000	-0.674438
6662.500000	-0.683288
6662.375000	-0.681457
6662.250000	-0.633545
6662.125000	-0.683288
6662.000000	-0.632324
6661.875000	-0.667419
6661.750000	-0.665588
6661.625000	-0.668335
6661.500000	-0.647278
6661.375000	-0.662537
6661.250000	-0.656128
6661.125000	-0.658874
6661.000000	-0.632324
6660.875000	-0.673218
6660.750000	-0.659180
6660.625000	-0.659790
6660.500000	-0.679321
6660.375000	-0.630493
6660.250000	-0.687866
6660.125000	-0.685425
6660.000000	-0.683899
6659.875000	-0.655823
6659.750000	-0.687256
6659.625000	-0.687561
6659.500000	-0.689087
6659.375000	-0.643310
6659.250000	-0.693359
6659.125000	-0.679321
6659.000000	-0.726318
6658.875000	-0.727844
6658.750000	-0.645142
6658.625000	-0.684814
6658.500000	-0.669250
6658.375000	-0.666809
6658.250000	-0.630188
6658.125000	-0.640869
6658.000000	-0.684204
6657.875000	-0.680237
6657.750000	-0.676269
6657.625000	-0.702820
6657.500000	-0.647888
6657.375000	-0.693664
6657.250000	-0.673828
6657.125000	-0.677795
6657.000000	-0.735168
6656.875000	-0.708313
6656.750000	-0.614624
6656.625000	-0.613708
6656.500000	-0.704956
6656.375000	-0.660400
6656.250000	-0.672913
6656.125000	-0.659790
6656.000000	-0.659485
6655.875000	-0.663147
6655.750000	-0.704956
6655.625000	-0.672913
6655.500000	-0.672607
6655.375000	-0.682678
6655.250000	-0.649109
6655.125000	-0.626526
6655.000000	-0.665588
6654.875000	-0.666199
6654.750000	-0.732727
6654.625000	-0.668030
6654.500000	-0.669250
6654.375000	-0.665893
6654.250000	-0.664673
6654.125000	-0.653686
6654.000000	-0.701599
6653.875000	-0.684509
6653.750000	-0.682983
6653.625000	-0.672302
6653.500000	-0.680237
6653.375000	-0.623169
6653.250000	-0.630188
6653.125000	-0.635681
6653.000000	-0.658264
6652.875000	-0.670166
6652.750000	-0.673828
6652.625000	-0.673523
6652.500000	-0.684814
6652.375000	-0.703125
6652.250000	-0.659790
6652.125000	-0.637512
6652.000000	-0.636902
6651.875000	-0.740967
6651.750000	-0.676269
6651.625000	-0.632934
6651.500000	-0.631103
6651.375000	-0.650635
6651.250000	-0.655823
6651.125000	-0.660705
6651.000000	-0.670776
6650.875000	-0.670166
6650.750000	-0.687866
6650.625000	-0.649414
6650.500000	-0.658264
6650.375000	-0.653992
6650.250000	-0.647888
6650.125000	-0.715332
6650.000000	-0.693970
6649.875000	-0.698852
6649.750000	-0.697327
6649.625000	-0.674744
6649.500000	-0.670166
6649.375000	-0.628662
6649.250000	-0.674133
6649.125000	-0.676575
6649.000000	-0.691833
6648.875000	-0.679932
6648.750000	-0.679016
6648.625000	-0.678406
6648.500000	-0.620422
6648.375000	-0.644836
6648.250000	-0.657654
6648.125000	-0.643921
6648.000000	-0.646973
6647.875000	-0.685730
6647.750000	-0.686340
6647.625000	-0.641174
6647.500000	-0.639038
6647.375000	-0.646973
6647.250000	-0.661621
6647.125000	-0.688476
6647.000000	-0.653992
6646.875000	-0.653686
6646.750000	-0.664368
6646.625000	-0.684509
6646.500000	-0.677490
6646.375000	-0.675659
6646.250000	-0.667114
6646.125000	-0.693359
6646.000000	-0.689697
6645.875000	-0.706482
6645.750000	-0.705261
6645.625000	-0.649719
6645.500000	-0.681457
6645.375000	-0.702515
6645.250000	-0.612183
6645.125000	-0.615539
6645.000000	-0.621948
6644.875000	-0.699158
6644.750000	-0.661621
6644.625000	-0.661316
6644.500000	-0.652466
6644.375000	-0.657959
6644.250000	-0.642395
6644.125000	-0.691833
6644.000000	-0.690308
6643.875000	-0.686340
6643.750000	-0.681763
6643.625000	-0.677185
6643.500000	-0.677185
6643.375000	-0.599670
6643.250000	-0.711059
6643.125000	-0.661011
6643.000000	-9.021606
6642.875000	-0.693054
6642.750000	-0.668640
6642.625000	-0.695801
6642.500000	-0.690002
6642.375000	-0.686951
6642.250000	-0.676575
6642.125000	-0.691833
6642.000000	-0.670776
6641.875000	-0.673218
6641.750000	-0.673523
6641.625000	-0.657959
6641.500000	-0.625305
6641.375000	-0.679626
6641.250000	-0.702820
6641.125000	-0.701904
6641.000000	-0.667419
6640.875000	-0.644531
6640.750000	-0.645142
6640.625000	-0.643921
6640.500000	-0.614624
6640.375000	-0.667419
6640.250000	-0.668640
6640.125000	-0.635376
6640.000000	-0.632934
6639.875000	-0.710144
6639.750000	-0.665283
6639.625000	-0.693359
6639.500000	-0.692444
6639.375000	-0.641174
6639.250000	-0.666199
6639.125000	-0.621643
6639.000000	-0.656738
6638.875000	-0.657043
6638.750000	-0.625610
6638.625000	-0.662537
6638.500000	-0.686645
6638.375000	-0.684204
6638.250000	-0.613403
6638.125000	-0.695801
6638.000000	-0.680237
6637.875000	-0.655823
6637.750000	-0.654907
6637.625000	-0.681152
6637.500000	-0.655212
6637.375000	-0.710449
6637.250000	-0.686035
6637.125000	-0.688476
6637.000000	-0.661316
6636.875000	-0.687256
6636.750000	-0.683899
6636.625000	-0.684814
6636.500000	-0.659180
6636.375000	-0.671387
6636.250000	-0.655823
6636.125000	-0.706482
6636.000000	-0.702820
6635.875000	-0.663147
6635.750000	-0.693970
6635.625000	-0.666504
6635.500000	-0.664978
6635.375000	-0.685425
6635.250000	-0.673828
6635.125000	-0.693970
6635.000000	-0.652771
6634.875000	-0.653992
6634.750000	-0.634155
6634.625000	-0.640259
6634.500000	-0.706482
6634.375000	-0.702209
6634.250000	-0.659485
6634.125000	-0.671692
6634.000000	-0.717163
6633.875000	-0.660400
6633.750000	-0.657959
6633.625000	-0.701294
6633.500000	-0.650330
6633.375000	-0.708618
6633.250000	-0.708618
6633.125000	-0.686035
6633.000000	-0.653381
6632.875000	-0.641174
6632.750000	-0.689087
6632.625000	-0.687866
6632.500000	-0.678406
6632.375000	-0.644836
6632.250000	-0.661926
6632.125000	-0.634155
6632.000000	-0.635986
6631.875000	-0.624390
6631.750000	-0.708008
6631.625000	-0.686951
6631.500000	-0.684814
6631.375000	-0.664673
6631.250000	-0.676269
6631.125000	-0.603943
6631.000000	-0.643616
6630.875000	-0.643616
6630.750000	-0.675354
6630.625000	-0.658569
6630.500000	-0.657349
6630.375000	-0.655517
6630.250000	-0.661316
6630.125000	-0.673828
6630.000000	-0.659485
6629.875000	-0.739136
6629.750000	-0.740051
6629.625000	-0.692749
6629.500000	-0.640869
6629.375000	-0.687256
6629.250000	-0.662231
6629.125000	-0.663452
6629.000000	-0.645447
6628.875000	-0.645752
6628.750000	-0.657349
6628.625000	-0.655212
6628.500000	-0.666504
6628.375000	-0.699463
6628.250000	-0.654297
6628.125000	-0.730591
6628.000000	-0.729370
6627.875000	-0.739441
6627.750000	-0.699768
6627.625000	-0.675049
6627.500000	-0.675354
6627.375000	-0.626221
6627.250000	-0.705872
6627.125000	-0.678711
6627.000000	-0.697937
6626.875000	-0.699463
6626.750000	-0.716858
6626.625000	-0.646667
6626.500000	-0.646362
6626.375000	-0.646973
6626.250000	-0.686035
6626.125000	-0.684814
6626.000000	-0.705872
6625.875000	-0.629272
6625.750000	-0.627441
6625.625000	-0.700378
6625.500000	-0.681763
6625.375000	-0.653992
6625.250000	-0.653381
6625.125000	-0.654602
6625.000000	-0.663757
6624.875000	-0.601807
6624.750000	-0.645142
6624.625000	-0.644531
6624.500000	-0.659485
6624.375000	-0.619202
6624.250000	-0.629883
6624.125000	-0.662842
6624.000000	-0.663452
6623.875000	-0.662842
6623.750000	-0.658569
6623.625000	-0.655212
6623.500000	-0.653076
6623.375000	-0.664062
6623.250000	-0.628052
6623.125000	-0.662842
6623.000000	-0.682983
6622.875000	-0.683594
6622.750000	-0.666504
6622.625000	-0.668640
6622.500000	-0.673523
6622.375000	-0.667114
6622.250000	-0.681763
6622.125000	-0.694885
6622.000000	-0.656128
6621.875000	-0.659485
6621.750000	-0.657959
6621.625000	-0.678101
6621.500000	-0.674744
6621.375000	-0.669861
6621.250000	-0.680542
6621.125000	-0.681763
6621.000000	-0.659790
6620.875000	-0.680847
6620.750000	-0.688171
6620.625000	-0.687866
6620.500000	-0.658874
6620.375000	-0.693664
6620.250000	-0.703430
6620.125000	-0.686645
6620.000000	-0.685120
6619.875000	-0.693054
6619.750000	-0.657043
6619.625000	-0.630188
6619.500000	-0.629578
6619.375000	-0.692139
6619.250000	-0.684204
6619.125000	-0.643005
6619.000000	-0.648498
6618.875000	-0.646057
6618.750000	-0.653686
6618.625000	-0.682983
6618.500000	-0.678101
6618.375000	-0.649719
6618.250000	-0.690308
6618.125000	-0.664062
6618.000000	-0.628662
6617.875000	-0.660400
6617.750000	-0.659790
6617.625000	-0.648498
6617.500000	-0.686035
6617.375000	-0.646362
6617.250000	-0.651245
6617.125000	-0.651855
6617.000000	-0.682068
6616.875000	-0.681152
6616.750000	-0.651550
6616.625000	-0.650940
6616.500000	-0.669250
6616.375000	-0.679932
6616.250000	-0.677185
6616.125000	-0.648498
6616.000000	-0.649109
6615.875000	-0.671997
6615.750000	-0.678406
6615.625000	-0.670471
6615.500000	-0.667419
6615.375000	-0.678101
6615.250000	-0.673218
6615.125000	-0.664978
6615.000000	-0.672302
6614.875000	-0.670166
6614.750000	-0.661316
6614.625000	-0.649719
6614.500000	-0.671387
6614.375000	-0.669556
6614.250000	-0.651855
6614.125000	-0.663757
6614.000000	-0.667114
6613.875000	-0.667419
6613.750000	-0.667419
6613.625000	-0.671997
6613.500000	-0.654602
6613.375000	-0.652771
6613.250000	-0.633240
6613.125000	-0.632324
6613.000000	-0.681152
6612.875000	-0.657043
6612.750000	-0.661316
6612.625000	-0.661926
6612.500000	-0.636902
6612.375000	-0.649719
6612.250000	-0.681763
6612.125000	-0.687561
6612.000000	-0.686340
6611.875000	-0.651855
6611.750000	-0.697937
6611.625000	-0.635681
6611.500000	-0.632629
6611.375000	-0.668945
6611.250000	-0.626526
6611.125000	-0.678406
6611.000000	-0.668945
6610.875000	-0.668640
6610.750000	-0.693970
6610.625000	-0.653686
6610.500000	-0.664368
6610.375000	-0.653992
6610.250000	-0.673828
6610.125000	-0.667419
6610.000000	-0.695190
6609.875000	-0.663147
6609.750000	-0.663147
6609.625000	-0.681763
6609.500000	-0.643616
6609.375000	-0.661621
6609.250000	-0.658569
6609.125000	-0.669861
6609.000000	-0.696411
6608.875000	-0.662537
6608.750000	-0.632019
6608.625000	-0.632934
6608.500000	-0.686951
6608.375000	-0.664062
6608.250000	-0.729675
6608.125000	-0.674133
6608.000000	-0.674133
6607.875000	-0.666199
6607.750000	-0.669556
6607.625000	-0.651550
6607.500000	-0.650635
6607.375000	-0.668030
6607.250000	-0.666504
6607.125000	-0.654602
6607.000000	-0.670166
6606.875000	-0.668640
6606.750000	-0.692139
6606.625000	-0.672607
6606.500000	-0.676269
6606.375000	-0.715332
6606.250000	-0.697937
6606.125000	-0.671387
6606.000000	-0.678711
6605.875000	-0.675354
6605.750000	-0.674133
6605.625000	-0.639038
6605.500000	-0.686035
6605.375000	-0.677795
6605.250000	-0.696411
6605.125000	-0.695190
6605.000000	-0.671387
6604.875000	-0.652466
6604.750000	-0.697021
6604.625000	-0.696106
6604.500000	-0.661926
6604.375000	-0.679016
6604.250000	-0.679016
6604.125000	-0.678406
6604.000000	-0.678711
6603.875000	-0.665283
6603.750000	-0.677795
6603.625000	-0.653992
6603.500000	-0.652771
6603.375000	-0.663147
6603.250000	-0.664673
6603.125000	-0.689697
6603.000000	-0.668335
6602.875000	-0.668335
6602.750000	-0.652161
6602.625000	-0.673218
6602.500000	-0.655517
6602.375000	-0.653992
6602.250000	-0.655823
6602.125000	-0.663452
6602.000000	-0.713196
6601.875000	-0.674438
6601.750000	-0.672302
6601.625000	-0.652771
6601.500000	-0.655517
6601.375000	-0.650330
6601.250000	-0.692444
6601.125000	-0.692444
6601.000000	-0.667419
6600.875000	-0.677185
6600.750000	-0.654907
6600.625000	-0.653992
6600.500000	-0.675659
6600.375000	-0.672302
6600.250000	-0.657959
6600.125000	-0.660095
6600.000000	-0.659790
