Zeitstempel: 18.9.2013 15:31:56
Signalquelle: Sample/Hold Verstärker
Modus: FM


Bemerkung: Durchlaufzeit 50s
FM
Strom Helmholtz 80mA
Amplitude 45mV
Richtung min->max
min Frequenz 11300Hz
max Frequenz 11700Hz

Frequenz in Hz	S/H-Signal in V
11300.125000	-0.618591
11300.250000	-0.715332
11300.375000	-0.701294
11300.500000	-0.699768
11300.625000	-0.718689
11300.750000	-0.719299
11300.875000	-0.737915
11301.000000	-0.637512
11301.125000	-0.678711
11301.250000	-0.675964
11301.375000	-0.679016
11301.500000	-0.650024
11301.625000	-0.626221
11301.750000	-0.699768
11301.875000	-0.699768
11302.000000	-0.691223
11302.125000	-0.664368
11302.250000	-0.724182
11302.375000	-0.726318
11302.500000	-0.686951
11302.625000	-0.738220
11302.750000	-0.660400
11302.875000	-0.655212
11303.000000	-0.654602
11303.125000	-0.664368
11303.250000	-0.690613
11303.375000	-0.696106
11303.500000	-0.694580
11303.625000	-0.623779
11303.750000	-0.647583
11303.875000	-0.733032
11304.000000	-0.672302
11304.125000	-0.672302
11304.250000	-0.724792
11304.375000	-0.687561
11304.500000	-0.681152
11304.625000	-0.639038
11304.750000	-0.644836
11304.875000	-0.665588
11305.000000	-0.544128
11305.125000	-0.656128
11305.250000	-0.653686
11305.375000	-0.701599
11305.500000	-0.676880
11305.625000	-0.699768
11305.750000	-0.657959
11305.875000	-0.656128
11306.000000	-0.662231
11306.125000	-0.670776
11306.250000	-0.724487
11306.375000	-0.722046
11306.500000	-0.712280
11306.625000	-0.606079
11306.750000	-0.755615
11306.875000	-0.625915
11307.000000	-0.624390
11307.125000	-0.722046
11307.250000	-0.669861
11307.375000	-0.687561
11307.500000	-0.671081
11307.625000	-0.656738
11307.750000	-0.702820
11307.875000	-0.722351
11308.000000	-0.722656
11308.125000	-0.721741
11308.250000	-0.662537
11308.375000	-0.691223
11308.500000	-0.692139
11308.625000	-0.627746
11308.750000	-0.628357
11308.875000	-0.659485
11309.000000	-0.674438
11309.125000	-0.651245
11309.250000	-0.650024
11309.375000	-0.701904
11309.500000	-0.713806
11309.625000	-0.714111
11309.750000	-0.643616
11309.875000	-0.642395
11310.000000	-0.653686
11310.125000	-0.688171
11310.250000	-0.700073
11310.375000	-0.700378
11310.500000	-0.686035
11310.625000	-0.739441
11310.750000	-0.707092
11310.875000	-0.678406
11311.000000	-0.677795
11311.125000	-0.682373
11311.250000	-0.699463
11311.375000	-0.689392
11311.500000	-0.685120
11311.625000	-0.628357
11311.750000	-0.646973
11311.875000	-0.604858
11312.000000	-0.635071
11312.125000	-0.635681
11312.250000	-0.711670
11312.375000	-0.649719
11312.500000	-0.697021
11312.625000	-0.637817
11312.750000	-0.640259
11312.875000	-0.684509
11313.000000	-0.657349
11313.125000	-0.681457
11313.250000	-0.679016
11313.375000	-0.715942
11313.500000	-0.662537
11313.625000	-0.683899
11313.750000	-0.677795
11313.875000	-0.664978
11314.000000	-0.668335
11314.125000	-0.718079
11314.250000	-0.636291
11314.375000	-0.634460
11314.500000	-0.660400
11314.625000	-0.697327
11314.750000	-0.687256
11314.875000	-0.608520
11315.000000	-0.610046
11315.125000	-0.750732
11315.250000	-0.640259
11315.375000	-0.647583
11315.500000	-0.646667
11315.625000	-0.666809
11315.750000	-0.670471
11315.875000	-0.712891
11316.000000	-0.707092
11316.125000	-0.706177
11316.250000	-0.680237
11316.375000	-0.724792
11316.500000	-0.679321
11316.625000	-0.677490
11316.750000	-0.677185
11316.875000	-0.685730
11317.000000	-0.632019
11317.125000	-0.632934
11317.250000	-0.632324
11317.375000	-0.738830
11317.500000	-0.675049
11317.625000	-0.685120
11317.750000	-0.683288
11317.875000	-0.688476
11318.000000	-0.631714
11318.125000	-0.738525
11318.250000	-0.703125
11318.375000	-0.703735
11318.500000	-0.686645
11318.625000	-0.664978
11318.750000	-0.659180
11318.875000	-0.679932
11319.000000	-0.686035
11319.125000	-0.689392
11319.250000	-0.660400
11319.375000	-0.668335
11319.500000	-0.669861
11319.625000	-0.667725
11319.750000	-0.705566
11319.875000	-0.664368
11320.000000	-0.694580
11320.125000	-0.693359
11320.250000	-0.645447
11320.375000	-0.720825
11320.500000	-0.615539
11320.625000	-0.610657
11320.750000	-0.635986
11320.875000	-0.716553
11321.000000	-0.737915
11321.125000	-0.679626
11321.250000	-0.678101
11321.375000	-0.746765
11321.500000	-0.761719
11321.625000	-0.630188
11321.750000	-0.639648
11321.875000	-0.643616
11322.000000	-0.629578
11322.125000	-0.701904
11322.250000	-0.640564
11322.375000	-0.643005
11322.500000	-0.596924
11322.625000	-0.689392
11322.750000	-0.684509
11322.875000	-0.690613
11323.000000	-0.689697
11323.125000	-0.567627
11323.250000	-0.618286
11323.375000	-0.646667
11323.500000	-0.648498
11323.625000	-0.709228
11323.750000	-0.634155
11323.875000	-0.643310
11324.000000	-0.656128
11324.125000	-0.653076
11324.250000	-0.681152
11324.375000	-0.700989
11324.500000	-0.697021
11324.625000	-0.696411
11324.750000	-0.693359
11324.875000	-0.671997
11325.000000	-0.659485
11325.125000	-0.605774
11325.250000	-0.606384
11325.375000	-0.676880
11325.500000	-0.673828
11325.625000	-0.742187
11325.750000	-0.708923
11325.875000	-0.662842
11326.000000	-0.716247
11326.125000	-0.679016
11326.250000	-0.674744
11326.375000	-0.672913
11326.500000	-0.669250
11326.625000	-0.683288
11326.750000	-0.630798
11326.875000	-0.711059
11327.000000	-0.709839
11327.125000	-0.674744
11327.250000	-0.686951
11327.375000	-0.708313
11327.500000	-0.705261
11327.625000	-0.647278
11327.750000	-0.635986
11327.875000	-0.753479
11328.000000	-0.688171
11328.125000	-0.690002
11328.250000	-0.757446
11328.375000	-0.660095
11328.500000	-0.648193
11328.625000	-0.648804
11328.750000	-0.709228
11328.875000	-0.657654
11329.000000	-0.643616
11329.125000	-0.683899
11329.250000	-0.683899
11329.375000	-0.733948
11329.500000	-0.664673
11329.625000	-0.684509
11329.750000	-0.684814
11329.875000	-0.643005
11330.000000	-0.630188
11330.125000	-0.670166
11330.250000	-0.725403
11330.375000	-0.725708
11330.500000	-0.637512
11330.625000	-0.637207
11330.750000	-0.673218
11330.875000	-0.671081
11331.000000	-0.650635
11331.125000	-0.602112
11331.250000	-0.662231
11331.375000	-0.651245
11331.500000	-0.652161
11331.625000	-0.672913
11331.750000	-0.628967
11331.875000	-0.642395
11332.000000	-0.637817
11332.125000	-0.664673
11332.250000	-0.676575
11332.375000	-0.641785
11332.500000	-0.744018
11332.625000	-0.743103
11332.750000	-0.682068
11332.875000	-0.676880
11333.000000	-0.658569
11333.125000	-0.659790
11333.250000	-0.659485
11333.375000	-0.655517
11333.500000	-0.721130
11333.625000	-0.661316
11333.750000	-0.660095
11333.875000	-0.715332
11334.000000	-0.636597
11334.125000	-0.686645
11334.250000	-0.713806
11334.375000	-0.713501
11334.500000	-0.676269
11334.625000	-0.693970
11334.750000	-0.661926
11334.875000	-0.662842
11335.000000	-0.655517
11335.125000	-0.701904
11335.250000	-0.656128
11335.375000	-0.654602
11335.500000	-0.653992
11335.625000	-0.680237
11335.750000	-0.674133
11335.875000	-0.684814
11336.000000	-0.657349
11336.125000	-0.658264
11336.250000	-0.713501
11336.375000	-0.648193
11336.500000	-0.692139
11336.625000	-0.692139
11336.750000	-0.651550
11336.875000	-0.664062
11337.000000	-0.717773
11337.125000	-0.686951
11337.250000	-0.687256
11337.375000	-0.697937
11337.500000	-0.674133
11337.625000	-0.750122
11337.750000	-0.748291
11337.875000	-0.674133
11338.000000	-0.724792
11338.125000	-0.582886
11338.250000	-0.639954
11338.375000	-0.638733
11338.500000	-0.693359
11338.625000	-0.671387
11338.750000	-0.618591
11338.875000	-0.616150
11339.000000	-0.683288
11339.125000	-0.678101
11339.250000	-0.622559
11339.375000	-0.711975
11339.500000	-0.712585
11339.625000	-0.661621
11339.750000	-0.725098
11339.875000	-0.641479
11340.000000	-0.674133
11340.125000	-0.675964
11340.250000	-0.645142
11340.375000	-0.642700
11340.500000	-0.659790
11340.625000	-0.657654
11340.750000	-0.649719
11340.875000	-0.639343
11341.000000	-0.655823
11341.125000	-0.651550
11341.250000	-0.726318
11341.375000	-0.676575
11341.500000	-0.648498
11341.625000	-0.671081
11341.750000	-0.669556
11341.875000	-0.669250
11342.000000	-0.674744
11342.125000	-0.669556
11342.250000	-0.639954
11342.375000	-0.643310
11342.500000	-0.695496
11342.625000	-0.650635
11342.750000	-0.688782
11342.875000	-0.687866
11343.000000	-0.668335
11343.125000	-0.650024
11343.250000	-0.648498
11343.375000	-0.656128
11343.500000	-0.655212
11343.625000	-0.685425
11343.750000	-0.677795
11343.875000	-0.656128
11344.000000	-0.655212
11344.125000	-0.674744
11344.250000	-0.665283
11344.375000	-0.673218
11344.500000	-0.600891
11344.625000	-0.602417
11344.750000	-0.707703
11344.875000	-0.672607
11345.000000	-0.697632
11345.125000	-0.696106
11345.250000	-0.705566
11345.375000	-0.662231
11345.500000	-0.664673
11345.625000	-0.623169
11345.750000	-0.621338
11345.875000	-0.720825
11346.000000	-0.661316
11346.125000	-0.704346
11346.250000	-0.697021
11346.375000	-0.744324
11346.500000	-0.621338
11346.625000	-0.696411
11346.750000	-0.652466
11346.875000	-0.652161
11347.000000	-0.677490
11347.125000	-0.661621
11347.250000	-0.645752
11347.375000	-0.663147
11347.500000	-0.664673
11347.625000	-0.655212
11347.750000	-0.671997
11347.875000	-0.699768
11348.000000	-0.699463
11348.125000	-0.718994
11348.250000	-0.617981
11348.375000	-0.696411
11348.500000	-0.672302
11348.625000	-0.671387
11348.750000	-0.643921
11348.875000	-0.654602
11349.000000	-0.686645
11349.125000	-0.686340
11349.250000	-0.709228
11349.375000	-0.606689
11349.500000	-0.645142
11349.625000	-0.667725
11349.750000	-0.668030
11349.875000	-0.658569
11350.000000	-0.628662
11350.125000	-0.640259
11350.250000	-0.636597
11350.375000	-0.675659
11350.500000	-0.670166
11350.625000	-0.626526
11350.750000	-0.679321
11350.875000	-0.678711
11351.000000	-0.638122
11351.125000	-0.636597
11351.250000	-0.648804
11351.375000	-0.667114
11351.500000	-0.662537
11351.625000	-0.695801
11351.750000	-0.653076
11351.875000	-0.672302
11352.000000	-0.671692
11352.125000	-0.649109
11352.250000	-0.684814
11352.375000	-0.669861
11352.500000	-0.678101
11352.625000	-0.677185
11352.750000	-0.682678
11352.875000	-0.639954
11353.000000	-0.658874
11353.125000	-0.659485
11353.250000	-0.691223
11353.375000	-0.677490
11353.500000	-0.672913
11353.625000	-0.691528
11353.750000	-0.690918
11353.875000	-0.672913
11354.000000	-0.668640
11354.125000	-0.668945
11354.250000	-0.669861
11354.375000	-0.657654
11354.500000	-0.655823
11354.625000	-0.691528
11354.750000	-0.673218
11354.875000	-0.671081
11355.000000	-0.652161
11355.125000	-0.598144
11355.250000	-0.634766
11355.375000	-0.631103
11355.500000	-0.633240
11355.625000	-0.643616
11355.750000	-0.664368
11355.875000	-0.650330
11356.000000	-0.649719
11356.125000	-0.660400
11356.250000	-0.607300
11356.375000	-0.661621
11356.500000	-0.675354
11356.625000	-0.678406
11356.750000	-0.632324
11356.875000	-0.710144
11357.000000	-0.594177
11357.125000	-0.594482
11357.250000	-0.617981
11357.375000	-0.706482
11357.500000	-0.628052
11357.625000	-0.599060
11357.750000	-0.599365
11357.875000	-0.596008
11358.000000	-0.628662
11358.125000	-0.663452
11358.250000	-0.662842
11358.375000	-0.692444
11358.500000	-0.675964
11358.625000	-0.626831
11358.750000	-0.621033
11358.875000	-0.619507
11359.000000	-0.581055
11359.125000	-0.673218
11359.250000	-0.652466
11359.375000	-0.650940
11359.500000	-0.598450
11359.625000	-0.647888
11359.750000	-0.647888
11359.875000	-0.653686
11360.000000	-0.653992
11360.125000	-0.677185
11360.250000	-0.669250
11360.375000	-0.615845
11360.500000	-0.655823
11360.625000	-0.699158
11360.750000	-0.564270
11360.875000	-0.658264
11361.000000	-0.651855
11361.125000	-0.651855
11361.250000	-0.590820
11361.375000	-0.614319
11361.500000	-0.632629
11361.625000	-0.602112
11361.750000	-0.602722
11361.875000	-0.660095
11362.000000	-0.649414
11362.125000	-0.690613
11362.250000	-0.690002
11362.375000	-0.611877
11362.500000	-0.682983
11362.625000	-0.630493
11362.750000	-0.613708
11362.875000	-0.613403
11363.000000	-0.626526
11363.125000	-0.704346
11363.250000	-0.640259
11363.375000	-0.642395
11363.500000	-0.593262
11363.625000	-0.597839
11363.750000	-0.651245
11363.875000	-0.639343
11364.000000	-0.640259
11364.125000	-0.625915
11364.250000	-0.591736
11364.375000	-0.621338
11364.500000	-0.615845
11364.625000	-0.646973
11364.750000	-0.628357
11364.875000	-0.603943
11365.000000	-0.620727
11365.125000	-0.621033
11365.250000	-0.627136
11365.375000	-0.668335
11365.500000	-0.692749
11365.625000	-0.629272
11365.750000	-0.635681
11365.875000	-0.607605
11366.000000	-0.657349
11366.125000	-0.618286
11366.250000	-0.618286
11366.375000	-0.594482
11366.500000	-0.620727
11366.625000	-0.643005
11366.750000	-0.638122
11366.875000	-0.636291
11367.000000	-0.625610
11367.125000	-0.635986
11367.250000	-0.593262
11367.375000	-0.590210
11367.500000	-0.598755
11367.625000	-0.655517
11367.750000	-0.548096
11367.875000	-0.610046
11368.000000	-0.606689
11368.125000	-0.609436
11368.250000	-0.664673
11368.375000	-0.655823
11368.500000	-0.654602
11368.625000	-0.612488
11368.750000	-0.623779
11368.875000	-0.548401
11369.000000	-0.680237
11369.125000	-0.680237
11369.250000	-0.652161
11369.375000	-0.604248
11369.500000	-0.640564
11369.625000	-0.633545
11369.750000	-0.631409
11369.875000	-0.589600
11370.000000	-0.600586
11370.125000	-0.635376
11370.250000	-0.636291
11370.375000	-0.603943
11370.500000	-0.617981
11370.625000	-0.633240
11370.750000	-0.616150
11370.875000	-0.621948
11371.000000	-0.583191
11371.125000	-0.575256
11371.250000	-0.612793
11371.375000	-0.611877
11371.500000	-0.579834
11371.625000	-0.614319
11371.750000	-0.549011
11371.875000	-0.595398
11372.000000	-0.595703
11372.125000	-0.576782
11372.250000	-0.595703
11372.375000	-0.671387
11372.500000	-0.668640
11372.625000	-0.616760
11372.750000	-0.592651
11372.875000	-0.601501
11373.000000	-0.631409
11373.125000	-0.632324
11373.250000	-0.615539
11373.375000	-0.574951
11373.500000	-0.570373
11373.625000	-0.567017
11373.750000	-0.613098
11373.875000	-0.628052
11374.000000	-0.620727
11374.125000	-0.533447
11374.250000	-0.531616
11374.375000	-0.660705
11374.500000	-0.652771
11374.625000	-0.535889
11374.750000	-0.531006
11374.875000	-0.602417
11375.000000	-0.546875
11375.125000	-0.605163
11375.250000	-0.570984
11375.375000	-0.571289
11375.500000	-0.579834
11375.625000	-0.518494
11375.750000	-0.622559
11375.875000	-0.553284
11376.000000	-0.555725
11376.125000	-0.612183
11376.250000	-0.578003
11376.375000	-0.540466
11376.500000	-0.538940
11376.625000	-0.634460
11376.750000	-0.606384
11376.875000	-0.622559
11377.000000	-0.638122
11377.125000	-0.638122
11377.250000	-0.670776
11377.375000	-0.577087
11377.500000	-0.604248
11377.625000	-0.605774
11377.750000	-0.627746
11377.875000	-0.618286
11378.000000	-0.588989
11378.125000	-0.636902
11378.250000	-0.635986
11378.375000	-0.532532
11378.500000	-0.585022
11378.625000	-0.576782
11378.750000	-0.576172
11378.875000	-0.515747
11379.000000	-0.592041
11379.125000	-0.588989
11379.250000	-0.588989
11379.375000	-0.587158
11379.500000	-0.573425
11379.625000	-0.521851
11379.750000	-0.568542
11379.875000	-0.574036
11380.000000	-0.561523
11380.125000	-0.563354
11380.250000	-0.627136
11380.375000	-0.566101
11380.500000	-0.565796
11380.625000	-0.624390
11380.750000	-0.561523
11380.875000	-0.555420
11381.000000	-0.557251
11381.125000	-0.557861
11381.250000	-0.602112
11381.375000	-0.554809
11381.500000	-0.572510
11381.625000	-0.571289
11381.750000	-0.507507
11381.875000	-0.565491
11382.000000	-0.588074
11382.125000	-0.520935
11382.250000	-0.520630
11382.375000	-0.578613
11382.500000	-0.583496
11382.625000	-0.504150
11382.750000	-0.505066
11382.875000	-0.630188
11383.000000	-0.523682
11383.125000	-0.570373
11383.250000	-0.563354
11383.375000	-0.563354
11383.500000	-0.574646
11383.625000	-0.591125
11383.750000	-0.603943
11383.875000	-0.546875
11384.000000	-0.549316
11384.125000	-0.551758
11384.250000	-0.533447
11384.375000	-0.541992
11384.500000	-0.543823
11384.625000	-0.499573
11384.750000	-0.549621
11384.875000	-0.538330
11385.000000	-0.535278
11385.125000	-0.533752
11385.250000	-0.550232
11385.375000	-0.552368
11385.500000	-0.561829
11385.625000	-0.562439
11385.750000	-0.537720
11385.875000	-0.505066
11386.000000	-0.582275
11386.125000	-0.543823
11386.250000	-0.543518
11386.375000	-0.603332
11386.500000	-0.581360
11386.625000	-0.516357
11386.750000	-0.509643
11386.875000	-0.539856
11387.000000	-0.550842
11387.125000	-0.533447
11387.250000	-0.526733
11387.375000	-0.524292
11387.500000	-0.545349
11387.625000	-0.523987
11387.750000	-0.512085
11387.875000	-0.539246
11388.000000	-0.542297
11388.125000	-0.518799
11388.250000	-0.537720
11388.375000	-0.522766
11388.500000	-0.521240
11388.625000	-0.598755
11388.750000	-0.532837
11388.875000	-0.552978
11389.000000	-0.558777
11389.125000	-0.559997
11389.250000	-0.525513
11389.375000	-0.553589
11389.500000	-0.525818
11389.625000	-0.523682
11389.750000	-0.537109
11389.875000	-0.457458
11390.000000	-0.468750
11390.125000	-0.515442
11390.250000	-0.517273
11390.375000	-0.561829
11390.500000	-0.480041
11390.625000	-0.534668
11390.750000	-0.534058
11390.875000	-0.521240
11391.000000	-0.484619
11391.125000	-0.596924
11391.250000	-0.512695
11391.375000	-0.512085
11391.500000	-0.553589
11391.625000	-0.534973
11391.750000	-0.520325
11391.875000	-0.562134
11392.000000	-0.545654
11392.125000	-0.502624
11392.250000	-0.552368
11392.375000	-0.559082
11392.500000	-0.559387
11392.625000	-0.516052
11392.750000	-0.574951
11392.875000	-0.545959
11393.000000	-0.493774
11393.125000	-0.497436
11393.250000	-0.525818
11393.375000	-0.505066
11393.500000	-0.546265
11393.625000	-0.544434
11393.750000	-0.658874
11393.875000	-0.513000
11394.000000	-0.525513
11394.125000	-0.543518
11394.250000	-0.542297
11394.375000	-0.490723
11394.500000	-0.478210
11394.625000	-0.521240
11394.750000	-0.520935
11394.875000	-0.500183
11395.000000	-0.475464
11395.125000	-0.505981
11395.250000	-0.500183
11395.375000	-0.500183
11395.500000	-0.498047
11395.625000	-0.479736
11395.750000	-0.485229
11395.875000	-0.480957
11396.000000	-0.451965
11396.125000	-0.478210
11396.250000	-0.450439
11396.375000	-0.451660
11396.500000	-0.451355
11396.625000	-0.541077
11396.750000	-0.492248
11396.875000	-0.504455
11397.000000	-0.475159
11397.125000	-0.478210
11397.250000	-0.496826
11397.375000	-0.432739
11397.500000	-0.483093
11397.625000	-0.484314
11397.750000	-0.484009
11397.875000	-0.462341
11398.000000	-0.439453
11398.125000	-0.426025
11398.250000	-0.427551
11398.375000	-0.431518
11398.500000	-0.518188
11398.625000	-0.514221
11398.750000	-0.514831
11398.875000	-0.492859
11399.000000	-0.486145
11399.125000	-0.462952
11399.250000	-0.455017
11399.375000	-0.454712
11399.500000	-0.421142
11399.625000	-0.447388
11399.750000	-0.494995
11399.875000	-0.394897
11400.000000	-0.397034
11400.125000	-0.444641
11400.250000	-0.429077
11400.375000	-0.455627
11400.500000	-0.455933
11400.625000	-0.466614
11400.750000	-0.438538
11400.875000	-0.448608
11401.000000	-0.448913
11401.125000	-0.466919
11401.250000	-0.384216
11401.375000	-0.429993
11401.500000	-0.443115
11401.625000	-0.442810
11401.750000	-0.402222
11401.875000	-0.431213
11402.000000	-0.465393
11402.125000	-0.463562
11402.250000	-0.447998
11402.375000	-0.422668
11402.500000	-0.410461
11402.625000	-0.380554
11402.750000	-0.380249
11402.875000	-0.425415
11403.000000	-0.446167
11403.125000	-0.389709
11403.250000	-0.386658
11403.375000	-0.430298
11403.500000	-0.397644
11403.625000	-0.362244
11403.750000	-0.489502
11403.875000	-0.488281
11404.000000	-0.386658
11404.125000	-0.372620
11404.250000	-0.382690
11404.375000	-0.452270
11404.500000	-0.455017
11404.625000	-0.373535
11404.750000	-0.371704
11404.875000	-0.401306
11405.000000	-0.397949
11405.125000	-0.405884
11405.250000	-0.357666
11405.375000	-0.398559
11405.500000	-0.427246
11405.625000	-0.426636
11405.750000	-0.406189
11405.875000	-0.360413
11406.000000	-0.444946
11406.125000	-0.442810
11406.250000	-0.406189
11406.375000	-0.425415
11406.500000	-0.414734
11406.625000	-0.379333
11406.750000	-0.378418
11406.875000	-0.388489
11407.000000	-0.394897
11407.125000	-0.414734
11407.250000	-0.411072
11407.375000	-0.361328
11407.500000	-0.368042
11407.625000	-0.437927
11407.750000	-0.396118
11407.875000	-0.396728
11408.000000	-0.349121
11408.125000	-0.431213
11408.250000	-0.324707
11408.375000	-0.386658
11408.500000	-0.377808
11408.625000	-0.412598
11408.750000	-0.443115
11408.875000	-0.396423
11409.000000	-0.394592
11409.125000	-0.361938
11409.250000	-0.306702
11409.375000	-0.390625
11409.500000	-0.378723
11409.625000	-0.378723
11409.750000	-0.350342
11409.875000	-0.375061
11410.000000	-0.356140
11410.125000	-0.350952
11410.250000	-0.359497
11410.375000	-0.348511
11410.500000	-0.347595
11410.625000	-0.324097
11410.750000	-0.322571
11410.875000	-0.375366
11411.000000	-0.331421
11411.125000	-0.396728
11411.250000	-0.276184
11411.375000	-0.280151
11411.500000	-0.383911
11411.625000	-0.304260
11411.750000	-0.284424
11411.875000	-0.283508
11412.000000	-0.331726
11412.125000	-0.337219
11412.250000	-0.311890
11412.375000	-0.376587
11412.500000	-0.376892
11412.625000	-0.389099
11412.750000	-0.331726
11412.875000	-0.355835
11413.000000	-0.352173
11413.125000	-0.335388
11413.250000	-0.331726
11413.375000	-0.267639
11413.500000	-0.305176
11413.625000	-0.304260
11413.750000	-0.266418
11413.875000	-0.334167
11414.000000	-0.329590
11414.125000	-0.326233
11414.250000	-0.193787
11414.375000	-0.299377
11414.500000	-0.295105
11414.625000	-0.288696
11414.750000	-0.286865
11414.875000	-0.289307
11415.000000	-0.330505
11415.125000	-0.263977
11415.250000	-0.257568
11415.375000	-0.263672
11415.500000	-0.293274
11415.625000	-0.287170
11415.750000	-0.286255
11415.875000	-0.286255
11416.000000	-0.280151
11416.125000	-0.323791
11416.250000	-0.324097
11416.375000	-0.319824
11416.500000	-0.229797
11416.625000	-0.275879
11416.750000	-0.287781
11416.875000	-0.301208
11417.000000	-0.299377
11417.125000	-0.226746
11417.250000	-0.218506
11417.375000	-0.265198
11417.500000	-0.260010
11417.625000	-0.288696
11417.750000	-0.265198
11417.875000	-0.282593
11418.000000	-0.262451
11418.125000	-0.259399
11418.250000	-0.235901
11418.375000	-0.228271
11418.500000	-0.282593
11418.625000	-0.300293
11418.750000	-0.302429
11418.875000	-0.188904
11419.000000	-0.229187
11419.125000	-0.245361
11419.250000	-0.244751
11419.375000	-0.291443
11419.500000	-0.212402
11419.625000	-0.238037
11419.750000	-0.288696
11419.875000	-0.286255
11420.000000	-0.229492
11420.125000	-0.236511
11420.250000	-0.248718
11420.375000	-0.243835
11420.500000	-0.178833
11420.625000	-0.245056
11420.750000	-0.344238
11420.875000	-0.236206
11421.000000	-0.234680
11421.125000	-0.228577
11421.250000	-0.227356
11421.375000	-0.212707
11421.500000	-0.230713
11421.625000	-0.231323
11421.750000	-0.195618
11421.875000	-0.200806
11422.000000	-0.176392
11422.125000	-0.176392
11422.250000	-0.194397
11422.375000	-0.261841
11422.500000	-0.240784
11422.625000	-0.229187
11422.750000	-0.227966
11422.875000	-0.210876
11423.000000	-0.166626
11423.125000	-0.143127
11423.250000	-0.140686
11423.375000	-0.187378
11423.500000	-0.186157
11423.625000	-0.390625
11423.750000	-0.088196
11423.875000	-0.087891
11424.000000	-0.212402
11424.125000	-0.179748
11424.250000	-0.168762
11424.375000	-0.164795
11424.500000	-0.202942
11424.625000	-0.200500
11424.750000	-0.136719
11424.875000	-0.186157
11425.000000	-0.185547
11425.125000	-0.100098
11425.250000	-0.174560
11425.375000	-0.177612
11425.500000	-0.176086
11425.625000	-0.128784
11425.750000	-0.056763
11425.875000	-0.059509
11426.000000	-0.180359
11426.125000	-0.178528
11426.250000	-0.099487
11426.375000	-0.192871
11426.500000	-0.098572
11426.625000	-0.096435
11426.750000	-0.092468
11426.875000	-0.188904
11427.000000	-0.144043
11427.125000	-0.166016
11427.250000	-0.164795
11427.375000	-0.193176
11427.500000	-0.220337
11427.625000	-0.160828
11427.750000	-0.112915
11427.875000	-0.114441
11428.000000	-0.100403
11428.125000	-0.084839
11428.250000	-0.126038
11428.375000	-0.124512
11428.500000	-0.186767
11428.625000	-0.031433
11428.750000	-0.139160
11428.875000	-0.120850
11429.000000	-0.118103
11429.125000	-0.095825
11429.250000	-0.108337
11429.375000	-0.098572
11429.500000	-0.094910
11429.625000	-0.021667
11429.750000	-0.152588
11429.875000	-0.075073
11430.000000	-0.096130
11430.125000	-0.095215
11430.250000	-0.097046
11430.375000	-0.075073
11430.500000	-0.151672
11430.625000	-0.030517
11430.750000	-0.029602
11430.875000	-0.074768
11431.000000	-0.095825
11431.125000	-0.093994
11431.250000	-0.092773
11431.375000	-0.095825
11431.500000	-0.080566
11431.625000	-0.095825
11431.750000	-0.120239
11431.875000	-0.119324
11432.000000	-0.076294
11432.125000	-0.072021
11432.250000	-0.074158
11432.375000	-0.073547
11432.500000	-0.013122
11432.625000	-0.062866
11432.750000	-0.023498
11432.875000	-0.061951
11433.000000	-0.060120
11433.125000	-0.043945
11433.250000	-0.058594
11433.375000	-0.064087
11433.500000	-0.061951
11433.625000	-0.014648
11433.750000	-0.055237
11433.875000	-0.028076
11434.000000	-0.020142
11434.125000	-0.018005
11434.250000	-0.034790
11434.375000	-0.019226
11434.500000	-0.029297
11434.625000	-0.008240
11434.750000	-0.009155
11434.875000	-0.021057
11435.000000	-0.010071
11435.125000	-0.023193
11435.250000	-0.021362
11435.375000	-0.041809
11435.500000	-0.005188
11435.625000	0.002136
11435.750000	0.019226
11435.875000	0.017090
11436.000000	0.002136
11436.125000	-0.009460
11436.250000	-0.026550
11436.375000	-0.028076
11436.500000	0.000305
11436.625000	-0.025635
11436.750000	-0.017700
11436.875000	0.018311
11437.000000	0.019837
11437.125000	0.013733
11437.250000	0.047302
11437.375000	0.033264
11437.500000	0.034180
11437.625000	-0.002746
11437.750000	0.041504
11437.875000	0.029297
11438.000000	0.041504
11438.125000	0.041809
11438.250000	0.008545
11438.375000	0.018921
11438.500000	0.046997
11438.625000	0.047913
11438.750000	0.029602
11438.875000	0.039063
11439.000000	0.055847
11439.125000	0.067749
11439.250000	0.070496
11439.375000	0.020752
11439.500000	0.050354
11439.625000	0.028076
11439.750000	0.030212
11439.875000	0.034790
11440.000000	0.101624
11440.125000	0.043030
11440.250000	0.064087
11440.375000	0.063782
11440.500000	0.036011
11440.625000	0.072937
11440.750000	0.079956
11440.875000	0.073853
11441.000000	0.075989
11441.125000	0.052490
11441.250000	0.089722
11441.375000	0.101318
11441.500000	0.102234
11441.625000	0.078735
11441.750000	0.094910
11441.875000	0.109863
11442.000000	0.037537
11442.125000	0.036926
11442.250000	0.082092
11442.375000	0.093079
11442.500000	0.057068
11442.625000	0.058594
11442.750000	0.060425
11442.875000	0.065918
11443.000000	0.125122
11443.125000	0.072327
11443.250000	0.073547
11443.375000	0.045166
11443.500000	0.039673
11443.625000	0.048218
11443.750000	0.040283
11443.875000	0.047913
11444.000000	0.039368
11444.125000	0.060730
11444.250000	0.094299
11444.375000	0.094910
11444.500000	0.047913
11444.625000	0.072937
11444.750000	0.088501
11444.875000	0.080872
11445.000000	0.080872
11445.125000	0.051575
11445.250000	0.094299
11445.375000	0.081177
11445.500000	0.082092
11445.625000	0.079956
11445.750000	0.083008
11445.875000	0.077515
11446.000000	0.067444
11446.125000	0.071411
11446.250000	0.077210
11446.375000	0.050964
11446.500000	0.070801
11446.625000	0.072022
11446.750000	0.095520
11446.875000	0.098572
11447.000000	0.093079
11447.125000	0.075684
11447.250000	0.073547
11447.375000	0.106506
11447.500000	0.091248
11447.625000	0.083008
11447.750000	0.083618
11447.875000	0.138245
11448.000000	0.095520
11448.125000	0.131531
11448.250000	0.111084
11448.375000	0.110779
11448.500000	0.144959
11448.625000	0.123291
11448.750000	0.126343
11448.875000	0.108948
11449.000000	0.108643
11449.125000	0.119019
11449.250000	0.130615
11449.375000	0.114441
11449.500000	0.114136
11449.625000	0.104981
11449.750000	0.108337
11449.875000	0.116577
11450.000000	0.112610
11450.125000	0.112915
11450.250000	0.161438
11450.375000	0.141602
11450.500000	0.134888
11450.625000	0.137024
11450.750000	0.148316
11450.875000	0.180664
11451.000000	0.151672
11451.125000	0.151978
11451.250000	0.151978
11451.375000	0.145569
11451.500000	0.169373
11451.625000	0.203247
11451.750000	0.204773
11451.875000	0.180359
11452.000000	0.177612
11452.125000	0.172730
11452.250000	0.180359
11452.375000	0.181275
11452.500000	0.158691
11452.625000	0.172730
11452.750000	0.140381
11452.875000	0.142212
11453.000000	0.166931
11453.125000	0.204773
11453.250000	0.191040
11453.375000	0.197144
11453.500000	0.198975
11453.625000	0.191345
11453.750000	0.191040
11453.875000	0.168457
11454.000000	0.169373
11454.125000	0.238953
11454.250000	0.193176
11454.375000	0.192261
11454.500000	0.184326
11454.625000	0.184326
11454.750000	0.215454
11454.875000	0.182190
11455.000000	0.213623
11455.125000	0.216065
11455.250000	0.224915
11455.375000	0.234680
11455.500000	0.234680
11455.625000	0.183411
11455.750000	0.184326
11455.875000	0.255432
11456.000000	0.245361
11456.125000	0.222778
11456.250000	0.229492
11456.375000	0.226746
11456.500000	0.251770
11456.625000	0.258179
11456.750000	0.251465
11456.875000	0.252380
11457.000000	0.223999
11457.125000	0.264587
11457.250000	0.262146
11457.375000	0.258789
11457.500000	0.259400
11457.625000	0.251465
11457.750000	0.261536
11457.875000	0.272827
11458.000000	0.248108
11458.125000	0.255432
11458.250000	0.254212
11458.375000	0.293884
11458.500000	0.249329
11458.625000	0.251465
11458.750000	0.275269
11458.875000	0.255127
11459.000000	0.262451
11459.125000	0.266724
11459.250000	0.266113
11459.375000	0.247498
11459.500000	0.292664
11459.625000	0.252991
11459.750000	0.253601
11459.875000	0.266724
11460.000000	0.269775
11460.125000	0.299988
11460.250000	0.322266
11460.375000	0.323486
11460.500000	0.314331
11460.625000	0.266419
11460.750000	0.299988
11460.875000	0.300903
11461.000000	0.326843
11461.125000	0.309143
11461.250000	0.314636
11461.375000	0.319824
11461.500000	0.320129
11461.625000	0.269165
11461.750000	0.316162
11461.875000	0.292969
11462.000000	0.295105
11462.125000	0.310669
11462.250000	0.309754
11462.375000	0.260010
11462.500000	0.332642
11462.625000	0.332642
11462.750000	0.368652
11462.875000	0.339661
11463.000000	0.339050
11463.125000	0.300903
11463.250000	0.299378
11463.375000	0.313721
11463.500000	0.324097
11463.625000	0.341492
11463.750000	0.340881
11463.875000	0.330811
11464.000000	0.383606
11464.125000	0.338135
11464.250000	0.361023
11464.375000	0.361939
11464.500000	0.353394
11464.625000	0.360413
11464.750000	0.361633
11464.875000	0.362244
11465.000000	0.351563
11465.125000	0.394592
11465.250000	0.330811
11465.375000	0.400086
11465.500000	0.399780
11465.625000	0.362244
11465.750000	0.372315
11465.875000	0.364380
11466.000000	0.385437
11466.125000	0.386658
11466.250000	0.360108
11466.375000	0.384522
11466.500000	0.400696
11466.625000	0.403442
11466.750000	0.383606
11466.875000	0.369873
11467.000000	0.406494
11467.125000	0.405884
11467.250000	0.403442
11467.375000	0.375977
11467.500000	0.409546
11467.625000	0.393066
11467.750000	0.393677
11467.875000	0.386047
11468.000000	0.400696
11468.125000	0.420227
11468.250000	0.422974
11468.375000	0.407105
11468.500000	0.413818
11468.625000	0.384522
11468.750000	0.351257
11468.875000	0.351563
11469.000000	0.398865
11469.125000	0.418701
11469.250000	0.426331
11469.375000	0.442810
11469.500000	0.440369
11469.625000	0.403442
11469.750000	0.408936
11469.875000	0.405579
11470.000000	0.407105
11470.125000	0.401306
11470.250000	0.433350
11470.375000	0.409546
11470.500000	0.407105
11470.625000	0.406799
11470.750000	0.409851
11470.875000	0.419006
11471.000000	0.421753
11471.125000	0.421448
11471.250000	0.430908
11471.375000	0.438538
11471.500000	0.422669
11471.625000	0.446472
11471.750000	0.447693
11471.875000	0.454102
11472.000000	0.429993
11472.125000	0.450440
11472.250000	0.451660
11472.375000	0.473938
11472.500000	0.492859
11472.625000	0.442200
11472.750000	0.451050
11472.875000	0.449524
11473.000000	0.443115
11473.125000	0.493469
11473.250000	0.429077
11473.375000	0.430908
11473.500000	0.449524
11473.625000	0.433350
11473.750000	0.463562
11473.875000	0.451355
11474.000000	0.452271
11474.125000	0.444031
11474.250000	0.437927
11474.375000	0.455933
11474.500000	0.492859
11474.625000	0.491638
11474.750000	0.425720
11474.875000	0.484619
11475.000000	0.462341
11475.125000	0.463867
11475.250000	0.469055
11475.375000	0.489197
11475.500000	0.452881
11475.625000	0.458069
11475.750000	0.456848
11475.875000	0.449219
11476.000000	0.465088
11476.125000	0.451965
11476.250000	0.453796
11476.375000	0.485840
11476.500000	0.436096
11476.625000	0.461426
11476.750000	0.480652
11476.875000	0.482483
11477.000000	0.450745
11477.125000	0.488281
11477.250000	0.493775
11477.375000	0.489502
11477.500000	0.488587
11477.625000	0.458069
11477.750000	0.513916
11477.875000	0.484009
11478.000000	0.461121
11478.125000	0.459900
11478.250000	0.434570
11478.375000	0.447083
11478.500000	0.479736
11478.625000	0.487061
11478.750000	0.499268
11478.875000	0.485840
11479.000000	0.475159
11479.125000	0.476685
11479.250000	0.495911
11479.375000	0.480652
11479.500000	0.498657
11479.625000	0.494385
11479.750000	0.493164
11479.875000	0.508118
11480.000000	0.505371
11480.125000	0.469055
11480.250000	0.469360
11480.375000	0.509033
11480.625000	0.494385
11480.750000	0.495911
11480.875000	0.495911
11481.000000	0.505371
11481.125000	0.509033
11481.250000	0.490418
11481.375000	0.557861
11481.500000	0.554504
11481.625000	0.504761
11481.750000	0.473938
11481.875000	0.477600
11482.000000	0.478821
11482.125000	0.506287
11482.250000	0.507507
11482.375000	0.484314
11482.500000	0.487671
11482.625000	0.459900
11482.750000	0.495606
11482.875000	0.505676
11483.000000	0.497437
11483.125000	0.498352
11483.250000	0.498352
11483.375000	0.492859
11483.500000	0.514526
11483.625000	0.527039
11483.750000	0.524292
11483.875000	0.493164
11484.000000	0.515442
11484.125000	0.485840
11484.250000	0.487366
11484.375000	0.477905
11484.500000	0.486755
11484.625000	0.501099
11484.750000	0.516663
11484.875000	0.516358
11485.000000	0.517883
11485.125000	0.502319
11485.250000	0.516052
11485.375000	0.516358
11485.500000	0.496826
11485.625000	0.508423
11485.750000	0.502625
11485.875000	0.542297
11486.000000	0.540772
11486.125000	0.482483
11486.250000	0.536499
11486.375000	0.499878
11486.500000	0.501099
11486.625000	0.480652
11486.750000	0.509033
11486.875000	0.456238
11487.000000	0.533447
11487.125000	0.534058
11487.250000	0.471191
11487.375000	0.476685
11487.500000	0.510864
11487.625000	0.483704
11487.750000	0.485535
11487.875000	0.473938
11488.000000	0.510559
11488.125000	0.556030
11488.250000	0.556030
11488.375000	0.507202
11488.500000	0.509949
11488.625000	0.505676
11488.750000	0.500794
11488.875000	0.499573
11489.000000	0.515137
11489.125000	0.492249
11489.250000	0.509644
11489.375000	0.507813
11489.500000	0.501099
11489.625000	0.496216
11489.750000	0.473938
11489.875000	0.528259
11490.000000	0.528259
11490.125000	0.487671
11490.250000	0.461121
11490.375000	0.464783
11490.500000	0.466614
11490.625000	0.478516
11490.750000	0.509644
11490.875000	0.516663
11491.000000	0.503540
11491.125000	0.503235
11491.250000	0.487061
11491.375000	0.523071
11491.500000	0.439758
11491.625000	0.444336
11491.750000	0.508423
11491.875000	0.483399
11492.000000	0.511170
11492.125000	0.519714
11492.250000	0.520630
11492.375000	0.468140
11492.500000	0.512085
11492.625000	0.466614
11492.750000	0.465088
11492.875000	0.463867
11493.000000	0.475769
11493.125000	0.500794
11493.250000	0.468750
11493.375000	0.469971
11493.500000	0.490723
11493.625000	0.462036
11493.750000	0.506897
11493.875000	0.462341
11494.000000	0.462952
11494.125000	0.481567
11494.250000	0.458069
11494.375000	0.497742
11494.500000	0.498352
11494.625000	0.460510
11494.750000	0.481567
11494.875000	0.481567
11495.000000	0.502930
11495.125000	0.506287
11495.250000	0.458374
11495.375000	0.479126
11495.500000	0.446777
11495.625000	0.448608
11495.750000	0.437927
11495.875000	0.470276
11496.000000	0.462341
11496.125000	0.482483
11496.250000	0.483093
11496.375000	0.438843
11496.500000	0.484619
11496.625000	0.473633
11496.750000	0.426941
11496.875000	0.443115
11497.000000	0.410767
11497.125000	0.420837
11497.250000	0.438843
11497.375000	0.438843
11497.500000	0.464478
11497.625000	0.461426
11497.750000	0.456848
11497.875000	0.469360
11498.000000	0.469360
11498.125000	0.439758
11498.250000	0.419617
11498.375000	0.449524
11498.500000	0.449524
11498.625000	0.411377
11498.750000	0.452881
11498.875000	0.426331
11499.000000	0.424500
11499.125000	0.424500
11499.250000	0.435791
11499.375000	0.393066
11499.500000	0.426636
11499.625000	0.427246
11499.750000	0.404053
11499.875000	0.459900
11500.000000	0.451965
11500.125000	0.423279
11500.250000	0.423889
11500.375000	0.418701
11500.500000	0.417175
11500.625000	0.445557
11500.750000	0.448303
11500.875000	0.414124
11501.000000	0.413513
11501.125000	0.399780
11501.250000	0.391846
11501.375000	0.399170
11501.500000	0.397644
11501.625000	0.397339
11501.750000	0.400391
11501.875000	0.422974
11502.000000	0.424194
11502.125000	0.393982
11502.250000	0.391846
11502.375000	0.392151
11502.500000	0.394898
11502.625000	0.422669
11502.750000	0.397644
11502.875000	0.393372
11503.000000	0.391541
11503.125000	0.391235
11503.250000	0.414124
11503.375000	0.393677
11503.500000	0.364990
11503.625000	0.372315
11503.750000	0.384522
11503.875000	0.381470
11504.000000	0.380859
11504.125000	0.361023
11504.250000	0.360108
11504.375000	0.371094
11504.500000	0.377503
11504.625000	0.380554
11504.750000	0.336609
11504.875000	0.335999
11505.000000	0.364075
11505.125000	0.376892
11505.250000	0.337525
11505.375000	0.336914
11505.500000	0.349426
11505.625000	0.368958
11505.750000	0.332947
11505.875000	0.337830
11506.000000	0.337525
11506.125000	0.401001
11506.250000	0.323181
11506.375000	0.378113
11506.500000	0.380249
11506.625000	0.357361
11506.750000	0.350037
11506.875000	0.362549
11507.000000	0.377197
11507.125000	0.378418
11507.250000	0.357666
11507.375000	0.342712
11507.500000	0.365906
11507.625000	0.369263
11507.750000	0.369568
11507.875000	0.314941
11508.000000	0.376587
11508.125000	0.325012
11508.250000	0.326843
11508.375000	0.330811
11508.500000	0.338135
11508.625000	0.355530
11508.750000	0.324707
11508.875000	0.323181
11509.000000	0.299072
11509.125000	0.300903
11509.250000	0.291138
11509.375000	0.291748
11509.500000	0.309143
11509.625000	0.311890
11509.750000	0.313416
11509.875000	0.267944
11510.000000	0.269775
11510.125000	0.304566
11510.250000	0.284729
11510.375000	0.271912
11510.500000	0.274963
11510.625000	0.304260
11510.750000	0.313416
11510.875000	0.311890
11511.000000	0.280457
11511.125000	0.282898
11511.250000	0.278931
11511.375000	0.305786
11511.500000	0.316773
11511.625000	0.319214
11511.750000	0.265198
11511.875000	0.271607
11512.000000	0.281067
11512.125000	0.286865
11512.250000	0.287476
11512.375000	0.271607
11512.500000	0.271607
11512.625000	0.253601
11512.750000	0.258789
11512.875000	0.248718
11513.000000	0.238037
11513.125000	0.237427
11513.250000	0.284729
11513.375000	0.285034
11513.500000	0.280762
11513.625000	0.273438
11513.750000	0.242310
11513.875000	0.242615
11514.000000	0.243225
11514.125000	0.237122
11514.250000	0.260315
11514.375000	0.234070
11514.500000	0.232544
11514.625000	0.211487
11514.750000	0.237427
11514.875000	0.223389
11515.000000	0.241089
11515.125000	0.239563
11515.250000	0.197449
11515.375000	0.203247
11515.500000	0.232849
11515.625000	0.235291
11515.750000	0.226746
11515.875000	0.215454
11516.000000	0.195313
11516.125000	0.215149
11516.250000	0.214233
11516.375000	0.220337
11516.500000	0.181885
11516.625000	0.214233
11516.750000	0.214539
11516.875000	0.211182
11517.000000	0.173645
11517.125000	0.211487
11517.250000	0.162354
11517.375000	0.163574
11517.500000	0.207520
11517.625000	0.206299
11517.750000	0.180969
11517.875000	0.179749
11518.000000	0.177918
11518.125000	0.185547
11518.250000	0.173645
11518.375000	0.172119
11518.500000	0.171814
11518.625000	0.180359
11518.750000	0.164795
11518.875000	0.167236
11519.000000	0.166626
11519.125000	0.166321
11519.250000	0.177002
11519.375000	0.147400
11519.500000	0.176392
11519.625000	0.177002
11519.750000	0.090637
11519.875000	0.171509
11520.000000	0.110474
11520.125000	0.175781
11520.250000	0.177307
11520.375000	0.176392
11520.500000	0.160523
11520.625000	0.148316
11520.750000	0.148621
11520.875000	0.143433
11521.000000	0.144043
11521.125000	0.137024
11521.250000	0.137024
11521.375000	0.137329
11521.500000	0.111084
11521.625000	0.129395
11521.750000	0.113525
11521.875000	0.114136
11522.000000	0.130615
11522.125000	0.149841
11522.250000	0.110169
11522.375000	0.113525
11522.500000	0.113220
11522.625000	0.090332
11522.750000	0.063782
11522.875000	0.099487
11523.000000	0.114441
11523.125000	0.113831
11523.250000	0.068665
11523.375000	0.079651
11523.500000	0.093689
11523.625000	0.095520
11523.750000	0.085144
11523.875000	0.045166
11524.000000	0.100098
11524.125000	0.090942
11524.250000	0.090942
11524.375000	0.093384
11524.500000	0.089417
11524.625000	0.106201
11524.750000	0.107727
11524.875000	0.083313
11525.000000	0.066834
11525.125000	0.073547
11525.250000	0.073547
11525.375000	0.075684
11525.500000	0.043030
11525.625000	0.061340
11525.750000	0.060730
11525.875000	0.061646
11526.000000	0.047302
11526.125000	0.054932
11526.250000	0.077515
11526.375000	0.057373
11526.500000	0.060730
11526.625000	0.038147
11526.750000	0.041199
11526.875000	0.023193
11527.000000	0.023193
11527.125000	0.045776
11527.250000	0.007019
11527.375000	0.007019
11527.500000	0.009766
11527.625000	0.010986
11527.750000	0.007629
11527.875000	0.003967
11528.000000	0.011292
11528.125000	0.012817
11528.250000	0.019531
11528.375000	0.029602
11528.500000	0.005188
11528.625000	0.030518
11528.750000	0.030212
11528.875000	-0.012512
11529.000000	0.011292
11529.125000	-0.020142
11529.250000	-0.001831
11529.375000	-0.003662
11529.500000	0.033875
11529.625000	-0.025635
11529.750000	-0.025635
11529.875000	-0.028076
11530.000000	0.001526
11530.125000	-0.037842
11530.250000	-0.027771
11530.375000	-0.022583
11530.500000	-0.021362
11530.625000	-0.021667
11530.750000	-0.066833
11530.875000	-0.057068
11531.000000	-0.059204
11531.125000	-0.041809
11531.250000	0.014038
11531.375000	-0.013122
11531.500000	0.002136
11531.625000	0.003357
11531.750000	-0.037537
11531.875000	-0.047913
11532.000000	-0.015869
11532.125000	-0.016785
11532.250000	-0.042419
11532.375000	-0.001526
11532.500000	-0.040893
11532.625000	-0.047607
11532.750000	-0.045471
11532.875000	-0.036621
11533.000000	-0.051880
11533.125000	-0.068359
11533.250000	-0.025940
11533.375000	-0.025330
11533.500000	-0.092468
11533.625000	-0.059204
11533.750000	-0.071106
11533.875000	-0.073547
11534.000000	-0.072937
11534.125000	-0.076599
11534.250000	-0.108337
11534.375000	-0.094910
11534.500000	-0.090942
11534.625000	-0.071716
11534.750000	-0.111084
11534.875000	-0.113220
11535.000000	-0.110779
11535.125000	-0.122070
11535.250000	-0.122986
11535.375000	-0.114746
11535.500000	-0.082703
11535.625000	-0.080871
11535.750000	-0.096130
11535.875000	-0.122681
11536.000000	-0.103149
11536.125000	-0.101318
11536.250000	-0.120239
11536.375000	-0.131225
11536.500000	-0.105286
11536.625000	-0.155029
11536.750000	-0.154114
11536.875000	-0.127869
11537.000000	-0.118713
11537.125000	-0.098572
11537.250000	-0.095215
11537.375000	-0.116272
11537.500000	-0.135193
11537.625000	-0.112305
11537.750000	-0.149231
11537.875000	-0.147400
11538.000000	-0.155640
11538.125000	-0.131225
11538.250000	-0.171814
11538.375000	-0.141601
11538.500000	-0.144043
11538.625000	-0.155640
11538.750000	-0.134277
11538.875000	-0.167541
11539.000000	-0.166016
11539.125000	-0.178528
11539.250000	-0.184021
11539.375000	-0.158081
11539.500000	-0.154114
11539.625000	-0.154419
11539.750000	-0.176086
11539.875000	-0.184021
11540.000000	-0.189514
11540.125000	-0.189209
11540.250000	-0.194397
11540.375000	-0.185242
11540.500000	-0.175171
11540.625000	-0.222473
11540.750000	-0.221252
11540.875000	-0.167541
11541.000000	-0.210266
11541.125000	-0.181885
11541.250000	-0.175476
11541.375000	-0.200500
11541.500000	-0.181885
11541.625000	-0.217285
11541.750000	-0.200195
11541.875000	-0.198059
11542.000000	-0.196533
11542.125000	-0.203552
11542.250000	-0.236816
11542.375000	-0.210571
11542.500000	-0.209350
11542.625000	-0.230713
11542.750000	-0.247192
11542.875000	-0.258484
11543.000000	-0.258179
11543.125000	-0.223694
11543.250000	-0.220337
11543.375000	-0.260620
11543.500000	-0.263977
11543.625000	-0.262756
11543.750000	-0.252075
11543.875000	-0.235290
11544.000000	-0.251770
11544.250000	-0.251160
11544.375000	-0.235290
11544.500000	-0.232239
11544.625000	-0.248718
11544.750000	-0.247192
11544.875000	-0.261841
11545.000000	-0.278015
11545.125000	-0.281677
11545.250000	-0.278931
11545.375000	-0.231628
11545.500000	-0.265808
11545.625000	-0.240173
11545.750000	-0.267944
11545.875000	-0.267029
11546.000000	-0.242309
11546.125000	-0.270691
11546.250000	-0.284424
11546.375000	-0.290527
11546.500000	-0.284119
11546.625000	-0.295410
11546.750000	-0.278931
11546.875000	-0.302124
11547.000000	-0.301514
11547.125000	-0.319824
11547.250000	-0.275879
11547.375000	-0.255127
11547.500000	-0.321045
11547.625000	-0.321960
11547.750000	-0.273437
11547.875000	-0.318603
11548.000000	-0.282593
11548.125000	-0.279236
11548.250000	-0.297851
11548.375000	-0.306091
11548.500000	-0.296631
11548.625000	-0.307007
11548.750000	-0.305786
11548.875000	-0.299377
11549.000000	-0.314941
11549.125000	-0.318909
11549.250000	-0.316467
11549.375000	-0.303039
11549.500000	-0.332336
11549.625000	-0.332031
11549.750000	-0.333557
11549.875000	-0.333252
11550.000000	-0.320129
11550.125000	-0.338745
11550.250000	-0.342712
11550.375000	-0.320740
11550.500000	-0.319824
11550.625000	-0.332336
11550.750000	-0.345764
11550.875000	-0.326538
11551.000000	-0.325317
11551.125000	-0.373535
11551.250000	-0.310059
11551.375000	-0.346069
11551.500000	-0.357971
11551.625000	-0.356140
11551.750000	-0.335388
11551.875000	-0.335998
11552.000000	-0.381775
11552.125000	-0.380554
11552.250000	-0.333252
11552.375000	-0.371094
11552.500000	-0.372314
11552.625000	-0.361328
11552.750000	-0.361328
11552.875000	-0.371399
11553.000000	-0.364990
11553.125000	-0.357971
11553.250000	-0.353699
11553.375000	-0.379944
11553.500000	-0.383606
11553.625000	-0.373535
11553.750000	-0.368042
11553.875000	-0.363769
11554.000000	-0.399170
11554.125000	-0.377808
11554.250000	-0.381164
11554.375000	-0.377808
11554.500000	-0.375976
11554.625000	-0.394287
11554.750000	-0.405273
11554.875000	-0.391846
11555.000000	-0.389709
11555.125000	-0.386963
11555.250000	-0.395813
11555.375000	-0.361633
11555.500000	-0.360413
11555.625000	-0.347595
11555.750000	-0.402222
11555.875000	-0.391540
11556.000000	-0.413818
11556.125000	-0.411987
11556.250000	-0.422058
11556.375000	-0.384521
11556.500000	-0.390320
11556.625000	-0.392456
11556.750000	-0.395203
11556.875000	-0.399170
11557.000000	-0.416870
11557.125000	-0.423279
11557.250000	-0.420227
11557.375000	-0.389404
11557.500000	-0.447388
11557.625000	-0.432434
11557.750000	-0.434265
11557.875000	-0.435181
11558.000000	-0.459595
11558.125000	-0.437927
11558.250000	-0.444946
11558.375000	-0.481567
11558.500000	-0.464783
11558.625000	-0.435791
11558.750000	-0.468140
11558.875000	-0.453186
11559.000000	-0.455017
11559.125000	-0.423584
11559.250000	-0.435486
11559.375000	-0.444336
11559.500000	-0.442810
11559.625000	-0.445557
11559.750000	-0.462036
11559.875000	-0.439148
11560.000000	-0.444641
11560.125000	-0.443420
11560.250000	-0.470581
11560.375000	-0.418396
11560.500000	-0.444946
11560.625000	-0.451965
11560.750000	-0.450745
11560.875000	-0.456543
11561.000000	-0.487976
11561.125000	-0.469055
11561.250000	-0.471496
11561.375000	-0.468750
11561.500000	-0.459595
11561.625000	-0.461121
11561.750000	-0.483093
11561.875000	-0.480957
11562.000000	-0.472412
11562.125000	-0.462646
11562.250000	-0.483704
11562.375000	-0.480347
11562.500000	-0.505676
11562.625000	-0.493774
11562.750000	-0.483704
11562.875000	-0.485840
11563.000000	-0.486755
11563.125000	-0.467224
11563.250000	-0.493469
11563.375000	-0.477905
11563.500000	-0.483093
11563.625000	-0.485535
11563.750000	-0.502624
11563.875000	-0.502319
11564.000000	-0.464783
11564.125000	-0.463867
11564.250000	-0.496216
11564.375000	-0.511475
11564.500000	-0.500488
11564.625000	-0.495300
11564.750000	-0.523071
11564.875000	-0.477600
11565.000000	-0.484009
11565.125000	-0.505371
11565.250000	-0.504455
11565.375000	-0.481262
11565.500000	-0.479736
11565.625000	-0.514526
11565.750000	-0.495300
11565.875000	-0.499573
11566.000000	-0.509338
11566.125000	-0.522766
11566.250000	-0.511780
11566.375000	-0.512390
11566.500000	-0.523376
11566.625000	-0.503235
11566.750000	-0.484924
11566.875000	-0.516357
11567.000000	-0.517273
11567.125000	-0.527649
11567.250000	-0.516663
11567.375000	-0.515747
11567.500000	-0.515137
11567.625000	-0.492859
11567.750000	-0.517578
11567.875000	-0.545654
11568.000000	-0.500793
11568.125000	-0.498962
11568.250000	-0.533752
11568.375000	-0.513306
11568.500000	-0.527038
11568.625000	-0.523376
11568.750000	-0.523071
11568.875000	-0.531616
11569.000000	-0.563049
11569.125000	-0.533142
11569.250000	-0.532226
11569.375000	-0.514526
11569.500000	-0.524292
11569.625000	-0.541992
11569.750000	-0.514831
11569.875000	-0.513916
11570.000000	-0.565185
11570.125000	-0.508118
11570.250000	-0.535889
11570.375000	-0.533752
11570.500000	-0.582275
11570.625000	-0.545349
11570.750000	-0.555115
11570.875000	-0.502014
11571.000000	-0.500793
11571.125000	-0.545654
11571.250000	-0.518494
11571.375000	-0.549316
11571.500000	-0.547180
11571.625000	-0.559387
11571.750000	-0.562134
11571.875000	-0.577087
11572.000000	-0.567017
11572.125000	-0.565185
11572.250000	-0.566101
11572.375000	-0.538635
11572.500000	-0.551453
11572.625000	-0.546875
11572.750000	-0.553284
11572.875000	-0.537720
11573.000000	-0.572205
11573.125000	-0.534058
11573.250000	-0.533447
11573.375000	-0.554809
11573.500000	-0.556335
11573.625000	-0.549927
11573.750000	-0.541992
11573.875000	-0.567627
11574.000000	-0.539856
11574.125000	-0.562439
11574.250000	-0.592346
11574.375000	-0.591125
11574.500000	-0.577392
11574.625000	-0.561523
11574.750000	-0.553284
11574.875000	-0.566406
11575.000000	-0.566711
11575.125000	-0.628357
11575.250000	-0.583191
11575.375000	-0.589294
11575.500000	-0.590210
11575.625000	-0.536804
11575.750000	-0.586243
11575.875000	-0.585022
11576.000000	-0.559387
11576.125000	-0.558166
11576.250000	-0.582275
11576.375000	-0.576477
11576.500000	-0.611877
11576.625000	-0.617676
11576.750000	-0.598144
11576.875000	-0.588379
11577.000000	-0.546570
11577.125000	-0.585327
11577.250000	-0.585327
11577.375000	-0.542908
11577.500000	-0.578613
11577.625000	-0.569153
11577.750000	-0.583496
11577.875000	-0.584106
11578.000000	-0.596619
11578.125000	-0.629272
11578.250000	-0.593872
11578.375000	-0.592041
11578.500000	-0.603332
11578.625000	-0.602417
11578.750000	-0.593567
11578.875000	-0.588684
11579.000000	-0.585937
11579.125000	-0.613708
11579.250000	-0.569153
11579.375000	-0.592041
11579.500000	-0.589905
11579.625000	-0.585937
11579.750000	-0.573120
11579.875000	-0.595703
11580.000000	-0.563049
11580.125000	-0.562744
11580.250000	-0.606995
11580.375000	-0.589600
11580.500000	-0.568542
11580.625000	-0.563354
11580.750000	-0.601196
11580.875000	-0.568237
11581.000000	-0.606079
11581.125000	-0.583191
11581.250000	-0.581360
11581.375000	-0.588074
11581.500000	-0.602722
11581.625000	-0.593567
11581.750000	-0.613708
11581.875000	-0.616760
11582.000000	-0.610657
11582.125000	-0.586243
11582.250000	-0.620422
11582.375000	-0.621033
11582.500000	-0.541687
11582.625000	-0.602112
11582.750000	-0.598144
11582.875000	-0.590515
11583.000000	-0.587768
11583.125000	-0.608520
11583.250000	-0.598144
11583.375000	-0.601501
11583.500000	-0.600281
11583.625000	-0.619202
11583.750000	-0.622253
11583.875000	-0.619202
11584.000000	-0.619812
11584.125000	-0.619507
11584.250000	-0.623474
11584.375000	-0.613098
11584.500000	-0.603638
11584.625000	-0.600281
11584.750000	-0.642090
11584.875000	-0.641479
11585.000000	-0.629883
11585.125000	-0.627746
11585.250000	-0.628662
11585.375000	-0.593872
11585.500000	-0.617676
11585.625000	-0.624695
11585.750000	-0.635681
11585.875000	-0.619202
11586.000000	-0.636902
11586.125000	-0.650330
11586.250000	-0.610962
11586.375000	-0.610351
11586.500000	-0.616760
11586.625000	-0.629883
11586.750000	-0.637817
11586.875000	-0.635071
11587.000000	-0.657654
11587.125000	-0.617371
11587.250000	-0.632019
11587.375000	-0.619507
11587.500000	-0.620727
11587.625000	-0.624084
11587.750000	-0.642700
11587.875000	-0.626526
11588.000000	-0.641785
11588.125000	-0.643921
11588.250000	-0.663757
11588.375000	-0.657654
11588.500000	-0.619507
11588.625000	-0.619507
11588.750000	-0.617676
11588.875000	-0.639038
11589.000000	-0.638122
11589.125000	-0.650024
11589.250000	-0.650635
11589.375000	-0.595093
11589.500000	-0.642700
11589.625000	-0.636597
11589.750000	-0.631409
11589.875000	-0.623169
11590.000000	-0.664673
11590.125000	-0.639038
11590.250000	-0.673828
11590.375000	-0.671692
11590.500000	-0.632934
11590.625000	-0.624695
11590.750000	-0.682373
11590.875000	-0.642700
11591.000000	-0.646973
11591.125000	-0.596619
11591.250000	-0.657654
11591.375000	-0.626831
11591.500000	-0.625610
11591.625000	-0.626831
11591.750000	-0.610046
11591.875000	-0.602722
11592.000000	-0.673218
11592.125000	-0.656738
11592.250000	-0.642700
11592.375000	-0.626526
11592.500000	-0.659485
11592.625000	-0.657349
11592.750000	-0.621643
11592.875000	-0.656433
11593.000000	-0.619202
11593.125000	-0.627136
11593.250000	-0.626831
11593.375000	-0.655517
11593.500000	-0.604553
11593.625000	-0.682678
11593.750000	-0.681152
11593.875000	-0.623779
11594.000000	-0.675964
11594.125000	-0.629272
11594.250000	-0.642090
11594.375000	-0.644226
11594.500000	-0.655212
11594.625000	-0.652466
11594.750000	-0.650024
11594.875000	-0.649414
11595.000000	-0.643616
11595.125000	-0.615539
11595.250000	-0.660095
11595.375000	-0.670166
11595.500000	-0.670776
11595.625000	-0.596313
11595.750000	-0.628662
11595.875000	-0.637207
11596.000000	-0.633545
11596.125000	-0.652771
11596.250000	-0.650940
11596.375000	-0.651245
11596.500000	-0.676880
11596.625000	-0.674744
11596.750000	-0.679016
11596.875000	-0.681763
11597.000000	-0.632019
11597.125000	-0.698852
11597.250000	-0.687256
11597.375000	-0.635071
11597.500000	-0.662537
11597.625000	-0.639038
11597.750000	-0.638428
11597.875000	-0.691833
11598.000000	-0.654602
11598.125000	-0.627441
11598.250000	-0.679932
11598.375000	-0.679321
11598.500000	-0.660705
11598.625000	-0.657654
11598.750000	-0.663452
11598.875000	-0.661011
11599.000000	-0.643616
11599.125000	-0.626831
11599.250000	-0.701599
11599.375000	-0.648498
11599.500000	-0.647888
11599.625000	-0.682983
11599.750000	-0.670471
11599.875000	-0.682068
11600.000000	-0.657043
11600.125000	-0.659790
11600.250000	-0.661926
11600.375000	-0.628052
11600.500000	-0.663452
11600.625000	-0.663452
11600.750000	-0.638428
11600.875000	-0.670166
11601.000000	-0.681763
11601.125000	-0.643921
11601.250000	-0.643616
11601.375000	-0.652161
11601.500000	-0.669861
11601.625000	-0.639954
11601.750000	-0.639038
11601.875000	-0.676269
11602.000000	-0.643921
11602.125000	-0.646362
11602.250000	-0.650024
11602.375000	-0.649719
11602.500000	-0.672607
11602.625000	-0.658264
11602.750000	-0.656738
11602.875000	-0.655212
11603.000000	-0.666504
11603.125000	-0.642090
11603.250000	-0.659485
11603.375000	-0.670166
11603.500000	-0.670166
11603.625000	-0.655212
11603.750000	-0.645752
11603.875000	-0.670471
11604.000000	-0.661011
11604.125000	-0.647278
11604.250000	-0.623474
11604.375000	-0.653076
11604.500000	-0.655517
11604.625000	-0.654602
11604.750000	-0.679626
11604.875000	-0.625610
11605.000000	-0.661926
11605.125000	-0.682678
11605.250000	-0.681457
11605.375000	-0.666504
11605.500000	-0.653076
11605.625000	-0.646057
11605.750000	-0.645752
11605.875000	-0.671387
11606.000000	-0.657654
11606.125000	-0.644531
11606.250000	-0.650330
11606.375000	-0.646973
11606.500000	-0.692444
11606.625000	-0.650024
11606.750000	-0.652161
11606.875000	-0.651245
11607.000000	-0.635071
11607.125000	-0.698547
11607.250000	-0.665588
11607.375000	-0.663757
11607.500000	-0.663452
11607.625000	-0.651855
11607.750000	-0.649414
11607.875000	-0.668030
11608.000000	-0.665588
11608.125000	-0.651855
11608.250000	-0.663452
11608.375000	-0.658569
11608.500000	-0.690308
11608.625000	-0.690002
11608.750000	-0.623169
11608.875000	-0.686645
11609.000000	-0.614624
11609.125000	-0.683899
11609.250000	-0.688476
11609.375000	-0.687866
11609.500000	-0.682068
11609.625000	-0.653076
11609.750000	-0.650940
11609.875000	-0.677795
11610.000000	-0.681152
11610.125000	-0.627441
11610.250000	-0.693054
11610.375000	-0.690308
11610.500000	-0.655823
11610.625000	-0.657349
11610.750000	-0.669861
11610.875000	-0.670166
11611.000000	-0.682678
11611.125000	-0.679016
11611.250000	-0.681152
11611.375000	-0.659180
11611.500000	-0.658264
11611.625000	-0.672607
11611.750000	-0.665893
11611.875000	-0.690308
11612.000000	-0.689392
11612.125000	-0.665588
11612.250000	-0.645142
11612.375000	-0.660705
11612.500000	-0.679626
11612.625000	-0.679016
11612.750000	-0.676575
11612.875000	-0.651550
11613.000000	-0.670776
11613.125000	-0.666809
11613.250000	-0.661316
11613.375000	-0.672302
11613.500000	-0.680237
11613.625000	-0.651550
11613.750000	-0.649414
11613.875000	-0.639954
11614.000000	-0.668945
11614.125000	-0.623474
11614.250000	-0.690002
11614.375000	-0.689697
11614.500000	-0.668030
11614.625000	-0.675354
11614.750000	-0.682068
11614.875000	-0.680847
11615.000000	-0.669861
11615.125000	-0.693970
11615.250000	-0.657959
11615.375000	-0.661011
11615.500000	-0.661316
11615.625000	-0.657654
11615.750000	-0.663147
11615.875000	-0.672607
11616.000000	-0.672607
11616.125000	-0.697021
11616.250000	-0.649109
11616.375000	-0.633545
11616.500000	-0.672607
11616.625000	-0.673523
11616.750000	-0.655517
11616.875000	-0.647278
11617.000000	-0.686951
11617.125000	-0.685120
11617.250000	-0.657654
11617.375000	-0.676880
11617.500000	-0.664673
11617.625000	-0.681457
11617.750000	-0.681152
11617.875000	-0.678711
11618.000000	-0.675659
11618.125000	-0.655212
11618.250000	-0.628662
11618.375000	-0.624084
11618.500000	-0.667419
11618.625000	-0.664368
11618.750000	-0.676575
11618.875000	-0.674438
11619.000000	-0.688476
11619.125000	-0.694580
11619.250000	-0.656433
11619.375000	-0.639954
11619.500000	-0.640869
11619.625000	-0.669250
11619.750000	-0.667419
11619.875000	-0.646667
11620.000000	-0.648193
11620.125000	-0.638122
11620.250000	-0.673828
11620.375000	-0.650330
11620.500000	-0.650024
11620.625000	-0.656433
11620.750000	-0.664062
11620.875000	-0.640869
11621.000000	-0.703430
11621.125000	-0.700073
11621.250000	-0.650024
11621.375000	-0.688782
11621.500000	-0.676880
11621.625000	-0.661011
11621.750000	-0.661621
11621.875000	-0.667725
11622.000000	-0.667419
11622.125000	-0.681152
11622.250000	-0.680847
11622.375000	-0.666504
11622.500000	-0.658264
11622.625000	-0.707092
11622.750000	-0.706482
11622.875000	-0.705872
11623.000000	-0.671081
11623.125000	-0.649719
11623.250000	-0.665893
11623.375000	-0.664368
11623.500000	-0.671692
11623.625000	-0.693359
11623.750000	-0.668640
11623.875000	-0.692749
11624.000000	-0.693054
11624.125000	-0.692444
11624.250000	-0.675659
11624.375000	-0.631409
11624.500000	-0.623779
11624.625000	-0.684204
11624.750000	-0.639954
11624.875000	-0.675964
11625.000000	-0.686645
11625.125000	-0.686951
11625.250000	-0.676880
11625.375000	-0.679016
11625.500000	-0.676880
11625.625000	-0.701294
11625.750000	-0.703430
11625.875000	-0.638733
11626.000000	-0.677185
11626.125000	-0.675354
11626.250000	-0.674438
11626.375000	-0.658264
11626.500000	-0.684204
11626.625000	-0.682678
11626.750000	-0.664062
11626.875000	-0.664368
11627.000000	-0.693970
11627.125000	-0.677795
11627.250000	-0.691223
11627.375000	-0.688476
11627.500000	-0.686645
11627.625000	-0.650024
11627.750000	-0.684204
11627.875000	-0.677185
11628.000000	-0.676575
11628.125000	-0.678101
11628.250000	-0.671081
11628.375000	-0.652161
11628.500000	-0.651245
11628.625000	-0.679932
11628.750000	-0.684509
11628.875000	-0.669556
11629.000000	-0.660400
11629.125000	-0.660095
11629.250000	-0.662231
11629.375000	-0.694885
11629.500000	-0.650940
11629.625000	-0.666504
11629.750000	-0.671081
11629.875000	-0.664673
11630.000000	-0.658874
11630.125000	-0.655212
11630.250000	-0.653381
11630.375000	-0.691528
11630.500000	-0.673828
11630.625000	-0.683899
11630.750000	-0.692139
11630.875000	-0.692749
11631.000000	-0.682983
11631.125000	-0.640564
11631.250000	-0.687866
11631.375000	-0.687561
11631.500000	-0.693359
11631.625000	-0.682373
11631.750000	-0.686035
11631.875000	-0.690002
11632.000000	-0.686951
11632.125000	-0.674133
11632.250000	-0.657043
11632.375000	-0.646667
11632.500000	-0.646973
11632.625000	-0.660095
11632.750000	-0.685120
11632.875000	-0.655517
11633.000000	-0.632324
11633.125000	-0.632629
11633.250000	-0.708008
11633.375000	-0.696106
11633.500000	-0.686951
11633.625000	-0.668335
11633.750000	-0.668640
11633.875000	-0.684509
11634.000000	-0.657349
11634.125000	-0.685120
11634.250000	-0.686340
11634.375000	-0.676269
11634.500000	-0.681763
11634.625000	-0.677795
11634.750000	-0.654297
11634.875000	-0.656738
11635.000000	-0.661926
11635.125000	-0.693970
11635.250000	-0.693970
11635.375000	-0.693664
11635.500000	-0.662842
11635.625000	-0.692444
11635.750000	-0.670471
11635.875000	-0.672607
11636.000000	-0.671081
11636.125000	-0.686035
11636.250000	-0.689392
11636.375000	-0.662537
11636.500000	-0.659180
11636.625000	-0.646057
11636.875000	-0.654907
11637.000000	-0.650940
11637.125000	-0.650024
11637.250000	-0.632934
11637.375000	-0.688171
11637.500000	-0.638122
11637.625000	-0.637512
11637.750000	-0.671387
11637.875000	-0.687561
11638.000000	-0.667419
11638.125000	-0.651550
11638.250000	-0.650940
11638.375000	-0.676880
11638.500000	-0.657654
11638.625000	-0.661011
11638.750000	-0.706177
11638.875000	-0.673218
11639.000000	-0.679626
11639.125000	-0.653076
11639.250000	-0.651855
11639.375000	-0.649109
11639.500000	-0.696411
11639.625000	-0.666199
11639.750000	-0.665283
11639.875000	-0.679321
11640.000000	-0.678711
11640.125000	-0.674438
11640.250000	-0.683899
11640.375000	-0.693970
11640.500000	-0.693664
11640.625000	-0.673218
11640.750000	-0.651245
11640.875000	-0.688476
11641.000000	-0.686340
11641.125000	-0.686645
11641.250000	-0.616760
11641.375000	-0.686951
11641.500000	-0.693664
11641.625000	-0.653076
11641.750000	-0.665588
11641.875000	-0.677490
11642.000000	-0.661926
11642.125000	-0.658874
11642.250000	-0.657349
11642.375000	-0.642700
11642.500000	-0.669861
11642.625000	-0.632324
11642.750000	-0.710144
11642.875000	-0.711975
11643.000000	-0.683288
11643.125000	-0.675354
11643.250000	-0.660400
11643.375000	-0.661926
11643.500000	-0.673218
11643.625000	-0.659180
11643.750000	-0.681763
11643.875000	-0.686645
11644.000000	-0.686645
11644.125000	-0.656128
11644.250000	-0.649719
11644.375000	-0.661621
11644.500000	-0.660705
11644.625000	-0.639343
11644.750000	-0.656738
11644.875000	-0.715027
11645.000000	-0.680237
11645.125000	-0.680237
11645.250000	-0.636597
11645.375000	-0.679932
11645.500000	-0.665283
11645.625000	-0.641785
11645.750000	-0.661926
11645.875000	-0.653992
11646.000000	-0.687256
11646.125000	-0.670471
11646.250000	-0.668640
11646.375000	-0.673218
11646.500000	-0.644836
11646.625000	-0.638122
11646.750000	-0.638733
11646.875000	-0.664978
11647.000000	-0.681152
11647.125000	-0.668335
11647.250000	-0.647278
11647.375000	-0.647278
11647.500000	-0.669250
11647.625000	-0.645142
11647.750000	-0.675964
11647.875000	-0.672913
11648.000000	-0.658569
11648.125000	-0.661011
11648.250000	-0.683899
11648.375000	-0.665893
11648.500000	-0.664673
11648.625000	-0.705566
11648.750000	-0.681457
11648.875000	-0.652771
11649.000000	-0.657654
11649.125000	-0.658569
11649.250000	-0.687256
11649.375000	-0.678711
11649.500000	-0.707092
11649.625000	-0.706787
11649.750000	-0.671081
11649.875000	-0.685425
11650.000000	-0.680237
11650.375000	-0.681152
11650.500000	-0.693054
11650.625000	-0.681457
11650.750000	-0.676269
11650.875000	-0.678711
11651.000000	-0.664673
11651.125000	-0.675964
11651.250000	-0.661011
11651.375000	-0.660400
11651.500000	-0.640564
11651.625000	-0.652161
11651.750000	-0.689697
11651.875000	-0.689392
11652.000000	-0.666504
11652.125000	-0.655212
11652.250000	-0.629272
11652.375000	-0.660705
11652.500000	-0.658264
11652.625000	-0.696716
11652.750000	-0.697937
11652.875000	-0.678101
11653.000000	-0.668945
11653.125000	-0.664978
11653.250000	-0.697021
11653.375000	-0.680542
11653.500000	-0.668640
11653.625000	-0.667419
11653.750000	-0.710449
11653.875000	-0.680237
11654.000000	-0.670471
11654.125000	-0.688476
11654.250000	-0.689697
11654.375000	-0.654297
11654.500000	-0.676269
11654.625000	-0.683899
11654.750000	-0.683288
11654.875000	-0.693970
11655.000000	-0.660095
11655.125000	-0.703735
11655.250000	-0.661316
11655.375000	-0.660400
11655.500000	-0.686035
11655.625000	-0.684204
11655.750000	-0.686645
11655.875000	-0.686951
11656.000000	-0.653076
11656.125000	-0.645752
11656.250000	-0.644531
11656.375000	-0.664368
11656.500000	-0.661926
11656.625000	-0.675049
11656.750000	-0.669250
11656.875000	-0.668640
11657.000000	-0.667419
11657.125000	-0.649109
11657.250000	-0.647888
11657.375000	-0.668335
11657.500000	-0.679626
11657.625000	-0.678406
11657.750000	-0.719910
11657.875000	-0.678406
11658.000000	-0.660400
11658.125000	-0.706482
11658.250000	-0.696411
11658.375000	-0.644836
11658.500000	-0.707703
11658.625000	-0.654602
11658.750000	-0.653686
11658.875000	-0.656433
11659.000000	-0.662231
11659.125000	-0.635681
11659.250000	-0.667114
11659.375000	-0.668640
11659.500000	-0.650024
11659.625000	-0.672607
11659.750000	-0.653686
11659.875000	-0.652466
11660.000000	-0.697632
11660.125000	-0.696106
11660.250000	-0.667725
11660.375000	-0.669556
11660.500000	-0.668030
11660.625000	-0.702209
11660.750000	-0.707092
11660.875000	-0.689697
11661.000000	-0.690613
11661.125000	-0.668335
11661.250000	-0.671081
11661.375000	-0.686951
11661.500000	-0.657654
11661.625000	-0.656738
11661.750000	-0.652771
11661.875000	-0.683899
11662.000000	-0.665283
11662.125000	-0.661926
11662.250000	-0.661316
11662.375000	-0.676880
11662.500000	-0.636902
11662.625000	-0.659180
11662.750000	-0.657654
11662.875000	-0.663757
11663.000000	-0.668335
11663.125000	-0.708008
11663.250000	-0.674133
11663.375000	-0.672913
11663.500000	-0.673218
11663.625000	-0.667419
11663.750000	-0.705872
11663.875000	-0.706177
11664.000000	-0.693664
11664.125000	-0.665893
11664.250000	-0.676575
11664.375000	-0.678711
11664.500000	-0.680847
11664.625000	-0.683594
11664.750000	-0.722656
11664.875000	-0.690002
11665.000000	-0.685425
11665.125000	-0.692139
11665.250000	-0.670471
11665.375000	-0.692444
11665.500000	-0.678406
11665.625000	-0.675659
11665.750000	-0.642090
11665.875000	-0.669250
11666.000000	-0.721741
11666.125000	-0.643005
11666.250000	-0.650024
11666.375000	-0.681457
11666.500000	-0.688476
11666.625000	-0.650330
11666.750000	-0.650940
11666.875000	-0.672302
11667.000000	-0.648193
11667.125000	-0.657349
11667.250000	-0.674133
11667.375000	-0.672607
11667.500000	-0.664368
11667.625000	-0.696411
11667.750000	-0.681152
11667.875000	-0.679016
11668.000000	-0.661011
11668.125000	-0.654602
11668.250000	-0.682068
11668.375000	-0.669556
11668.500000	-0.671081
11668.625000	-0.687561
11668.750000	-0.684814
11668.875000	-0.649414
11669.000000	-0.648804
11669.125000	-0.681152
11669.250000	-0.683594
11669.375000	-0.681457
11669.500000	-0.697327
11669.625000	-0.696716
11669.750000	-0.671997
11669.875000	-0.652161
11670.000000	-0.640259
11670.125000	-0.636291
11670.250000	-0.680237
11670.375000	-0.689697
11670.500000	-0.664673
11670.625000	-0.625915
11670.750000	-0.625000
11670.875000	-0.645142
11671.000000	-0.683288
11671.125000	-0.664062
11671.250000	-0.702820
11671.375000	-0.703735
11671.500000	-0.684509
11671.625000	-0.659790
11671.750000	-0.671081
11671.875000	-0.671387
11672.000000	-0.680847
11672.125000	-0.696411
11672.250000	-0.671387
11672.375000	-0.690918
11672.500000	-0.691528
11672.625000	-0.682678
11672.750000	-0.674438
11672.875000	-0.707092
11673.000000	-0.707397
11673.125000	-0.659485
11673.250000	-0.654297
11673.375000	-0.671692
11673.500000	-0.649109
11673.625000	-0.649109
11673.750000	-0.670471
11673.875000	-0.670471
11674.000000	-0.667419
11674.125000	-0.666809
11674.250000	-0.657349
11674.375000	-0.712280
11674.500000	-0.660095
11674.625000	-0.682068
11674.750000	-0.681152
11674.875000	-0.681763
11675.000000	-0.682373
11675.125000	-0.691223
11675.250000	-0.670166
11675.375000	-0.674744
11675.500000	-0.670471
11675.625000	-0.691833
11675.750000	-0.653992
11675.875000	-0.654602
11676.000000	-0.683288
11676.125000	-0.689392
11676.250000	-0.667419
11676.375000	-0.681763
11676.500000	-0.681457
11676.625000	-0.644836
11676.750000	-0.687256
11676.875000	-0.690613
11677.000000	-0.690918
11677.125000	-0.679321
11677.250000	-0.653992
11677.375000	-0.662231
11677.500000	-0.668030
11677.625000	-0.673523
11677.750000	-0.662537
11677.875000	-0.680237
11678.000000	-0.650024
11678.125000	-0.649109
11678.250000	-0.658569
11678.375000	-0.671081
11678.500000	-0.706177
11678.625000	-0.660400
11678.750000	-0.659790
11678.875000	-0.695190
11679.000000	-0.658264
11679.125000	-0.686645
11679.250000	-0.687256
11679.375000	-0.652771
11679.500000	-0.658874
11679.625000	-0.681152
11679.750000	-0.708313
11679.875000	-0.707092
11680.000000	-0.680237
11680.125000	-0.680542
11680.250000	-0.665893
11680.375000	-0.664368
11680.500000	-0.662231
11680.625000	-0.681457
11680.750000	-0.670166
11680.875000	-0.671387
11681.000000	-0.671997
11681.125000	-0.648498
11681.250000	-0.656738
11681.375000	-0.678406
11681.500000	-0.686951
11681.625000	-0.687256
11681.750000	-0.676269
11681.875000	-0.686951
11682.000000	-0.661621
11682.125000	-0.661011
11682.250000	-0.651245
11682.375000	-0.680542
11682.500000	-0.665893
11682.625000	-0.715942
11682.750000	-0.717163
11682.875000	-0.695801
11683.000000	-0.671387
11683.125000	-0.684204
11683.250000	-0.684204
11683.375000	-0.664673
11683.500000	-0.668640
11683.625000	-0.665283
11683.750000	-0.656433
11683.875000	-0.656433
11684.000000	-0.672607
11684.125000	-0.657349
11684.250000	-0.680847
11684.375000	-0.674744
11684.500000	-0.672913
11684.625000	-0.652466
11684.750000	-0.665893
11684.875000	-0.665893
11685.000000	-0.664673
11685.125000	-0.681152
11685.250000	-0.701904
11685.375000	-0.677490
11685.500000	-0.695496
11685.625000	-0.695496
11685.750000	-0.681763
11685.875000	-0.675659
11686.000000	-0.697021
11686.125000	-0.694885
11686.250000	-0.627441
11686.375000	-0.688782
11686.500000	-0.682678
11686.625000	-0.681763
11686.750000	-0.695801
11686.875000	-0.689697
11687.000000	-0.698852
11687.125000	-0.636597
11687.250000	-0.635681
11687.375000	-0.637207
11687.500000	-0.653686
11687.625000	-0.680847
11687.750000	-0.656738
11687.875000	-0.657959
11688.000000	-0.617981
11688.125000	-0.675049
11688.250000	-0.650024
11688.375000	-0.647278
11688.500000	-0.687866
11688.625000	-0.675964
11688.750000	-0.683899
11688.875000	-0.668640
11689.000000	-0.667114
11689.125000	-0.641785
11689.250000	-0.684509
11689.375000	-0.671692
11689.500000	-0.617676
11689.625000	-0.620727
11689.750000	-0.699768
11689.875000	-0.686035
11690.000000	-0.680847
11690.125000	-0.680542
11690.250000	-0.688782
11690.375000	-0.649719
11690.500000	-0.654297
11690.625000	-0.651245
11690.750000	-0.719299
11690.875000	-0.654297
11691.000000	-0.675049
11691.125000	-0.679626
11691.250000	-0.679321
11691.375000	-0.659790
11691.500000	-0.668030
11691.625000	-0.681763
11691.750000	-0.646057
11691.875000	-0.650940
11692.000000	-0.665893
11692.125000	-0.650940
11692.250000	-0.685425
11692.375000	-0.685425
11692.500000	-0.653992
11692.625000	-0.685425
11692.750000	-0.701294
11692.875000	-0.669556
11693.000000	-0.666809
11693.125000	-0.678101
11693.250000	-0.687866
11693.375000	-0.671387
11693.500000	-0.671081
11693.625000	-0.668030
11693.750000	-0.707397
11693.875000	-0.646973
11694.000000	-0.699158
11694.125000	-0.697327
11694.250000	-0.683594
11694.375000	-0.653076
11694.500000	-0.682678
11694.625000	-0.711059
11694.750000	-0.711059
11694.875000	-0.683899
11695.000000	-0.675659
11695.125000	-0.686645
11695.250000	-0.686645
11695.375000	-0.651855
11695.500000	-0.675049
11695.625000	-0.720215
11695.750000	-0.703735
11695.875000	-0.703125
11696.000000	-0.653076
11696.125000	-0.673828
11696.250000	-0.674438
11696.375000	-0.675049
11696.500000	-0.673218
11696.625000	-0.685730
11696.750000	-0.674744
11696.875000	-0.692749
11697.000000	-0.693359
11697.125000	-0.693359
11697.250000	-0.685730
11697.375000	-0.686645
11697.500000	-0.683594
11697.625000	-0.722046
11697.750000	-0.689392
11697.875000	-0.687866
11698.000000	-0.690918
11698.125000	-0.690613
11698.250000	-0.668640
11698.375000	-0.665283
11698.500000	-0.666504
11698.625000	-0.690613
11698.750000	-0.673828
11698.875000	-0.675964
11699.000000	-0.679016
11699.125000	-0.674438
11699.250000	-0.673828
11699.375000	-0.677490
11699.500000	-0.668945
11699.625000	-0.656738
11699.750000	-0.670166
11699.875000	-0.669556
11700.000000	-0.725098
