Zeitstempel: 18.9.2013 14:57:55
Signalquelle: Sample/Hold Verstärker
Modus: FM


Bemerkung: Durchlaufzeit 50s
FM
Strom Helmholtz 45mA
Amplitude 45mV
Richtung min->max
min Frequenz 6600Hz
max Frequenz 7000Hz

Frequenz in Hz	S/H-Signal in V
6600,125000	-0,701904
6600,250000	-0,683594
6600,375000	-0,628357
6600,500000	-0,628662
6600,625000	-0,635376
6600,750000	-0,641174
6600,875000	-0,667725
6601,000000	-0,660705
6601,125000	-0,659790
6601,250000	-0,640259
6601,375000	-0,666199
6601,500000	-0,679016
6601,625000	-0,678406
6601,750000	-0,683288
6601,875000	-0,677795
6602,000000	-0,674438
6602,125000	-0,669861
6602,250000	-0,670776
6602,375000	-0,660705
6602,500000	-0,682068
6602,625000	-0,651245
6602,750000	-0,653381
6602,875000	-0,666809
6603,000000	-0,651245
6603,125000	-0,683899
6603,250000	-0,649719
6603,375000	-0,647583
6603,500000	-0,695190
6603,625000	-0,637817
6603,750000	-0,682068
6603,875000	-0,680847
6604,000000	-0,696411
6604,125000	-0,660095
6604,250000	-0,671081
6604,375000	-0,690918
6604,500000	-0,690918
6604,625000	-0,666199
6604,750000	-0,684204
6604,875000	-0,654907
6605,000000	-0,701904
6605,125000	-0,682373
6605,250000	-0,669861
6605,375000	-0,664978
6605,500000	-0,671081
6605,625000	-0,672302
6605,750000	-0,647583
6605,875000	-0,679626
6606,000000	-0,639648
6606,125000	-0,646667
6606,250000	-0,645752
6606,375000	-0,645752
6606,500000	-0,678406
6606,625000	-0,639343
6606,750000	-0,638428
6606,875000	-0,657349
6607,000000	-0,676269
6607,125000	-0,677795
6607,250000	-0,692749
6607,375000	-0,692139
6607,500000	-0,656738
6607,625000	-0,670166
6607,750000	-0,687561
6607,875000	-0,682678
6608,000000	-0,682068
6608,125000	-0,638733
6608,250000	-0,681763
6608,375000	-0,668945
6608,500000	-0,668030
6608,625000	-0,719910
6608,750000	-0,688476
6608,875000	-0,665588
6609,000000	-0,685120
6609,125000	-0,686951
6609,250000	-0,671997
6609,375000	-0,676880
6609,500000	-0,681457
6609,625000	-0,678406
6609,750000	-0,666809
6609,875000	-0,693359
6610,000000	-0,697327
6610,125000	-0,663147
6610,250000	-0,660400
6610,375000	-0,671692
6610,500000	-0,609131
6610,625000	-0,651550
6610,750000	-0,674744
6610,875000	-0,677490
6611,000000	-0,678406
6611,125000	-0,680237
6611,250000	-0,671997
6611,375000	-0,673218
6611,500000	-0,656128
6611,625000	-0,668640
6611,750000	-0,669861
6611,875000	-0,664368
6612,000000	-0,663757
6612,125000	-0,644836
6612,250000	-0,682373
6612,375000	-0,700073
6612,500000	-0,697937
6612,625000	-0,628662
6612,750000	-0,666504
6612,875000	-0,663452
6613,000000	-0,684509
6613,125000	-0,684204
6613,250000	-0,699768
6613,375000	-0,690308
6613,500000	-0,692749
6613,625000	-0,687866
6613,750000	-0,675964
6613,875000	-0,697937
6614,000000	-0,667419
6614,125000	-0,670776
6614,250000	-0,672302
6614,375000	-0,675354
6614,500000	-0,659180
6614,625000	-0,698242
6614,750000	-0,671997
6614,875000	-0,673218
6615,000000	-0,684204
6615,125000	-0,671692
6615,250000	-0,662842
6615,375000	-0,660705
6615,500000	-0,686035
6615,625000	-0,674133
6615,750000	-0,657043
6615,875000	-0,668335
6616,000000	-0,666809
6616,125000	-0,666809
6616,250000	-0,677795
6616,375000	-0,666504
6616,500000	-0,661926
6616,625000	-0,641479
6616,750000	-0,671692
6616,875000	-0,682373
6617,000000	-0,673523
6617,125000	-0,674744
6617,250000	-0,651550
6617,375000	-0,688171
6617,500000	-0,672913
6617,625000	-0,662842
6617,750000	-0,664368
6617,875000	-0,655212
6618,000000	-0,690002
6618,125000	-0,656433
6618,250000	-0,653686
6618,375000	-0,679016
6618,500000	-0,672607
6618,625000	-0,666199
6618,750000	-0,657959
6618,875000	-0,656738
6619,000000	-0,663147
6619,125000	-0,688782
6619,250000	-0,681457
6619,375000	-0,680542
6619,500000	-0,690308
6619,625000	-0,683899
6619,750000	-0,689392
6619,875000	-0,686340
6620,000000	-0,685120
6620,125000	-0,685120
6620,250000	-0,685120
6620,375000	-0,643616
6620,500000	-0,674744
6620,625000	-0,678406
6620,750000	-0,634155
6620,875000	-0,664978
6621,000000	-0,676269
6621,125000	-0,677185
6621,250000	-0,675964
6621,375000	-0,678711
6621,500000	-0,669861
6621,625000	-0,659485
6621,750000	-0,657959
6621,875000	-0,667419
6622,000000	-0,649414
6622,125000	-0,657959
6622,250000	-0,657349
6622,375000	-0,661316
6622,500000	-0,630188
6622,625000	-0,666809
6622,750000	-0,653076
6622,875000	-0,654297
6623,000000	-0,664368
6623,125000	-0,695190
6623,250000	-0,680847
6623,375000	-0,676575
6623,500000	-0,690308
6623,625000	-0,662842
6623,750000	-0,654297
6623,875000	-0,669556
6624,000000	-0,669250
6624,125000	-0,656128
6624,250000	-0,670471
6624,375000	-0,667725
6624,500000	-0,655517
6624,625000	-0,654602
6624,750000	-0,667419
6624,875000	-0,635376
6625,000000	-0,665893
6625,125000	-0,666199
6625,250000	-0,683899
6625,375000	-0,662231
6625,500000	-0,668335
6625,625000	-0,668640
6625,750000	-0,669250
6625,875000	-0,668335
6626,000000	-0,677490
6626,125000	-0,651245
6626,250000	-0,650330
6626,375000	-0,661316
6626,500000	-0,628967
6626,625000	-0,664673
6626,750000	-0,606079
6626,875000	-0,605774
6627,000000	-0,653686
6627,125000	-0,650330
6627,250000	-0,636902
6627,375000	-0,635071
6627,500000	-0,639648
6627,625000	-0,653686
6627,750000	-0,659790
6627,875000	-0,650024
6628,000000	-0,649719
6628,125000	-0,665588
6628,250000	-0,660705
6628,375000	-0,691833
6628,500000	-0,632019
6628,625000	-0,682068
6628,750000	-0,672913
6628,875000	-0,704346
6629,000000	-0,682983
6629,125000	-0,681457
6629,250000	-0,697327
6629,375000	-0,661011
6629,500000	-0,679626
6629,625000	-0,668335
6629,750000	-0,668335
6629,875000	-0,676880
6630,000000	-0,671997
6630,125000	-0,679932
6630,250000	-0,681152
6630,375000	-0,662537
6630,500000	-0,643616
6630,625000	-0,674744
6630,750000	-0,703125
6630,875000	-0,703735
6631,000000	-0,694885
6631,125000	-0,666199
6631,250000	-0,688782
6631,375000	-0,686340
6631,500000	-0,664368
6631,625000	-0,657959
6631,750000	-0,677795
6631,875000	-0,678406
6632,000000	-0,679932
6632,125000	-0,680542
6632,250000	-0,682678
6632,375000	-0,668335
6632,500000	-0,700073
6632,625000	-0,699768
6632,750000	-0,656128
6632,875000	-0,683288
6633,000000	-0,656433
6633,125000	-0,656128
6633,250000	-0,657959
6633,375000	-0,678406
6633,500000	-0,682068
6633,625000	-0,664368
6633,750000	-0,666504
6633,875000	-0,682068
6634,000000	-0,653076
6634,125000	-0,666504
6634,250000	-0,690918
6634,375000	-0,693359
6634,500000	-0,660095
6634,625000	-0,688171
6634,750000	-0,663757
6634,875000	-0,663757
6635,000000	-0,681457
6635,125000	-0,636902
6635,250000	-0,646667
6635,375000	-0,644531
6635,500000	-0,644226
6635,625000	-0,628052
6635,750000	-0,680237
6635,875000	-0,703125
6636,000000	-0,702515
6636,125000	-0,696106
6636,250000	-0,661011
6636,375000	-0,685120
6636,500000	-0,672913
6636,625000	-0,672913
6636,750000	-0,659790
6636,875000	-0,664062
6637,000000	-0,680847
6637,125000	-0,640259
6637,250000	-0,646362
6637,375000	-0,642700
6637,500000	-0,668335
6637,625000	-0,675659
6637,750000	-0,675049
6637,875000	-0,660095
6638,000000	-0,663757
6638,125000	-0,689392
6638,250000	-0,665588
6638,375000	-0,665283
6638,500000	-0,667419
6638,625000	-0,692749
6638,750000	-0,675964
6638,875000	-0,674744
6639,000000	-0,691223
6639,125000	-0,682983
6639,250000	-0,682983
6639,375000	-0,650330
6639,500000	-0,650635
6639,625000	-0,680237
6639,750000	-0,663147
6639,875000	-0,697021
6640,000000	-0,694580
6640,125000	-0,653381
6640,250000	-0,691223
6640,375000	-0,672302
6640,500000	-0,646973
6640,625000	-0,646973
6640,750000	-0,674438
6640,875000	-0,687256
6641,000000	-0,676880
6641,125000	-0,675659
6641,250000	-0,666504
6641,375000	-0,647888
6641,500000	-0,655823
6641,625000	-0,681152
6641,750000	-0,678711
6641,875000	-0,679321
6642,000000	-0,653992
6642,125000	-0,668335
6642,250000	-0,688476
6642,375000	-0,692444
6642,500000	-0,682983
6642,625000	-0,680237
6642,750000	-0,683594
6642,875000	-0,682983
6643,000000	-0,677185
6643,125000	-0,662537
6643,250000	-0,677490
6643,375000	-0,639038
6643,500000	-0,637817
6643,625000	-0,654907
6643,750000	-0,679932
6643,875000	-0,690002
6644,000000	-0,687866
6644,125000	-0,677490
6644,250000	-0,669250
6644,375000	-0,655517
6644,500000	-0,669861
6644,625000	-0,667725
6644,750000	-0,653381
6644,875000	-0,686951
6645,000000	-0,631714
6645,125000	-0,645142
6645,250000	-0,681763
6645,375000	-0,691223
6645,500000	-0,678711
6645,625000	-0,633850
6645,750000	-0,633240
6645,875000	-0,646362
6646,000000	-0,664062
6646,125000	-0,677185
6646,250000	-0,680847
6646,375000	-0,681763
6646,500000	-0,674438
6646,625000	-0,681152
6646,750000	-0,656433
6646,875000	-0,657043
6647,000000	-0,675659
6647,125000	-0,678711
6647,250000	-0,663757
6647,375000	-0,683288
6647,500000	-0,682983
6647,625000	-0,698852
6647,750000	-0,678406
6647,875000	-0,672607
6648,000000	-0,671081
6648,125000	-0,657654
6648,250000	-0,681457
6648,375000	-0,646057
6648,500000	-0,646973
6648,625000	-0,645447
6648,750000	-0,677185
6648,875000	-0,668945
6649,000000	-0,701294
6649,125000	-0,696106
6649,250000	-0,698547
6649,375000	-0,671997
6649,500000	-0,706787
6649,625000	-0,664368
6649,750000	-0,663757
6649,875000	-0,687561
6650,000000	-0,647278
6650,125000	-0,677185
6650,250000	-0,694275
6650,375000	-0,692749
6650,500000	-0,685120
6650,625000	-0,672607
6650,750000	-0,627136
6650,875000	-0,625305
6651,000000	-0,654297
6651,125000	-0,679932
6651,250000	-0,671081
6651,375000	-0,680847
6651,500000	-0,680237
6651,625000	-0,662537
6651,750000	-0,647888
6651,875000	-0,692444
6652,000000	-0,698242
6652,125000	-0,678711
6652,250000	-0,683288
6652,375000	-0,670166
6652,500000	-0,628967
6652,625000	-0,626831
6652,750000	-0,668030
6652,875000	-0,651245
6653,000000	-0,691528
6653,125000	-0,658264
6653,250000	-0,657043
6653,375000	-0,672302
6653,500000	-0,669250
6653,625000	-0,671081
6653,750000	-0,652161
6653,875000	-0,674438
6654,000000	-0,682068
6654,125000	-0,675659
6654,250000	-0,670776
6654,375000	-0,668335
6654,500000	-0,614929
6654,625000	-0,650330
6654,750000	-0,658874
6654,875000	-0,656433
6655,000000	-0,653992
6655,125000	-0,715637
6655,250000	-0,662537
6655,375000	-0,668335
6655,500000	-0,667419
6655,625000	-0,680847
6655,750000	-0,659790
6655,875000	-0,648193
6656,000000	-0,679016
6656,125000	-0,679626
6656,250000	-0,697632
6656,375000	-0,661011
6656,500000	-0,668030
6656,625000	-0,665283
6656,750000	-0,646973
6656,875000	-0,652466
6657,000000	-0,652161
6657,125000	-0,663757
6657,250000	-0,663452
6657,375000	-0,664368
6657,500000	-0,630798
6657,625000	-0,645752
6657,750000	-0,688171
6657,875000	-0,689087
6658,000000	-0,648193
6658,125000	-0,658569
6658,250000	-0,649414
6658,375000	-0,650940
6658,500000	-0,702209
6658,625000	-0,653686
6658,750000	-0,660705
6658,875000	-0,669250
6659,000000	-0,668640
6659,125000	-0,682983
6659,250000	-0,636291
6659,375000	-0,695496
6659,500000	-0,693054
6659,625000	-0,646973
6659,750000	-0,691528
6659,875000	-0,689697
6660,000000	-0,651855
6660,125000	-0,652466
6660,250000	-0,648193
6660,375000	-0,669556
6660,500000	-0,681457
6660,625000	-0,664062
6660,750000	-0,668640
6660,875000	-0,671692
6661,000000	-0,645752
6661,125000	-0,673523
6661,250000	-0,672913
6661,375000	-0,652161
6661,500000	-0,646667
6661,625000	-0,647888
6661,750000	-0,682373
6661,875000	-0,680847
6662,000000	-0,648804
6662,125000	-0,668335
6662,250000	-0,681763
6662,375000	-0,682373
6662,500000	-0,675659
6662,625000	-0,646973
6662,750000	-0,639954
6662,875000	-0,673523
6663,000000	-0,673523
6663,125000	-0,669556
6663,250000	-0,691528
6663,375000	-0,668030
6663,500000	-0,661621
6663,625000	-0,661621
6663,750000	-0,682983
6663,875000	-0,650940
6664,000000	-0,667725
6664,125000	-0,669250
6664,250000	-0,641174
6664,375000	-0,694275
6664,500000	-0,675049
6664,625000	-0,684509
6664,750000	-0,682068
6664,875000	-0,676269
6665,000000	-0,658874
6665,125000	-0,634766
6665,250000	-0,633545
6665,375000	-0,688476
6665,500000	-0,700378
6665,625000	-0,662842
6665,750000	-0,669556
6665,875000	-0,670776
6666,000000	-0,661011
6666,125000	-0,641174
6666,250000	-0,641174
6666,375000	-0,637817
6666,500000	-0,669250
6666,625000	-0,629883
6666,750000	-0,672607
6666,875000	-0,657043
6667,000000	-0,654602
6667,125000	-0,704956
6667,250000	-0,634155
6667,375000	-0,696411
6667,500000	-0,677490
6667,625000	-0,681457
6667,750000	-0,672913
6667,875000	-0,669556
6668,000000	-0,655212
6668,125000	-0,656128
6668,250000	-0,693054
6668,375000	-0,657043
6668,500000	-0,649719
6668,625000	-0,680542
6668,750000	-0,679626
6668,875000	-0,683899
6669,000000	-0,669250
6669,125000	-0,672607
6669,250000	-0,672302
6669,375000	-0,663452
6669,500000	-0,667114
6669,625000	-0,668640
6669,750000	-0,641174
6669,875000	-0,639954
6670,000000	-0,652466
6670,125000	-0,663757
6670,250000	-0,651550
6670,375000	-0,696716
6670,500000	-0,675964
6670,625000	-0,682068
6670,750000	-0,671997
6670,875000	-0,648193
6671,000000	-0,646973
6671,125000	-0,660400
6671,250000	-0,691223
6671,375000	-0,651550
6671,500000	-0,674744
6671,625000	-0,674438
6671,750000	-0,668030
6671,875000	-0,671692
6672,000000	-0,669556
6672,125000	-0,669556
6672,250000	-0,682983
6672,375000	-0,686645
6672,500000	-0,660705
6672,625000	-0,661621
6672,750000	-0,660400
6672,875000	-0,678101
6673,000000	-0,669861
6673,125000	-0,671692
6673,250000	-0,667725
6673,375000	-0,671997
6673,500000	-0,659790
6673,625000	-0,674744
6673,750000	-0,670776
6673,875000	-0,669250
6674,000000	-0,649414
6674,125000	-0,649109
6674,250000	-0,672913
6674,375000	-0,671387
6674,500000	-0,687561
6674,625000	-0,662231
6674,750000	-0,674133
6674,875000	-0,661926
6675,000000	-0,659180
6675,125000	-0,678406
6675,250000	-0,651550
6675,375000	-0,664673
6675,500000	-0,675354
6675,625000	-0,679016
6675,750000	-0,661621
6675,875000	-0,634766
6676,000000	-0,636597
6676,125000	-0,635681
6676,250000	-0,662231
6676,375000	-0,687561
6676,500000	-0,640564
6676,625000	-0,661621
6676,750000	-0,660705
6676,875000	-0,646667
6677,000000	-0,660095
6677,125000	-0,631409
6677,250000	-0,630188
6677,375000	-0,627136
6677,500000	-0,719604
6677,625000	-0,639343
6677,750000	-0,646362
6677,875000	-0,646057
6678,000000	-0,648498
6678,125000	-0,655212
6678,250000	-0,658874
6678,375000	-0,634155
6678,500000	-0,680237
6678,625000	-0,695801
6678,750000	-0,650330
6678,875000	-0,667419
6679,000000	-0,665588
6679,125000	-0,663452
6679,250000	-0,658874
6679,375000	-0,689697
6679,500000	-0,671692
6679,625000	-0,671387
6679,750000	-0,682678
6679,875000	-0,666809
6680,000000	-0,687866
6680,125000	-0,687866
6680,250000	-0,674438
6680,375000	-0,639038
6680,500000	-0,643921
6680,625000	-0,661926
6680,750000	-0,663452
6680,875000	-0,649719
6681,000000	-0,667114
6681,125000	-0,657654
6681,250000	-0,654297
6681,375000	-0,662842
6681,500000	-0,674744
6681,625000	-0,666809
6681,750000	-0,673828
6681,875000	-0,672302
6682,000000	-0,677795
6682,125000	-0,657349
6682,250000	-0,686645
6682,375000	-0,660400
6682,500000	-0,662842
6682,625000	-0,658874
6682,750000	-0,653686
6682,875000	-0,663147
6683,000000	-0,664368
6683,125000	-0,662537
6683,250000	-0,690613
6683,375000	-0,697937
6683,500000	-0,666199
6683,625000	-0,664368
6683,750000	-0,666504
6683,875000	-0,691833
6684,000000	-0,656738
6684,125000	-0,653992
6684,250000	-0,670776
6684,375000	-0,673828
6684,500000	-0,657959
6684,625000	-0,668640
6684,750000	-0,666504
6684,875000	-0,665893
6685,000000	-0,671387
6685,125000	-0,694580
6685,250000	-0,677795
6685,375000	-0,681763
6685,500000	-0,656128
6685,625000	-0,695801
6685,750000	-0,683899
6685,875000	-0,683288
6686,000000	-0,630188
6686,125000	-0,677490
6686,250000	-0,697937
6686,375000	-0,682373
6686,500000	-0,679932
6686,625000	-0,655517
6686,750000	-0,657349
6686,875000	-0,656433
6687,000000	-0,655823
6687,125000	-0,664062
6687,250000	-0,696106
6687,375000	-0,663452
6687,500000	-0,677795
6687,625000	-0,678711
6687,750000	-0,671387
6687,875000	-0,649414
6688,000000	-0,643310
6688,125000	-0,639648
6688,250000	-0,643921
6688,375000	-0,682983
6688,500000	-0,693359
6688,625000	-0,679321
6688,750000	-0,679321
6688,875000	-0,654602
6689,000000	-0,652771
6689,125000	-0,651855
6689,250000	-0,668030
6689,375000	-0,668945
6689,500000	-0,659790
6689,625000	-0,651245
6689,750000	-0,645447
6689,875000	-0,644226
6690,000000	-0,646057
6690,125000	-0,643005
6690,250000	-0,644226
6690,375000	-0,664673
6690,500000	-0,664978
6690,625000	-0,628967
6690,750000	-0,652771
6690,875000	-0,655823
6691,000000	-0,653686
6691,125000	-0,662231
6691,250000	-0,700378
6691,375000	-0,683899
6691,500000	-0,700073
6691,625000	-0,700073
6691,750000	-0,693970
6691,875000	-0,672913
6692,000000	-0,690308
6692,125000	-0,640869
6692,250000	-0,644226
6692,375000	-0,651245
6692,500000	-0,653381
6692,625000	-0,679321
6692,750000	-0,676880
6692,875000	-0,663757
6693,000000	-0,674133
6693,125000	-0,677185
6693,250000	-0,647888
6693,375000	-0,644531
6693,500000	-0,683899
6693,625000	-0,687256
6693,750000	-0,691528
6693,875000	-0,690613
6694,000000	-0,671387
6694,125000	-0,636597
6694,250000	-0,696106
6694,375000	-0,643616
6694,500000	-0,642090
6694,625000	-0,683288
6694,750000	-0,674133
6694,875000	-0,679626
6695,000000	-0,643921
6695,125000	-0,670776
6695,250000	-0,622559
6695,375000	-0,656738
6695,500000	-0,657654
6695,625000	-0,656433
6695,750000	-0,704956
6695,875000	-0,696716
6696,000000	-0,646057
6696,125000	-0,679321
6696,250000	-0,679932
6696,375000	-0,664978
6696,500000	-0,655823
6696,625000	-0,646973
6696,750000	-0,600281
6696,875000	-0,636597
6697,000000	-0,644531
6697,125000	-0,662537
6697,250000	-0,657349
6697,375000	-0,658569
6697,500000	-0,653381
6697,625000	-0,651245
6697,750000	-0,645142
6697,875000	-0,655517
6698,000000	-0,655823
6698,125000	-0,672607
6698,250000	-0,656738
6698,375000	-0,640564
6698,500000	-0,640869
6698,625000	-0,667114
6698,750000	-0,646667
6698,875000	-0,635376
6699,000000	-0,669556
6699,125000	-0,670166
6699,250000	-0,688171
6699,375000	-0,633240
6699,500000	-0,682678
6699,625000	-0,680542
6699,750000	-0,670471
6699,875000	-0,642700
6700,000000	-0,661011
6700,125000	-0,663452
6700,250000	-0,664368
6700,375000	-0,603332
6700,500000	-0,657959
6700,625000	-0,644531
6700,750000	-0,649414
6700,875000	-0,651855
6701,000000	-0,640564
6701,125000	-0,619812
6701,250000	-0,634460
6701,375000	-0,633850
6701,500000	-0,644836
6701,625000	-0,651855
6701,750000	-0,661621
6701,875000	-0,668335
6702,000000	-0,667725
6702,125000	-0,663452
6702,250000	-0,639648
6702,375000	-0,660095
6702,500000	-0,660095
6702,625000	-0,652771
6702,750000	-0,621948
6702,875000	-0,670776
6703,000000	-0,654907
6703,125000	-0,655823
6703,250000	-0,678711
6703,375000	-0,661316
6703,500000	-0,650024
6703,625000	-0,687561
6703,750000	-0,672913
6703,875000	-0,660400
6704,000000	-0,667114
6704,125000	-0,653992
6704,250000	-0,653686
6704,375000	-0,653686
6704,500000	-0,639343
6704,625000	-0,657654
6704,750000	-0,672607
6704,875000	-0,672607
6705,000000	-0,643005
6705,125000	-0,634460
6705,250000	-0,653381
6705,375000	-0,650330
6705,500000	-0,678711
6705,625000	-0,650024
6705,750000	-0,637512
6705,875000	-0,636902
6706,000000	-0,638733
6706,125000	-0,653076
6706,250000	-0,661926
6706,375000	-0,671387
6706,500000	-0,668945
6706,625000	-0,648498
6706,750000	-0,700989
6706,875000	-0,651550
6707,000000	-0,672913
6707,125000	-0,672607
6707,250000	-0,632019
6707,375000	-0,639343
6707,500000	-0,682068
6707,625000	-0,630188
6707,750000	-0,633850
6707,875000	-0,650024
6708,000000	-0,634766
6708,125000	-0,678406
6708,250000	-0,678406
6708,375000	-0,675964
6708,500000	-0,646057
6708,625000	-0,635376
6708,750000	-0,661011
6708,875000	-0,659790
6709,000000	-0,666809
6709,125000	-0,650940
6709,250000	-0,659790
6709,375000	-0,657959
6709,500000	-0,655517
6709,625000	-0,653076
6709,750000	-0,649719
6709,875000	-0,650330
6710,000000	-0,648193
6710,125000	-0,645447
6710,250000	-0,640869
6710,375000	-0,684814
6710,500000	-0,685120
6710,625000	-0,697021
6710,750000	-0,642700
6710,875000	-0,650024
6711,000000	-0,662842
6711,125000	-0,662842
6711,250000	-0,637207
6711,375000	-0,671081
6711,500000	-0,659485
6711,625000	-0,652466
6711,750000	-0,673218
6711,875000	-0,672302
6712,000000	-0,625305
6712,125000	-0,662231
6712,250000	-0,660705
6712,375000	-0,648498
6712,500000	-0,640259
6712,625000	-0,622253
6712,750000	-0,617065
6712,875000	-0,619812
6713,000000	-0,634460
6713,125000	-0,620117
6713,250000	-0,611267
6713,375000	-0,611877
6713,500000	-0,603638
6713,625000	-0,632324
6713,750000	-0,670776
6713,875000	-0,657654
6714,000000	-0,656433
6714,125000	-0,633545
6714,250000	-0,648193
6714,375000	-0,635986
6714,500000	-0,640564
6714,625000	-0,640564
6714,750000	-0,643005
6714,875000	-0,636597
6715,000000	-8,124695
6715,125000	-0,632019
6715,250000	-0,653076
6715,375000	-0,653076
6715,500000	-0,649719
6715,625000	-0,628052
6715,750000	-0,628357
6715,875000	-0,643310
6716,000000	-0,614929
6716,125000	-0,623779
6716,250000	-0,620727
6716,375000	-0,637207
6716,500000	-0,653686
6716,625000	-0,657349
6716,750000	-0,609741
6716,875000	-0,610046
6717,000000	-0,638122
6717,125000	-0,632629
6717,250000	-0,658874
6717,375000	-0,621643
6717,500000	-0,625610
6717,625000	-0,623474
6717,750000	-0,610351
6717,875000	-0,588379
6718,000000	-0,589905
6718,125000	-0,611877
6718,250000	-0,637512
6718,375000	-0,634460
6718,500000	-0,623474
6718,625000	-0,623169
6718,750000	-0,609131
6718,875000	-0,651550
6719,000000	-0,667419
6719,125000	-0,668640
6719,250000	-0,629883
6719,375000	-0,585632
6719,500000	-0,651855
6719,625000	-0,654297
6719,750000	-0,654907
6719,875000	-0,640564
6720,000000	-0,626831
6720,125000	-0,627136
6720,250000	-0,603332
6720,375000	-0,625610
6720,500000	-0,663757
6720,625000	-0,657349
6720,750000	-0,601501
6720,875000	-0,599670
6721,000000	-0,664368
6721,125000	-0,628357
6721,250000	-0,609131
6721,375000	-0,633850
6721,500000	-0,633545
6721,625000	-0,643921
6721,750000	-0,639343
6721,875000	-0,618286
6722,000000	-0,617676
6722,125000	-0,567627
6722,250000	-0,618591
6722,375000	-0,646057
6722,500000	-0,608826
6722,625000	-0,609131
6722,750000	-0,622864
6722,875000	-0,626526
6723,000000	-0,632629
6723,125000	-0,628967
6723,250000	-0,614929
6723,375000	-0,641174
6723,500000	-0,621338
6723,625000	-0,619812
6723,750000	-0,619202
6723,875000	-0,615845
6724,000000	-0,592041
6724,125000	-0,612183
6724,250000	-0,609131
6724,375000	-0,623779
6724,500000	-0,637207
6724,625000	-0,617676
6724,750000	-0,616150
6724,875000	-0,617065
6725,000000	-0,646057
6725,125000	-0,630493
6725,250000	-0,620117
6725,375000	-0,592956
6725,500000	-0,596008
6725,625000	-0,632629
6725,750000	-0,616760
6725,875000	-0,639343
6726,000000	-0,637512
6726,125000	-0,631714
6726,250000	-0,596313
6726,375000	-0,605469
6726,500000	-0,624084
6726,625000	-0,621643
6726,750000	-0,624695
6726,875000	-0,614929
6727,000000	-0,598755
6727,125000	-0,598144
6727,250000	-0,632934
6727,375000	-0,610046
6727,500000	-0,582886
6727,625000	-0,621643
6727,750000	-0,620117
6727,875000	-0,597534
6728,000000	-0,611267
6728,125000	-0,590210
6728,250000	-0,593872
6728,375000	-0,632629
6728,500000	-0,576172
6728,625000	-0,591431
6728,750000	-0,603943
6728,875000	-0,601807
6729,000000	-0,607605
6729,125000	-0,610657
6729,250000	-0,608826
6729,375000	-0,577392
6729,500000	-0,577698
6729,625000	-0,591431
6729,750000	-0,632019
6729,875000	-0,599976
6730,000000	-0,599365
6730,125000	-0,606995
6730,250000	-0,617676
6730,375000	-0,613098
6730,500000	-0,584412
6730,625000	-0,582580
6730,750000	-0,597229
6730,875000	-0,606689
6731,000000	-0,617065
6731,125000	-0,614929
6731,250000	-0,590515
6731,375000	-0,599365
6731,500000	-0,578613
6731,625000	-0,584106
6731,750000	-0,586243
6731,875000	-0,579529
6732,000000	-0,603027
6732,125000	-0,613708
6732,250000	-0,590515
6732,375000	-0,594482
6732,500000	-0,604553
6732,625000	-0,600891
6732,750000	-0,605774
6732,875000	-0,604553
6733,000000	-0,594482
6733,125000	-0,572815
6733,250000	-0,605163
6733,375000	-0,587463
6733,500000	-0,585632
6733,625000	-0,594177
6733,750000	-0,584412
6733,875000	-0,571594
6734,000000	-0,568848
6734,125000	-0,586548
6734,250000	-0,572205
6734,375000	-0,552063
6734,500000	-0,565185
6734,625000	-0,566406
6734,750000	-0,564880
6734,875000	-0,568237
6735,000000	-0,610657
6735,125000	-0,559692
6735,250000	-0,545349
6735,375000	-0,588074
6735,500000	-0,586548
6735,625000	-0,602722
6735,750000	-0,603638
6735,875000	-0,545654
6736,000000	-0,570373
6736,125000	-0,549011
6736,250000	-0,569458
6736,375000	-0,568542
6736,500000	-0,546875
6736,625000	-0,578918
6736,750000	-0,555420
6736,875000	-0,549316
6737,000000	-0,568848
6737,125000	-0,551453
6737,250000	-0,537720
6737,375000	-0,557251
6737,500000	-0,556335
6737,625000	-0,574951
6737,750000	-0,584412
6737,875000	-0,597229
6738,000000	-0,576782
6738,125000	-0,575867
6738,250000	-0,544128
6738,375000	-0,559082
6738,500000	-0,586853
6738,625000	-0,590210
6738,750000	-0,611267
6738,875000	-0,538025
6739,000000	-0,567627
6739,125000	-0,527344
6739,250000	-0,532532
6739,375000	-0,538940
6739,500000	-0,568848
6739,625000	-0,536804
6739,750000	-0,538025
6739,875000	-0,514526
6740,000000	-0,516052
6740,125000	-0,565185
6740,250000	-0,566101
6740,375000	-0,564880
6740,500000	-0,552063
6740,625000	-0,574951
6740,750000	-0,556946
6740,875000	-0,556030
6741,000000	-0,555115
6741,125000	-0,591431
6741,250000	-0,542908
6741,375000	-0,541992
6741,500000	-0,542908
6741,625000	-0,547485
6741,750000	-0,540161
6741,875000	-0,549316
6742,000000	-0,570984
6742,125000	-0,554199
6742,250000	-0,539246
6742,375000	-0,549316
6742,500000	-0,551758
6742,625000	-0,550842
6742,750000	-0,540466
6742,875000	-0,535889
6743,000000	-0,534973
6743,125000	-0,521240
6743,250000	-0,521851
6743,375000	-0,541992
6743,500000	-0,557861
6743,625000	-0,540161
6743,750000	-0,538940
6743,875000	-0,520630
6744,000000	-0,549011
6744,125000	-0,550537
6744,250000	-0,543213
6744,375000	-0,544128
6744,500000	-0,515747
6744,625000	-0,556946
6744,750000	-0,536804
6744,875000	-0,490723
6745,000000	-0,530701
6745,125000	-0,538025
6745,250000	-0,491943
6745,375000	-0,510559
6745,500000	-0,510864
6745,625000	-0,496216
6745,750000	-0,532226
6745,875000	-0,510559
6746,000000	-0,513916
6746,125000	-0,516052
6746,250000	-0,525818
6746,375000	-0,520325
6746,500000	-0,501709
6746,625000	-0,503235
6746,750000	-0,522766
6746,875000	-0,480041
6747,000000	-0,512390
6747,125000	-0,551453
6747,250000	-0,551453
6747,375000	-0,514526
6747,500000	-0,526123
6747,625000	-0,512695
6747,750000	-0,511475
6747,875000	-0,505981
6748,000000	-0,490417
6748,125000	-0,527038
6748,250000	-0,495300
6748,375000	-0,494690
6748,500000	-0,506897
6748,625000	-0,524902
6748,750000	-0,491638
6748,875000	-0,501404
6749,000000	-0,506592
6749,125000	-0,485840
6749,250000	-0,495605
6749,375000	-0,514831
6749,500000	-0,514221
6749,625000	-0,460815
6749,750000	-0,481262
6749,875000	-0,524292
6750,000000	-0,519104
6750,125000	-0,517883
6750,250000	-0,467834
6750,375000	-0,502319
6750,500000	-0,492859
6750,625000	-0,491943
6750,750000	-0,491943
6750,875000	-0,479736
6751,000000	-0,455017
6751,125000	-0,475464
6751,250000	-0,474853
6751,375000	-0,506287
6751,500000	-0,480041
6751,625000	-0,451355
6751,750000	-0,444641
6751,875000	-0,443726
6752,000000	-0,496216
6752,125000	-0,487366
6752,250000	-0,466614
6752,375000	-0,465088
6752,500000	-0,514831
6752,625000	-0,457764
6752,750000	-0,485840
6752,875000	-0,447082
6753,000000	-0,445862
6753,125000	-0,466309
6753,250000	-0,495911
6753,375000	-0,489807
6753,500000	-0,482788
6753,625000	-0,431213
6753,750000	-0,437317
6753,875000	-0,491943
6754,000000	-0,471496
6754,125000	-0,468445
6754,250000	-0,457458
6754,375000	-0,447998
6754,500000	-0,463257
6754,625000	-0,461121
6754,750000	-0,497131
6754,875000	-0,446472
6755,000000	-0,505066
6755,125000	-0,474853
6755,250000	-0,473633
6755,375000	-0,436706
6755,500000	-0,483093
6755,625000	-0,445251
6755,750000	-0,439758
6755,875000	-0,443726
6756,000000	-0,439758
6756,125000	-0,477295
6756,250000	-0,462036
6756,375000	-0,462646
6756,500000	-0,438843
6756,625000	-0,440063
6756,750000	-0,436096
6756,875000	-0,455017
6757,000000	-0,455322
6757,125000	-0,421142
6757,250000	-0,416565
6757,375000	-0,475159
6757,500000	-0,473022
6757,625000	-0,437927
6757,750000	-0,424194
6757,875000	-0,409241
6758,000000	-0,432129
6758,125000	-0,430603
6758,250000	-0,456848
6758,375000	-0,444946
6758,500000	-0,450439
6758,625000	-0,438538
6758,750000	-0,422974
6758,875000	-0,422974
6759,000000	-0,425415
6759,125000	-0,458374
6759,250000	-0,459900
6759,375000	-0,423279
6759,500000	-0,424194
6759,625000	-0,426941
6759,750000	-0,393066
6759,875000	-0,393066
6760,000000	-0,414123
6760,125000	-0,420837
6760,250000	-0,382080
6760,375000	-0,379639
6760,500000	-0,413818
6760,625000	-0,398559
6760,750000	-0,401916
6760,875000	-0,389709
6761,000000	-0,389709
6761,125000	-0,412903
6761,250000	-0,399780
6761,375000	-0,409851
6761,500000	-0,404358
6761,625000	-0,387573
6761,750000	-0,378723
6761,875000	-0,373840
6762,000000	-0,382080
6762,125000	-0,380249
6762,250000	-0,412903
6762,375000	-0,357056
6762,500000	-0,405884
6762,625000	-0,369263
6762,750000	-0,372925
6762,875000	-0,376892
6763,000000	-0,372009
6763,125000	-0,391846
6763,250000	-0,389404
6763,375000	-0,407410
6763,500000	-0,378418
6763,625000	-0,380859
6763,750000	-0,334778
6763,875000	-0,334473
6764,000000	-0,387573
6764,125000	-0,357361
6764,250000	-0,394287
6764,375000	-0,391846
6764,500000	-0,370483
6764,625000	-0,371704
6764,750000	-0,375366
6764,875000	-0,386352
6765,000000	-0,383606
6765,125000	-0,364990
6765,250000	-0,354004
6765,375000	-0,344238
6765,500000	-0,381775
6765,625000	-0,386047
6765,750000	-0,355835
6765,875000	-0,339050
6766,000000	-0,331726
6766,125000	-0,331421
6766,250000	-0,344238
6766,375000	-0,346069
6766,500000	-0,356445
6766,625000	-0,359802
6766,750000	-0,359802
6766,875000	-0,344849
6767,000000	-0,378113
6767,125000	-0,364990
6767,250000	-0,363769
6767,375000	-0,371704
6767,500000	-0,308838
6767,625000	-0,325317
6767,750000	-0,321655
6767,875000	-0,324402
6768,000000	-0,335388
6768,125000	-0,343628
6768,250000	-0,343323
6768,375000	-0,314331
6768,500000	-0,353393
6768,625000	-0,326233
6768,750000	-8,696899
6768,875000	-0,343323
6769,000000	-0,342712
6769,125000	-0,327454
6769,250000	-0,309143
6769,375000	-0,316162
6769,500000	-0,347900
6769,625000	-0,347290
6769,750000	-0,339966
6769,875000	-0,313721
6770,000000	-0,321960
6770,125000	-0,319214
6770,250000	-0,307007
6770,375000	-0,334778
6770,500000	-0,303955
6770,625000	-0,292358
6770,750000	-0,290527
6770,875000	-0,296631
6771,000000	-0,272827
6771,125000	-0,292663
6771,250000	-0,294495
6771,375000	-0,296020
6771,500000	-0,313415
6771,625000	-0,321045
6771,750000	-0,280456
6771,875000	-0,278625
6772,000000	-0,265198
6772,125000	-0,288086
6772,250000	-0,310364
6772,375000	-0,268249
6772,500000	-0,268555
6772,625000	-0,269775
6772,750000	-0,260315
6772,875000	-0,280762
6773,000000	-0,277405
6773,125000	-0,265198
6773,250000	-0,273743
6773,375000	-0,270691
6773,500000	-0,254517
6773,625000	-0,254211
6773,750000	-0,261536
6773,875000	-0,274658
6774,000000	-0,297851
6774,125000	-0,251465
6774,250000	-0,253296
6774,375000	-0,283508
6774,500000	-0,248718
6774,625000	-0,246887
6774,750000	-0,246277
6774,875000	-0,221558
6775,000000	-0,236816
6775,125000	-0,260010
6775,250000	-0,266724
6775,375000	-0,265198
6775,500000	-0,209045
6775,625000	-0,231628
6775,750000	-0,251160
6775,875000	-0,249634
6776,000000	-0,247497
6776,125000	-0,235901
6776,250000	-0,262146
6776,375000	-0,240173
6776,500000	-0,238953
6776,625000	-0,234070
6776,750000	-0,237121
6776,875000	-0,250244
6777,000000	-0,223694
6777,125000	-0,222473
6777,250000	-0,191650
6777,375000	-0,223083
6777,500000	-0,200195
6777,625000	-0,199280
6777,750000	-0,185852
6777,875000	-0,195618
6778,000000	-0,217285
6778,125000	-0,231323
6778,250000	-0,230102
6778,375000	-0,190430
6778,500000	-0,187378
6778,625000	-0,206604
6778,750000	-0,205688
6778,875000	-0,155945
6779,000000	-0,178223
6779,125000	-0,124206
6779,250000	-0,191345
6779,375000	-0,190735
6779,500000	-0,157165
6779,625000	-0,185852
6779,750000	-0,187073
6779,875000	-9,015808
6780,000000	-0,229492
6780,125000	-0,199280
6780,250000	-0,214233
6780,375000	-0,198059
6780,500000	-0,197754
6780,625000	-0,173645
6780,750000	-0,129700
6780,875000	-0,172119
6781,000000	-0,187988
6781,125000	-0,190430
6781,250000	-0,161743
6781,375000	-0,162048
6781,500000	-0,155640
6781,625000	-0,154419
6781,750000	-0,193787
6781,875000	-0,128174
6782,000000	-0,133972
6782,125000	-0,150146
6782,250000	-0,151062
6782,375000	-0,151977
6782,500000	-0,172424
6782,625000	-0,107727
6782,750000	-0,105286
6782,875000	-0,153809
6783,000000	-0,134277
6783,125000	-0,137939
6783,250000	-0,146789
6783,375000	-0,146484
6783,500000	-0,101623
6783,625000	-0,127869
6783,750000	-0,128784
6783,875000	-0,144653
6784,000000	-0,146484
6784,125000	-0,094604
6784,250000	-0,122070
6784,375000	-0,111694
6784,500000	-0,111694
6784,625000	-0,126343
6784,750000	-0,103149
6784,875000	-0,128784
6785,000000	-0,119629
6785,125000	-0,118408
6785,250000	-0,108642
6785,375000	-0,087280
6785,500000	-0,097961
6785,625000	-0,096435
6785,750000	-0,072327
6785,875000	-0,057678
6786,000000	-0,131225
6786,125000	-0,060425
6786,250000	-0,058288
6786,375000	-0,042725
6786,500000	-0,081787
6786,625000	-0,044250
6786,750000	-0,042725
6786,875000	-0,072021
6787,000000	-0,049438
6787,125000	-0,057678
6787,250000	-0,114136
6787,375000	-0,113220
6787,500000	-0,066833
6787,625000	-0,087585
6787,750000	-0,081177
6787,875000	-0,032349
6788,000000	-0,033264
6788,125000	-0,032043
6788,250000	-0,048523
6788,375000	-0,076294
6788,500000	-0,076599
6788,625000	-0,047913
6788,750000	-0,042419
6788,875000	-0,056763
6789,000000	-0,044250
6789,125000	-0,043945
6789,250000	-0,041504
6789,375000	-0,060730
6789,500000	-0,025635
6789,625000	-0,026245
6789,750000	-0,030212
6789,875000	-0,027771
6790,000000	-0,021362
6790,125000	-0,035095
6790,250000	-0,033264
6790,375000	0,013733
6790,500000	-0,031128
6790,625000	-0,008850
6790,750000	-0,025940
6790,875000	-0,026855
6791,000000	-0,031128
6791,125000	-0,016479
6791,250000	-0,030517
6791,375000	-10,000000
6791,500000	-0,013428
6791,625000	-0,003357
6791,750000	0,021668
6791,875000	-0,024719
6792,000000	-0,023193
6792,125000	0,001221
6792,250000	-0,000915
6792,375000	0,009461
6792,500000	0,011292
6792,625000	-0,004578
6792,750000	0,053406
6792,875000	0,013733
6793,000000	0,055542
6793,125000	0,054932
6793,250000	0,051575
6793,375000	0,037232
6793,500000	0,041809
6793,625000	-0,001526
6793,750000	0,067749
6793,875000	0,005188
6794,000000	0,035400
6794,125000	0,023499
6794,250000	0,023193
6794,375000	0,025940
6794,500000	0,046082
6794,625000	0,035706
6794,750000	0,012207
6794,875000	0,014038
6795,000000	0,024414
6795,125000	0,022278
6795,250000	0,045471
6795,375000	0,045776
6795,500000	0,072632
6795,625000	0,035706
6795,750000	0,073853
6795,875000	0,054321
6796,000000	0,054932
6796,125000	0,040894
6796,250000	0,070496
6796,375000	0,077210
6796,500000	0,077820
6796,625000	0,075073
6796,750000	0,102844
6796,875000	0,062256
6797,000000	0,102539
6797,125000	0,105286
6797,250000	0,091858
6797,375000	0,114136
6797,500000	0,093384
6797,625000	0,075379
6797,750000	0,074463
6797,875000	0,082398
6798,000000	0,122070
6798,125000	0,100403
6798,250000	0,102539
6798,375000	0,099487
6798,500000	0,070801
6798,625000	0,112915
6798,750000	0,112610
6798,875000	0,114441
6799,000000	0,114136
6799,125000	0,121155
6799,250000	0,137024
6799,375000	0,139160
6799,500000	0,131531
6799,625000	0,142212
6799,750000	0,098877
6799,875000	0,157166
6800,000000	0,157166
6800,125000	0,122986
6800,250000	0,137634
6800,375000	0,141907
6800,500000	0,138855
6800,625000	0,134277
6800,750000	0,148621
6800,875000	0,143738
6801,000000	0,130005
6801,125000	0,129395
6801,250000	0,155335
6801,375000	0,147705
6801,500000	0,154114
6801,625000	0,156555
6801,750000	0,159302
6801,875000	0,152283
6802,000000	0,130920
6802,125000	0,181275
6802,250000	0,181580
6802,375000	0,169983
6802,500000	0,177002
6802,625000	0,145264
6802,750000	0,176087
6802,875000	0,173950
6803,000000	0,167847
6803,125000	0,208435
6803,250000	0,194702
6803,375000	0,199585
6803,500000	0,172119
6803,625000	0,193482
6803,750000	0,171204
6803,875000	0,211487
6804,000000	0,213318
6804,125000	0,179749
6804,250000	0,218201
6804,375000	0,186157
6804,500000	0,208435
6804,625000	0,208740
6804,750000	0,204163
6804,875000	0,219727
6805,000000	0,221253
6805,125000	0,221558
6805,250000	0,206909
6805,375000	0,205689
6805,500000	0,201416
6805,625000	0,203552
6805,750000	0,202026
6805,875000	0,203858
6806,000000	0,263062
6806,125000	0,242920
6806,250000	0,243225
6806,375000	0,236816
6806,500000	0,254822
6806,625000	0,220032
6806,750000	0,212097
6806,875000	0,213013
6807,000000	0,222473
6807,125000	0,262146
6807,250000	0,236206
6807,375000	0,249939
6807,500000	0,247498
6807,625000	0,252075
6807,750000	0,260010
6807,875000	0,225830
6808,000000	0,225525
6808,125000	0,264587
6808,250000	0,282593
6808,375000	0,248718
6808,500000	0,240173
6808,625000	0,242615
6808,750000	0,238037
6808,875000	0,256653
6809,000000	0,246582
6809,125000	0,247192
6809,250000	0,278320
6809,375000	0,278015
6809,500000	0,294190
6809,625000	0,256653
6809,750000	0,256348
6809,875000	0,283203
6810,000000	0,296326
6810,125000	0,266113
6810,250000	0,268250
6810,375000	0,310974
6810,500000	0,279541
6810,625000	0,318909
6810,750000	0,295715
6810,875000	0,293579
6811,000000	0,321961
6811,125000	0,315552
6811,250000	0,318909
6811,375000	0,321961
6811,500000	0,282288
6811,625000	0,295410
6811,750000	0,292664
6811,875000	0,301819
6812,000000	0,304871
6812,125000	0,339050
6812,250000	0,303345
6812,375000	0,348511
6812,500000	0,333862
6812,625000	0,332031
6812,750000	0,319519
6812,875000	0,303650
6813,000000	0,322876
6813,125000	0,324097
6813,250000	0,320129
6813,375000	0,351257
6813,500000	0,328674
6813,625000	0,315247
6813,750000	0,315857
6813,875000	0,344238
6814,000000	0,343628
6814,125000	0,343628
6814,250000	0,345459
6814,375000	0,352478
6814,500000	0,338440
6814,625000	0,341187
6814,750000	0,321655
6814,875000	0,323181
6815,000000	0,353699
6815,125000	0,343018
6815,250000	0,325317
6815,375000	0,334778
6815,500000	0,337525
6815,625000	0,354920
6815,750000	0,383911
6815,875000	0,382385
6816,000000	0,382691
6816,125000	0,354920
6816,250000	0,393677
6816,375000	0,401306
6816,500000	0,385742
6816,625000	0,385437
6816,750000	0,381165
6816,875000	0,401611
6817,000000	0,354004
6817,125000	0,354309
6817,250000	0,360108
6817,375000	0,378418
6817,500000	0,384216
6817,625000	0,381470
6817,750000	0,380859
6817,875000	0,372620
6818,000000	0,411072
6818,125000	0,387573
6818,250000	0,388794
6818,375000	0,393982
6818,500000	0,368347
6818,625000	0,376282
6818,750000	0,422363
6818,875000	0,422974
6819,000000	0,368042
6819,125000	0,425110
6819,250000	0,399780
6819,375000	0,389710
6819,500000	0,389099
6819,625000	0,379944
6819,750000	0,434570
6819,875000	0,426331
6820,000000	0,427857
6820,125000	0,407410
6820,250000	0,406494
6820,375000	0,417786
6820,500000	0,425720
6820,625000	0,427246
6820,750000	0,421448
6820,875000	0,424194
6821,000000	0,448303
6821,125000	0,448303
6821,250000	0,431213
6821,375000	0,393066
6821,500000	0,437012
6821,625000	0,417786
6821,750000	0,418396
6821,875000	0,415955
6822,000000	0,424500
6822,125000	0,430908
6822,250000	0,454407
6822,375000	0,453796
6822,500000	0,411682
6822,625000	0,455017
6822,750000	0,422974
6822,875000	0,423279
6823,000000	0,446472
6823,125000	0,449219
6823,250000	0,421143
6823,375000	0,415955
6823,500000	0,416565
6823,625000	0,453491
6823,750000	0,444031
6823,875000	0,459595
6824,000000	0,459595
6824,125000	0,444946
6824,250000	0,443115
6824,375000	0,484619
6824,500000	0,424805
6824,625000	0,426941
6824,750000	0,442200
6824,875000	0,444336
6825,000000	0,416870
6825,125000	0,418091
6825,250000	0,446472
6825,375000	0,467835
6825,500000	0,461426
6825,625000	0,449829
6825,750000	0,449219
6825,875000	0,405274
6826,000000	0,473938
6826,125000	0,466919
6826,250000	0,426636
6826,375000	0,428467
6826,500000	0,457153
6826,625000	0,451050
6826,750000	0,458679
6826,875000	0,458679
6827,000000	0,469666
6827,125000	0,457153
6827,250000	0,496521
6827,375000	0,435791
6827,500000	0,436707
6827,625000	0,446472
6827,750000	0,480042
6827,875000	0,459900
6828,000000	0,460816
6828,125000	0,474243
6828,250000	0,465698
6828,375000	0,455933
6828,500000	0,466004
6828,625000	0,466004
6828,750000	0,457764
6828,875000	0,448608
6829,000000	0,483704
6829,125000	0,455017
6829,250000	0,456238
6829,375000	0,495300
6829,500000	0,504150
6829,625000	0,468750
6829,750000	0,468140
6829,875000	0,468750
6830,000000	0,481873
6830,125000	0,467224
6830,250000	0,465088
6830,375000	0,465393
6830,500000	0,505676
6830,625000	0,499268
6830,750000	0,480652
6830,875000	0,481873
6831,000000	0,468140
6831,125000	0,476074
6831,250000	0,432129
6831,375000	0,487976
6831,500000	0,488892
6831,625000	0,485840
6831,750000	0,464172
6831,875000	0,448303
6832,000000	0,388794
6832,125000	0,441895
6832,250000	0,476685
6832,375000	0,478516
6832,500000	0,486450
6832,625000	0,488587
6832,750000	0,505982
6832,875000	0,461426
6833,000000	0,471802
6833,125000	0,494080
6833,250000	0,492554
6833,375000	0,476074
6833,500000	0,510864
6833,625000	0,485840
6833,750000	0,487366
6833,875000	0,508118
6834,000000	0,470276
6834,125000	0,488281
6834,250000	0,457153
6834,375000	0,455628
6834,500000	0,516968
6834,625000	0,457153
6834,750000	0,518799
6834,875000	0,515137
6835,000000	0,516358
6835,125000	0,487976
6835,250000	0,481567
6835,375000	0,468140
6835,500000	0,467224
6835,625000	0,460510
6835,750000	0,463257
6835,875000	0,483704
6836,000000	0,508118
6836,125000	0,508118
6836,250000	0,507202
6836,375000	0,462341
6836,500000	0,497131
6836,625000	0,500488
6836,750000	0,498657
6836,875000	0,515137
6837,000000	0,454407
6837,125000	0,467529
6837,250000	0,468140
6837,375000	0,484314
6837,500000	0,463562
6837,625000	0,479431
6837,750000	0,562439
6837,875000	0,559387
6838,000000	0,480652
6838,125000	0,481262
6838,250000	0,489807
6838,375000	0,488892
6838,500000	0,484314
6838,625000	0,476685
6838,750000	0,447998
6838,875000	0,476074
6839,000000	0,476379
6839,125000	0,460510
6839,250000	0,471497
6839,375000	0,503845
6839,500000	0,504456
6839,625000	0,497437
6839,750000	0,483704
6839,875000	0,484314
6840,000000	0,501404
6840,125000	0,502625
6840,250000	0,474243
6840,375000	0,471191
6840,500000	0,482483
6840,625000	0,413208
6840,750000	0,472717
6840,875000	0,470886
6841,000000	0,462952
6841,125000	0,460816
6841,250000	0,461426
6841,375000	0,458069
6841,500000	0,472717
6841,625000	0,450440
6841,750000	0,490112
6841,875000	0,491638
6842,000000	0,445252
6842,125000	0,492554
6842,250000	0,482178
6842,375000	0,480652
6842,500000	0,485840
6842,625000	0,491333
6842,750000	0,459900
6842,875000	0,455322
6843,000000	0,456848
6843,125000	0,481567
6843,250000	0,479126
6843,375000	0,446167
6843,500000	0,448608
6843,625000	0,458374
6843,750000	0,447693
6843,875000	0,445862
6844,000000	0,438538
6844,125000	0,438538
6844,250000	0,464783
6844,375000	0,436096
6844,500000	0,465393
6844,625000	0,443421
6844,750000	0,440674
6844,875000	0,449829
6845,000000	0,440369
6845,125000	0,425110
6845,250000	0,425415
6845,375000	0,450745
6845,500000	0,419617
6845,625000	0,443726
6845,750000	0,427246
6845,875000	0,428772
6846,000000	0,466309
6846,125000	0,466919
6846,250000	0,453491
6846,375000	0,454712
6846,500000	0,413818
6846,625000	0,446777
6846,750000	0,474548
6846,875000	0,442810
6847,000000	0,441284
6847,125000	0,434265
6847,250000	0,407105
6847,375000	0,391235
6847,500000	0,436096
6847,625000	0,450134
6847,750000	0,412903
6847,875000	0,437012
6848,000000	0,394592
6848,125000	0,394592
6848,250000	0,405579
6848,375000	0,429077
6848,500000	0,415039
6848,625000	0,432129
6848,750000	0,434570
6848,875000	0,442505
6849,000000	0,403137
6849,125000	0,439758
6849,250000	0,441589
6849,375000	0,448608
6849,500000	0,413818
6849,625000	0,425415
6849,750000	0,410156
6849,875000	0,410156
6850,000000	0,378418
6850,125000	0,417481
6850,250000	0,405884
6850,375000	0,405579
6850,500000	0,404358
6850,625000	0,339356
6850,750000	0,390015
6850,875000	0,422363
6851,000000	0,423889
6851,125000	0,403137
6851,250000	0,414429
6851,375000	0,406799
6851,500000	0,408325
6851,625000	0,380554
6851,750000	0,378723
6851,875000	0,389404
6852,000000	0,393066
6852,125000	0,394592
6852,250000	0,381775
6852,375000	0,394592
6852,500000	0,359497
6852,625000	0,383301
6852,750000	0,382385
6852,875000	0,378418
6853,000000	0,374756
6853,125000	0,367127
6853,250000	0,366211
6853,375000	0,379028
6853,500000	0,377197
6853,625000	0,369568
6853,750000	0,344849
6853,875000	0,345459
6854,000000	0,350037
6854,125000	0,375366
6854,250000	0,349732
6854,375000	0,352783
6854,500000	0,354614
6854,625000	0,351563
6854,750000	0,367737
6854,875000	0,375366
6855,000000	0,375671
6855,125000	0,332337
6855,250000	0,353088
6855,375000	0,327149
6855,500000	0,332642
6855,625000	0,359192
6855,750000	0,319519
6855,875000	0,336609
6856,000000	0,364075
6856,125000	0,364075
6856,250000	0,299378
6856,375000	0,326538
6856,500000	0,341797
6856,625000	0,342102
6856,750000	0,340576
6856,875000	0,326538
6857,000000	0,322571
6857,125000	0,344544
6857,250000	0,343628
6857,375000	0,292969
6857,500000	0,330200
6857,625000	0,296326
6857,750000	0,293579
6857,875000	0,292969
6858,000000	0,262756
6858,125000	0,289307
6858,250000	0,295410
6858,375000	0,295105
6858,500000	0,292358
6858,625000	0,273132
6858,750000	0,310059
6858,875000	0,275574
6859,000000	0,277405
6859,125000	0,285950
6859,250000	0,296021
6859,375000	0,292664
6859,500000	0,266113
6859,625000	0,264587
6859,750000	0,259400
6859,875000	0,304260
6860,000000	0,264587
6860,125000	0,265503
6860,250000	0,300293
6860,375000	0,282288
6860,500000	0,303650
6860,625000	0,240784
6860,750000	0,242310
6860,875000	0,285339
6861,000000	0,254517
6861,125000	0,249634
6861,250000	0,250549
6861,375000	0,272217
6861,500000	0,258789
6861,625000	0,246277
6861,750000	0,268860
6861,875000	0,270081
6862,000000	0,232239
6862,125000	0,263977
6862,250000	0,260010
6862,375000	0,245056
6862,500000	0,249024
6862,625000	0,259094
6862,750000	0,242920
6862,875000	0,242920
6863,000000	0,242310
6863,125000	0,227661
6863,250000	0,227966
6863,375000	0,259400
6863,500000	0,225525
6863,625000	0,224915
6863,750000	0,191650
6863,875000	0,227051
6864,000000	0,206909
6864,125000	0,221253
6864,250000	0,226746
6864,375000	0,203552
6864,500000	0,223389
6864,625000	0,212402
6864,750000	0,211792
6864,875000	0,190735
6865,000000	0,215759
6865,125000	0,167542
6865,250000	0,207825
6865,375000	0,207214
6865,500000	0,183106
6865,625000	0,209656
6865,750000	0,198670
6865,875000	0,199890
6866,000000	0,209045
6866,125000	0,174561
6866,250000	0,194397
6866,375000	0,181580
6866,500000	0,181885
6866,625000	0,184631
6866,750000	0,199280
6866,875000	0,194092
6867,000000	0,195007
6867,125000	0,161133
6867,250000	0,168457
6867,375000	0,162659
6867,500000	0,127258
6867,625000	0,128784
6867,750000	0,157776
6867,875000	0,187378
6868,000000	0,147400
6868,125000	0,122070
6868,250000	0,119019
6868,375000	0,164490
6868,500000	0,166626
6868,625000	0,130920
6868,750000	0,128784
6868,875000	0,167236
6869,000000	0,144653
6869,125000	0,124207
6869,250000	0,144959
6869,375000	0,146484
6869,500000	0,147705
6869,625000	0,127258
6869,750000	0,171509
6869,875000	0,171204
6870,000000	0,142517
6870,125000	0,106201
6870,250000	0,149841
6870,375000	0,097962
6870,500000	0,099793
6870,625000	0,107117
6870,750000	0,125427
6870,875000	0,098877
6871,000000	0,144653
6871,125000	0,158081
6871,250000	0,089417
6871,375000	0,108948
6871,500000	0,089111
6871,625000	0,088196
6871,750000	0,079651
6871,875000	0,092468
6872,000000	0,097656
6872,125000	0,084534
6872,250000	0,085449
6872,375000	0,073547
6872,500000	0,116577
6872,625000	0,081787
6872,750000	0,083618
6872,875000	0,065918
6873,000000	0,067749
6873,125000	0,085144
6873,250000	0,091858
6873,375000	0,093689
6873,500000	0,079346
6873,625000	0,072022
6873,750000	0,043945
6873,875000	0,045471
6874,000000	0,047302
6874,125000	0,078430
6874,250000	0,040894
6874,375000	0,068665
6874,500000	0,069885
6874,625000	0,024719
6874,750000	0,040588
6874,875000	0,027771
6875,000000	0,043945
6875,125000	0,043335
6875,250000	0,040283
6875,375000	-0,000915
6875,500000	0,061951
6875,625000	0,061646
6875,750000	0,027771
6875,875000	0,030212
6876,000000	0,028992
6876,125000	0,018616
6876,250000	0,018311
6876,375000	0,032349
6876,500000	0,019837
6876,625000	0,000916
6876,750000	0,001526
6876,875000	0,028076
6877,000000	0,011597
6877,125000	0,029297
6877,250000	-0,014038
6877,375000	-0,014343
6877,500000	-0,017090
6877,625000	-0,009460
6877,750000	0,005798
6877,875000	-0,025635
6878,000000	-0,010986
6878,125000	-0,003052
6878,250000	0,008545
6878,375000	-0,028992
6878,500000	-0,031128
6878,625000	-0,019226
6878,750000	-0,003052
6878,875000	0,030823
6879,000000	0,029297
6879,125000	-0,021057
6879,250000	-0,047302
6879,375000	-0,026855
6879,500000	-0,000915
6879,625000	0,000000
6879,750000	-0,034180
6879,875000	-0,034790
6880,000000	-0,043335
6880,125000	-0,040893
6880,250000	-0,040588
6880,375000	-0,065918
6880,500000	-0,087585
6880,625000	-0,038452
6880,750000	-0,038757
6880,875000	-0,053100
6881,000000	-0,063782
6881,125000	-0,027771
6881,250000	-0,072632
6881,375000	-0,074463
6881,500000	-0,061035
6881,625000	-0,068664
6881,750000	-0,074158
6881,875000	-0,070496
6882,000000	-0,112915
6882,125000	-0,095825
6882,250000	-0,072632
6882,375000	-0,068970
6882,500000	-0,068664
6882,625000	-0,107117
6882,750000	-0,056152
6882,875000	-0,085754
6883,000000	-0,075989
6883,125000	-0,074463
6883,250000	-0,093994
6883,375000	-0,101013
6883,500000	-0,079040
6883,625000	-0,078125
6883,750000	-0,118408
6883,875000	-0,079956
6884,000000	-0,077515
6884,125000	-0,119018
6884,250000	-0,119324
6884,375000	-0,120850
6884,500000	-0,106811
6884,625000	-0,137329
6884,750000	-0,135193
6884,875000	-0,099182
6885,000000	-0,127258
6885,125000	-0,104980
6885,250000	-0,123596
6885,375000	-0,124206
6885,500000	-0,134888
6885,625000	-0,126648
6885,750000	-0,140991
6885,875000	-0,133362
6886,000000	-0,133667
6886,125000	-0,121460
6886,250000	-0,134888
6886,375000	-0,121155
6886,500000	-0,121765
6886,625000	-0,107117
6886,750000	-0,166321
6886,875000	-0,144653
6887,000000	-0,152893
6887,125000	-0,152283
6887,250000	-0,159912
6887,375000	-0,168762
6887,500000	-0,157776
6887,625000	-0,154724
6887,750000	-0,164184
6887,875000	-0,173950
6888,000000	-0,157165
6888,125000	-0,167541
6888,250000	-0,165710
6888,375000	-0,135193
6888,500000	-0,183105
6888,625000	-0,195618
6888,750000	-0,191345
6888,875000	-0,175171
6889,000000	-0,171814
6889,125000	-0,185852
6889,250000	-0,169678
6889,375000	-0,166626
6889,500000	-0,179138
6889,625000	-0,196533
6889,750000	-0,207214
6889,875000	-0,171509
6890,000000	-0,174255
6890,125000	-0,177917
6890,250000	-0,191040
6890,375000	-0,208740
6890,500000	-0,205688
6890,625000	-0,187988
6890,750000	-0,192871
6890,875000	-0,216980
6891,000000	-0,198364
6891,125000	-0,198364
6891,250000	-0,217895
6891,375000	-0,194702
6891,500000	-0,215759
6891,625000	-0,230713
6891,750000	-0,231323
6891,875000	-0,226135
6892,000000	-0,230408
6892,125000	-0,213013
6892,250000	-0,211487
6892,375000	-0,196533
6892,500000	-0,195312
6892,625000	-0,241089
6892,750000	-0,230408
6892,875000	-0,235596
6893,000000	-0,220032
6893,125000	-0,277100
6893,250000	-0,277100
6893,375000	-0,275879
6893,500000	-0,231628
6893,625000	-0,272827
6893,750000	-0,265503
6893,875000	-0,232544
6894,000000	-0,234375
6894,125000	-0,237427
6894,250000	-0,229492
6894,375000	-0,258789
6894,500000	-0,256653
6894,625000	-0,266113
6894,750000	-0,265198
6894,875000	-0,249023
6895,000000	-0,278625
6895,125000	-0,277405
6895,250000	-0,293274
6895,375000	-0,265503
6895,500000	-0,289917
6895,625000	-0,286560
6895,750000	-0,269470
6895,875000	-0,254517
6896,000000	-0,269470
6896,125000	-0,283203
6896,250000	-0,281677
6896,375000	-0,292358
6896,500000	-0,272217
6896,625000	-0,294189
6896,750000	-0,316772
6896,875000	-0,320740
6897,000000	-0,298767
6897,125000	-0,288086
6897,250000	-0,268555
6897,375000	-0,267639
6897,500000	-0,296020
6897,625000	-0,316772
6897,750000	-0,320434
6897,875000	-0,319824
6898,000000	-0,319824
6898,125000	-0,314026
6898,250000	-0,277405
6898,375000	-0,308838
6898,500000	-0,306091
6898,625000	-0,361023
6898,750000	-0,307312
6898,875000	-0,309753
6899,000000	-0,336609
6899,125000	-0,334167
6899,250000	-0,340576
6899,375000	-0,299988
6899,500000	-0,339966
6899,625000	-0,307922
6899,750000	-0,333557
6899,875000	-0,358581
6900,000000	-0,319214
6900,125000	-0,337524
6900,250000	-0,334473
6900,375000	-0,332947
6900,500000	-0,328979
6900,625000	-0,336914
6900,750000	-0,352173
6900,875000	-0,351868
6901,000000	-0,312805
6901,125000	-0,314026
6901,250000	-0,341492
6901,375000	-0,339050
6901,500000	-0,334167
6901,625000	-0,348816
6901,750000	-0,344849
6901,875000	-0,340271
6902,000000	-0,337524
6902,125000	-0,396423
6902,250000	-0,355835
6902,375000	-0,361328
6902,500000	-0,356750
6902,625000	-0,333862
6902,750000	-0,362244
6902,875000	-0,379639
6903,000000	-0,379028
6903,125000	-0,379944
6903,250000	-0,390015
6903,375000	-0,337219
6903,500000	-0,378418
6903,625000	-0,366821
6903,750000	-0,370788
6903,875000	-0,346680
6904,000000	-0,349121
6904,125000	-0,406799
6904,250000	-0,405273
6904,375000	-0,400085
6904,500000	-0,365906
6904,625000	-0,391540
6904,750000	-0,385742
6904,875000	-0,385437
6905,000000	-0,431824
6905,125000	-0,408020
6905,250000	-0,404663
6905,375000	-0,413513
6905,500000	-0,419006
6905,625000	-0,393371
6905,750000	-0,393982
6905,875000	-0,447693
6906,000000	-0,447693
6906,125000	-0,416260
6906,250000	-0,390930
6906,375000	-0,425720
6906,500000	-0,439148
6906,625000	-0,434570
6906,750000	-0,403747
6906,875000	-0,429077
6907,000000	-0,409241
6907,125000	-0,407410
6907,250000	-0,420227
6907,375000	-0,432129
6907,500000	-0,444031
6907,625000	-0,397339
6907,750000	-0,397949
6907,875000	-0,392151
6908,000000	-0,466309
6908,125000	-0,418091
6908,250000	-0,416565
6908,375000	-0,425720
6908,500000	-0,412903
6908,625000	-0,432129
6908,750000	-0,446167
6908,875000	-0,446167
6909,000000	-0,473633
6909,125000	-0,444641
6909,250000	-0,432434
6909,375000	-0,427551
6909,500000	-0,424805
6909,625000	-0,435791
6909,750000	-0,429382
6909,875000	-0,484314
6910,000000	-0,482788
6910,125000	-0,424499
6910,250000	-0,457458
6910,375000	-0,447693
6910,500000	-0,422668
6910,625000	-0,429993
6910,750000	-0,457458
6910,875000	-0,466614
6911,000000	-0,446167
6911,125000	-0,444641
6911,250000	-0,449219
6911,375000	-0,476379
6911,500000	-0,454407
6911,625000	-0,462036
6911,750000	-0,460205
6911,875000	-0,473328
6912,000000	-0,457764
6912,125000	-0,475159
6912,250000	-0,474853
6912,375000	-0,476074
6912,500000	-0,491943
6912,625000	-0,466309
6912,750000	-0,507202
6912,875000	-0,506897
6913,000000	-0,458679
6913,125000	-0,459595
6913,250000	-0,487060
6913,375000	-0,485229
6913,500000	-0,483704
6913,625000	-0,477600
6913,750000	-0,469971
6913,875000	-0,499878
6914,000000	-0,498657
6914,125000	-0,501099
6914,250000	-0,468140
6914,375000	-0,461121
6914,500000	-0,483093
6914,625000	-0,483704
6914,750000	-0,508728
6914,875000	-0,489502
6915,000000	-0,496826
6915,125000	-0,490417
6915,250000	-0,492859
6915,375000	-0,511780
6915,500000	-0,505676
6915,625000	-0,514526
6915,750000	-0,511780
6915,875000	-0,537414
6916,000000	-0,504455
6916,125000	-0,494080
6916,250000	-0,513611
6916,375000	-0,514831
6916,500000	-0,506287
6916,625000	-0,518799
6916,750000	-0,481872
6916,875000	-0,480957
6917,000000	-0,548401
6917,125000	-0,486450
6917,250000	-0,543823
6917,375000	-0,516663
6917,500000	-0,516663
6917,625000	-0,548706
6917,750000	-0,547790
6917,875000	-0,508423
6918,000000	-0,504761
6918,125000	-0,546570
6918,250000	-0,532532
6918,375000	-0,514526
6918,500000	-0,526733
6918,625000	-0,527038
6918,750000	-0,514831
6918,875000	-0,509033
6919,000000	-0,516968
6919,125000	-0,557251
6919,250000	-0,560608
6919,375000	-0,517883
6919,500000	-0,520935
6919,625000	-0,564880
6919,750000	-0,565185
6919,875000	-0,556335
6920,000000	-0,516968
6920,125000	-0,549011
6920,250000	-0,522156
6920,375000	-0,523071
6920,500000	-0,526733
6920,625000	-0,552063
6920,750000	-0,543823
6920,875000	-0,542908
6921,000000	-0,514221
6921,125000	-0,562439
6921,250000	-0,510254
6921,375000	-0,551147
6921,500000	-0,552063
6921,625000	-0,559692
6921,750000	-0,552063
6921,875000	-0,559387
6922,000000	-0,559082
6922,125000	-0,568237
6922,250000	-0,540771
6922,375000	-0,556641
6922,500000	-0,564575
6922,625000	-0,563354
6922,750000	-0,574341
6922,875000	-0,578308
6923,000000	-0,571594
6923,125000	-0,571594
6923,250000	-0,533447
6923,375000	-0,571594
6923,500000	-0,549011
6923,625000	-0,576782
6923,750000	-0,575561
6923,875000	-0,567017
6924,000000	-0,516968
6924,125000	-0,556641
6924,250000	-0,538025
6924,375000	-0,544739
6924,500000	-0,574951
6924,625000	-0,555420
6924,750000	-0,536194
6924,875000	-0,533752
6925,000000	-0,577087
6925,125000	-0,567932
6925,250000	-0,563660
6925,375000	-0,542908
6925,500000	-0,541382
6925,625000	-0,589294
6925,750000	-0,562134
6925,875000	-0,552978
6926,000000	-0,553284
6926,125000	-0,572205
6926,250000	-0,558472
6926,375000	-0,574951
6926,500000	-0,567322
6926,625000	-0,566406
6926,750000	-0,605163
6926,875000	-0,576172
6927,000000	-0,581970
6927,125000	-0,598450
6927,250000	-0,597839
6927,375000	-0,526123
6927,500000	-0,589600
6927,625000	-0,586853
6927,750000	-0,583801
6927,875000	-0,553589
6928,000000	-0,590820
6928,125000	-0,588989
6928,250000	-0,584412
6928,375000	-0,581970
6928,500000	-0,614624
6928,625000	-0,623169
6928,750000	-0,580749
6928,875000	-0,578613
6929,000000	-0,585937
6929,125000	-0,601196
6929,250000	-0,597839
6929,375000	-0,581360
6929,500000	-0,581360
6929,625000	-0,594788
6929,750000	-0,586853
6929,875000	-0,554199
6930,000000	-0,605774
6930,125000	-0,610962
6930,250000	-0,607910
6930,375000	-0,602722
6930,500000	-0,609131
6930,625000	-0,609131
6930,750000	-0,604248
6930,875000	-0,602722
6931,000000	-0,622864
6931,125000	-0,596619
6931,250000	-0,596619
6931,375000	-0,601501
6931,500000	-0,615845
6931,625000	-0,569763
6931,750000	-0,567627
6931,875000	-0,606995
6932,000000	-0,598450
6932,125000	-0,596619
6932,250000	-0,619507
6932,375000	-0,616455
6932,500000	-0,617981
6932,625000	-0,593872
6932,750000	-0,620117
6932,875000	-0,568237
6933,000000	-0,578003
6933,125000	-0,624390
6933,250000	-0,616760
6933,375000	-0,624390
6933,500000	-0,624695
6933,625000	-0,659485
6933,750000	-0,617981
6933,875000	-0,616760
6934,000000	-0,605163
6934,125000	-0,605774
6934,250000	-0,577392
6934,375000	-0,645752
6934,500000	-0,599365
6934,625000	-0,599670
6934,750000	-0,617065
6934,875000	-0,628052
6935,000000	-0,590210
6935,125000	-0,602112
6935,250000	-0,603332
6935,375000	-0,613708
6935,500000	-0,626831
6935,625000	-0,595398
6935,750000	-0,594177
6935,875000	-0,587463
6936,000000	-0,617676
6936,125000	-0,593567
6936,250000	-0,620422
6936,375000	-0,620117
6936,500000	-0,621643
6936,625000	-0,625305
6936,750000	-0,634460
6936,875000	-0,634155
6937,000000	-0,601807
6937,125000	-0,635986
6937,250000	-0,610962
6937,375000	-0,634155
6937,500000	-0,631714
6937,625000	-0,611572
6937,750000	-0,640869
6937,875000	-0,644226
6938,000000	-0,656433
6938,125000	-0,654602
6938,250000	-0,621643
6938,375000	-0,620422
6938,500000	-0,611877
6938,625000	-0,610657
6938,750000	-0,604858
6938,875000	-0,602417
6939,000000	-0,632324
6939,125000	-0,629272
6939,250000	-0,628357
6939,375000	-0,591736
6939,500000	-0,615234
6939,625000	-0,638733
6939,750000	-0,570373
6939,875000	-0,613098
6940,000000	-0,593567
6940,125000	-0,624084
6940,250000	-0,612488
6940,375000	-0,614624
6940,500000	-0,616760
6940,625000	-0,614929
6940,750000	-0,635681
6940,875000	-0,616150
6941,000000	-0,617065
6941,125000	-0,668335
6941,250000	-0,652161
6941,375000	-0,610046
6941,500000	-0,608520
6941,625000	-0,623474
6941,750000	-0,620117
6941,875000	-0,662231
6942,000000	-10,000000
6942,125000	-0,635681
6942,250000	-0,625610
6942,375000	-0,633545
6942,500000	-0,656738
6942,625000	-0,653992
6942,750000	-0,644531
6942,875000	-0,618286
6943,000000	-0,630493
6943,125000	-0,605469
6943,250000	-0,604553
6943,375000	-0,636291
6943,500000	-0,641174
6943,625000	-0,623169
6943,750000	-0,625000
6943,875000	-0,623169
6944,000000	-0,617981
6944,125000	-0,621948
6944,250000	-0,626221
6944,375000	-0,628357
6944,500000	-0,622559
6944,625000	-0,623779
6944,750000	-0,651245
6944,875000	-0,646362
6945,000000	-0,660095
6945,125000	-0,647278
6945,250000	-0,653686
6945,375000	-0,665588
6945,500000	-0,666504
6945,625000	-0,658874
6945,750000	-0,657654
6945,875000	-0,629883
6946,000000	-0,675964
6946,125000	-0,675354
6946,250000	-0,657959
6946,375000	-0,703735
6946,500000	-0,621338
6946,625000	-0,615234
6946,750000	-0,672913
6946,875000	-0,641785
6947,000000	-0,651550
6947,125000	-0,660705
6947,250000	-0,658874
6947,375000	-0,635376
6947,500000	-0,646057
6947,625000	-0,644531
6947,750000	-0,652771
6947,875000	-0,654297
6948,000000	-0,638428
6948,125000	-0,636291
6948,250000	-0,633850
6948,375000	-0,634460
6948,500000	-0,614624
6948,625000	-0,633545
6948,750000	-0,631409
6948,875000	-0,634460
6949,000000	-0,634460
6949,125000	-0,650024
6949,250000	-0,640564
6949,375000	-0,626831
6949,500000	-0,626831
6949,625000	-0,646057
6949,750000	-0,627136
6949,875000	-0,664978
6950,000000	-0,667114
6950,125000	-0,666809
6950,250000	-0,676269
6950,375000	-0,670166
6950,500000	-0,657959
6950,625000	-0,657654
6950,750000	-0,643310
6950,875000	-0,629272
6951,000000	-0,651855
6951,125000	-0,673218
6951,250000	-0,674744
6951,375000	-0,649414
6951,500000	-0,678406
6951,625000	-0,619507
6951,750000	-0,630493
6951,875000	-0,629578
6952,000000	-0,635071
6952,125000	-0,668335
6952,250000	-0,629578
6952,375000	-0,627441
6952,500000	-0,667114
6952,625000	-0,639648
6952,750000	-0,658569
6952,875000	-0,631103
6953,000000	-0,633545
6953,125000	-0,636597
6953,250000	-0,693359
6953,375000	-0,644836
6953,500000	-0,641174
6953,625000	-0,622559
6953,750000	-0,643005
6953,875000	-0,658569
6954,000000	-0,674133
6954,125000	-0,672913
6954,250000	-0,665283
6954,375000	-0,682068
6954,500000	-0,683288
6954,625000	-0,682068
6954,750000	-0,656738
6954,875000	-0,635681
6955,000000	-0,622253
6955,125000	-0,661621
6955,250000	-0,660400
6955,375000	-0,658569
6955,500000	-0,635071
6955,625000	-0,676575
6955,750000	-0,675049
6955,875000	-0,675354
6956,000000	-0,639343
6956,125000	-0,650940
6956,250000	-0,631409
6956,375000	-0,630493
6956,500000	-0,635071
6956,625000	-0,681763
6956,750000	-0,621033
6956,875000	-0,648498
6957,000000	-0,647583
6957,125000	-0,683288
6957,250000	-0,603943
6957,375000	-0,694275
6957,500000	-0,597534
6957,625000	-0,610351
6957,750000	-0,656433
6957,875000	-0,653381
6958,000000	-0,649414
6958,125000	-0,647888
6958,250000	-0,685425
6958,375000	-0,657959
6958,500000	-0,639343
6958,625000	-0,671692
6958,750000	-0,671387
6958,875000	-0,671997
6959,000000	-0,674438
6959,125000	-0,660095
6959,250000	-0,661316
6959,375000	-0,640869
6959,500000	-0,670166
6959,625000	-0,684204
6959,750000	-0,664368
6959,875000	-0,662842
6960,000000	-0,693054
6960,125000	-0,649414
6960,250000	-0,659180
6960,375000	-0,657654
6960,500000	-0,669556
6960,625000	-0,671081
6960,750000	-0,639343
6960,875000	-0,655517
6961,000000	-0,655517
6961,125000	-0,686035
6961,250000	-0,647583
6961,375000	-0,656433
6961,500000	-0,665893
6961,625000	-0,670471
6961,750000	-0,649109
6961,875000	-0,677795
6962,000000	-0,674133
6962,125000	-0,674744
6962,250000	-0,625915
6962,375000	-0,670166
6962,500000	-0,638733
6962,625000	-0,696106
6962,750000	-0,692139
6962,875000	-0,662537
6963,000000	-0,661316
6963,125000	-0,650330
6963,250000	-0,650330
6963,375000	-0,638733
6963,500000	-0,672913
6963,625000	-0,659180
6963,750000	-0,694885
6963,875000	-0,697021
6964,000000	-0,672302
6964,125000	-0,664978
6964,250000	-0,650330
6964,375000	-0,609131
6964,500000	-0,666504
6964,625000	-0,671997
6964,750000	-0,631409
6964,875000	-0,683594
6965,000000	-0,686340
6965,125000	-0,630493
6965,250000	-0,648193
6965,375000	-0,676575
6965,500000	-0,687256
6965,625000	-0,686035
6965,750000	-0,659790
6965,875000	-0,634155
6966,000000	-0,666199
6966,125000	-0,664368
6966,250000	-0,654907
6966,375000	-0,676269
6966,500000	-0,640564
6966,625000	-0,665588
6966,750000	-0,664978
6966,875000	-0,658874
6967,000000	-0,692749
6967,125000	-0,656128
6967,250000	-0,656128
6967,375000	-0,677795
6967,500000	-0,684814
6967,625000	-0,633240
6967,750000	-0,632629
6967,875000	-0,631714
6968,000000	-0,671081
6968,125000	-0,658264
6968,250000	-0,661926
6968,375000	-0,664673
6968,500000	-0,670471
6968,625000	-0,675049
6968,750000	-0,653992
6968,875000	-0,657349
6969,000000	-0,655212
6969,125000	-0,638122
6969,250000	-0,662537
6969,375000	-0,699768
6969,500000	-0,648804
6969,625000	-0,647583
6969,750000	-0,669556
6969,875000	-0,664368
6970,000000	-0,663757
6970,125000	-0,662842
6970,250000	-0,667114
6970,375000	-0,678711
6970,500000	-0,686645
6970,625000	-0,685730
6970,750000	-0,687866
6970,875000	-0,621643
6971,000000	-0,680542
6971,125000	-0,658569
6971,250000	-0,653381
6971,375000	-0,663452
6971,500000	-0,681763
6971,625000	-0,625915
6971,750000	-0,687866
6971,875000	-0,687256
6972,000000	-0,654602
6972,125000	-0,664062
6972,250000	-0,665588
6972,375000	-0,655823
6972,500000	-0,653992
6972,625000	-0,664062
6972,750000	-0,662842
6972,875000	-0,640259
6973,000000	-0,638733
6973,125000	-0,663147
6973,250000	-0,646362
6973,375000	-0,642700
6973,500000	-0,642700
6973,625000	-0,643005
6973,750000	-0,671387
6973,875000	-0,675354
6974,000000	-0,657959
6974,125000	-0,657654
6974,250000	-0,651550
6974,375000	-0,665893
6974,500000	-0,631714
6974,625000	-0,670166
6974,750000	-0,669861
6974,875000	-0,646057
6975,000000	-0,700378
6975,125000	-0,663147
6975,250000	-0,644531
6975,375000	-0,649109
6975,500000	-0,672913
6975,625000	-0,650940
6975,750000	-0,666809
6975,875000	-0,665283
6976,000000	-0,662231
6976,125000	-0,649719
6976,250000	-0,680237
6976,375000	-0,658569
6976,500000	-0,684204
6976,625000	-0,665588
6976,750000	-0,680542
6976,875000	-0,655823
6977,000000	-0,655823
6977,125000	-0,648804
6977,250000	-0,696106
6977,375000	-0,668945
6977,500000	-0,679626
6977,625000	-0,679626
6977,750000	-0,675049
6977,875000	-0,622864
6978,000000	-0,655517
6978,125000	-0,649719
6978,250000	-0,667114
6978,375000	-0,650024
6978,500000	-0,658569
6978,625000	-0,670776
6978,750000	-0,668945
6978,875000	-0,627136
6979,000000	-0,664062
6979,125000	-0,657959
6979,250000	-0,675354
6979,375000	-0,676269
6979,500000	-0,634460
6979,625000	-0,660095
6979,750000	-0,656128
6979,875000	-0,656433
6980,000000	-0,645447
6980,125000	-0,677185
6980,250000	-0,622559
6980,375000	-0,709228
6980,500000	-0,711670
6980,625000	-0,660400
6980,750000	-0,635681
6980,875000	-0,677185
6981,000000	-0,676880
6981,125000	-0,643616
6981,250000	-0,710144
6981,375000	-0,685730
6981,500000	-0,677795
6981,625000	-0,676880
6981,750000	-0,645142
6981,875000	-0,666809
6982,000000	-0,715332
6982,125000	-0,663757
6982,250000	-0,669556
6982,375000	-0,638733
6982,500000	-0,643921
6982,625000	-0,672607
6982,750000	-0,671387
6982,875000	-0,660095
6983,000000	-0,671997
6983,125000	-0,653076
6983,250000	-0,585632
6983,375000	-0,648804
6983,500000	-0,651550
6983,625000	-0,645752
6983,750000	-0,661011
6983,875000	-0,658874
6984,000000	-0,642395
6984,125000	-0,667419
6984,250000	-0,671081
6984,375000	-0,662842
6984,500000	-0,663757
6984,625000	-0,675659
6984,750000	-0,647888
6984,875000	-0,694275
6985,000000	-0,694885
6985,125000	-0,681763
6985,250000	-0,627746
6985,375000	-0,641479
6985,500000	-0,645447
6985,625000	-0,643921
6985,750000	-0,686645
6985,875000	-0,660095
6986,000000	-0,664673
6986,125000	-0,664062
6986,250000	-0,618591
6986,375000	-0,706482
6986,500000	-0,668945
6986,625000	-0,690918
6986,750000	-0,690613
6986,875000	-0,634155
6987,000000	-0,648498
6987,125000	-0,658264
6987,250000	-0,667725
6987,375000	-0,672913
6987,500000	-0,676880
6987,625000	-0,666504
6987,750000	-0,653381
6987,875000	-0,654602
6988,000000	-0,684204
6988,125000	-0,683288
6988,250000	-0,681457
6988,375000	-0,707092
6988,500000	-0,705261
6988,625000	-0,672607
6988,750000	-0,626831
6988,875000	-0,650940
6989,000000	-0,685120
6989,125000	-0,690613
6989,250000	-0,632324
6989,375000	-0,664978
6989,500000	-0,643921
6989,625000	-0,644531
6989,750000	-0,641174
6989,875000	-0,672302
6990,000000	-0,652771
6990,125000	-0,667419
6990,250000	-0,668335
6990,375000	-0,633850
6990,500000	-0,675659
6990,625000	-0,689087
6990,750000	-0,689087
6990,875000	-0,657349
6991,000000	-0,651550
6991,125000	-0,685120
6991,250000	-0,650024
6991,375000	-0,649414
6991,500000	-0,657043
6991,625000	-0,661926
6991,750000	-0,639038
6991,875000	-0,637817
6992,000000	-0,668030
6992,125000	-0,704651
6992,250000	-0,632629
6992,375000	-0,650635
6992,500000	-0,652466
6992,625000	-0,684204
6992,750000	-0,642090
6992,875000	-0,667114
6993,000000	-0,666199
6993,125000	-0,658569
6993,250000	-0,650330
6993,375000	-0,664978
6993,500000	-0,659180
6993,625000	-0,658874
6993,750000	-0,669556
6993,875000	-0,643005
6994,000000	-0,645447
6994,125000	-0,640259
6994,250000	-0,639038
6994,375000	-0,668335
6994,500000	-0,662537
6994,625000	-0,673218
6994,750000	-0,671997
6994,875000	-0,672607
6995,000000	-0,691833
6995,125000	-0,658569
6995,250000	-0,663147
6995,375000	-0,661011
6995,500000	-0,653381
6995,625000	-0,680542
6995,750000	-0,665283
6995,875000	-0,659485
6996,000000	-0,646973
6996,125000	-0,638122
6996,250000	-0,666199
6996,375000	-0,662231
6996,500000	-0,661926
6996,625000	-0,662537
6996,750000	-0,671692
6996,875000	-0,658264
6997,000000	-0,647278
6997,125000	-0,643616
6997,250000	-0,662231
6997,375000	-0,668640
6997,500000	-0,634460
6997,625000	-0,632934
6997,750000	-0,662842
6997,875000	-0,684814
6998,000000	-0,633240
6998,125000	-0,684509
6998,250000	-0,679626
6998,375000	-0,674438
6998,500000	-0,654602
6998,625000	-0,648498
6998,750000	-0,648804
6998,875000	-0,643921
6999,000000	-0,683288
6999,125000	-0,658569
6999,250000	-0,669250
6999,375000	-0,669250
6999,500000	-0,685120
6999,625000	-0,644226
6999,750000	-0,652466
6999,875000	-0,675964
7000,000000	-0,679626
