Zeitstempel: 18.9.2013 15:29:00
Signalquelle: Sample/Hold Verstärker
Modus: FM


Bemerkung: Durchlaufzeit 50s
FM
Strom Helmholtz 65mA
Amplitude 45mV
Richtung min<-max
min Frequenz 9300Hz
max Frequenz 9700Hz

Frequenz in Hz	S/H-Signal in V
9699.875000	-0.688171
9699.750000	-0.670471
9699.625000	-0.666504
9699.500000	-0.693970
9699.375000	-0.692444
9699.250000	-0.692139
9699.125000	-0.701294
9699.000000	-0.694275
9698.875000	-0.664978
9698.750000	-0.679016
9698.625000	-0.677795
9698.500000	-0.698852
9698.375000	-0.658569
9698.250000	-0.686645
9698.125000	-0.655517
9698.000000	-0.653381
9697.875000	-0.697021
9697.750000	-0.704651
9697.625000	-0.697327
9697.500000	-0.697327
9697.375000	-0.681457
9697.250000	-0.666199
9697.125000	-0.715027
9697.000000	-0.655823
9696.875000	-0.655212
9696.750000	-0.664673
9696.625000	-0.669250
9696.500000	-0.678101
9696.375000	-0.675354
9696.250000	-0.697327
9696.125000	-0.712891
9696.000000	-0.696106
9695.875000	-0.677795
9695.750000	-0.676575
9695.625000	-0.677490
9695.500000	-0.686035
9695.375000	-0.737610
9695.250000	-0.679016
9695.125000	-0.681763
9695.000000	-0.733337
9694.875000	-0.668335
9694.750000	-0.689697
9694.625000	-0.689392
9694.500000	-0.644531
9694.375000	-0.687866
9694.250000	-0.690308
9694.125000	-0.642700
9694.000000	-0.675049
9693.875000	-0.715942
9693.750000	-0.700684
9693.625000	-0.700073
9693.500000	-0.698242
9693.375000	-0.679016
9693.250000	-0.707703
9693.125000	-0.693359
9693.000000	-0.671387
9692.875000	-0.671081
9692.750000	-0.694580
9692.625000	-0.688171
9692.500000	-0.674438
9692.375000	-0.674133
9692.250000	-0.693664
9692.125000	-0.673523
9692.000000	-0.696411
9691.875000	-0.661316
9691.750000	-0.661011
9691.625000	-0.697327
9691.500000	-0.679626
9691.375000	-0.690308
9691.250000	-0.689392
9691.125000	-0.667419
9691.000000	-0.698852
9690.875000	-0.663147
9690.750000	-0.662231
9690.625000	-0.663147
9690.500000	-0.704651
9690.375000	-0.674133
9690.250000	-0.679626
9690.125000	-0.678406
9690.000000	-0.638428
9689.875000	-0.702515
9689.750000	-0.702209
9689.625000	-0.685120
9689.500000	-0.685425
9689.375000	-0.681152
9689.250000	-0.672913
9689.125000	-0.710144
9689.000000	-0.691528
9688.875000	-0.692444
9688.750000	-0.653076
9688.625000	-0.671997
9688.500000	-0.672913
9688.375000	-0.673828
9688.250000	-0.664673
9688.125000	-0.657959
9688.000000	-0.700684
9687.875000	-0.696106
9687.750000	-0.692749
9687.625000	-0.699768
9687.500000	-0.704651
9687.375000	-0.701904
9687.250000	-0.697632
9687.125000	-0.694885
9687.000000	-0.688476
9686.875000	-0.718689
9686.750000	-0.679626
9686.625000	-0.679321
9686.500000	-0.697021
9686.375000	-0.702820
9686.250000	-0.685730
9686.125000	-0.718079
9686.000000	-0.718079
9685.875000	-0.654907
9685.750000	-0.652466
9685.625000	-0.667419
9685.500000	-0.666809
9685.375000	-0.664978
9685.250000	-0.708618
9685.125000	-0.716858
9685.000000	-0.715332
9684.875000	-0.714416
9684.750000	-0.696716
9684.625000	-0.677185
9684.500000	-0.692444
9684.375000	-0.692139
9684.250000	-0.655517
9684.125000	-0.697632
9684.000000	-0.663757
9683.875000	-0.687256
9683.750000	-0.686951
9683.625000	-0.664062
9683.500000	-0.648498
9683.375000	-0.684814
9683.250000	-0.684509
9683.125000	-0.648498
9683.000000	-0.710144
9682.875000	-0.663147
9682.750000	-0.695496
9682.625000	-0.694275
9682.500000	-0.675354
9682.375000	-0.650635
9682.250000	-0.720825
9682.125000	-0.678711
9682.000000	-0.683899
9681.875000	-0.692444
9681.750000	-0.679016
9681.625000	-0.694275
9681.500000	-0.692749
9681.375000	-0.708923
9681.250000	-0.668945
9681.125000	-0.702209
9681.000000	-0.666809
9680.875000	-0.665283
9680.750000	-0.658874
9680.625000	-0.657654
9680.500000	-0.707092
9680.375000	-0.704956
9680.250000	-0.701599
9680.125000	-0.689392
9680.000000	-0.686951
9679.875000	-0.693054
9679.750000	-0.695801
9679.625000	-0.690613
9679.500000	-0.700989
9679.375000	-0.675964
9679.250000	-0.674438
9679.125000	-0.676269
9679.000000	-0.690002
9678.875000	-0.725098
9678.750000	-0.700684
9678.625000	-0.699463
9678.500000	-0.700684
9678.375000	-0.715942
9678.250000	-0.653076
9678.125000	-0.718994
9678.000000	-0.708313
9677.875000	-0.709839
9677.750000	-0.668335
9677.625000	-0.683899
9677.500000	-0.682068
9677.375000	-0.674744
9677.250000	-0.692139
9677.125000	-0.666199
9677.000000	-0.672913
9676.875000	-0.671692
9676.750000	-0.707703
9676.625000	-0.670166
9676.500000	-0.691223
9676.375000	-0.690308
9676.250000	-0.650024
9676.125000	-0.657043
9676.000000	-0.698242
9675.875000	-0.668030
9675.750000	-0.666809
9675.625000	-0.702209
9675.500000	-0.693970
9675.375000	-0.656128
9675.250000	-0.658264
9675.125000	-0.693664
9675.000000	-0.664978
9674.875000	-0.677795
9674.750000	-0.711059
9674.625000	-0.711975
9674.500000	-0.685425
9674.375000	-0.700378
9674.250000	-0.693054
9674.125000	-0.692444
9674.000000	-0.673523
9673.875000	-0.727234
9673.750000	-0.707397
9673.625000	-0.675964
9673.500000	-0.675659
9673.375000	-0.711975
9673.250000	-0.668335
9673.125000	-0.676880
9673.000000	-0.675964
9672.875000	-0.639648
9672.750000	-0.702515
9672.625000	-0.685425
9672.500000	-0.693054
9672.375000	-0.691833
9672.250000	-0.682678
9672.125000	-0.665588
9672.000000	-0.693664
9671.875000	-0.665283
9671.750000	-0.654297
9671.625000	-0.682373
9671.500000	-0.675659
9671.375000	-0.691223
9671.250000	-0.689392
9671.125000	-0.691223
9671.000000	-0.664368
9670.875000	-0.680847
9670.750000	-0.675049
9670.625000	-0.673523
9670.500000	-0.696411
9670.375000	-0.659790
9670.250000	-0.654907
9670.125000	-0.654297
9670.000000	-0.656128
9669.875000	-0.694275
9669.750000	-0.676880
9669.625000	-0.686645
9669.500000	-0.686035
9669.375000	-0.705566
9669.250000	-0.727844
9669.125000	-0.683899
9669.000000	-0.685425
9668.875000	-0.699768
9668.750000	-0.679932
9668.625000	-0.676880
9668.500000	-0.651855
9668.375000	-0.652771
9668.250000	-0.725403
9668.125000	-0.706787
9668.000000	-0.673523
9667.875000	-0.669250
9667.750000	-0.709534
9667.625000	-0.682983
9667.500000	-0.658874
9667.375000	-0.664062
9667.250000	-0.662231
9667.125000	-0.688782
9667.000000	-0.664673
9666.875000	-0.700378
9666.750000	-0.663147
9666.625000	-0.666809
9666.500000	-0.685120
9666.375000	-0.674438
9666.250000	-0.676880
9666.125000	-0.677490
9666.000000	-0.689697
9665.875000	-0.687256
9665.750000	-0.695496
9665.625000	-0.676269
9665.500000	-0.675049
9665.375000	-0.691833
9665.250000	-0.652466
9665.125000	-0.696716
9665.000000	-0.674744
9664.875000	-0.664062
9664.750000	-0.676880
9664.625000	-0.676575
9664.500000	-0.695496
9664.375000	-0.696106
9664.250000	-0.680237
9664.125000	-0.672913
9664.000000	-0.671997
9663.875000	-0.661621
9663.750000	-0.664673
9663.625000	-0.720825
9663.500000	-0.656738
9663.375000	-0.664978
9663.250000	-0.667419
9663.125000	-0.695190
9663.000000	-0.654602
9662.875000	-0.692444
9662.750000	-0.705872
9662.625000	-0.707397
9662.500000	-0.660095
9662.375000	-0.701294
9662.250000	-0.679016
9662.125000	-0.677185
9662.000000	-0.668335
9661.875000	-0.649109
9661.750000	-0.655212
9661.625000	-0.710144
9661.500000	-0.708008
9661.375000	-0.665283
9661.250000	-0.612183
9661.125000	-0.667725
9661.000000	-0.669250
9660.875000	-0.658264
9660.750000	-0.665893
9660.625000	-0.679016
9660.500000	-0.696411
9660.375000	-0.694275
9660.250000	-0.697937
9660.125000	-0.694885
9660.000000	-0.687561
9659.875000	-0.685425
9659.750000	-0.684509
9659.625000	-0.713806
9659.500000	-0.676880
9659.375000	-0.656128
9659.250000	-0.655823
9659.125000	-0.708618
9659.000000	-0.677795
9658.875000	-0.690613
9658.750000	-0.660705
9658.625000	-0.652161
9658.500000	-0.696106
9658.375000	-0.666504
9658.250000	-0.668335
9658.125000	-0.666504
9658.000000	-0.706177
9657.875000	-0.660705
9657.750000	-0.686340
9657.625000	-0.676269
9657.500000	-0.677795
9657.375000	-0.688476
9657.250000	-0.639343
9657.125000	-0.700989
9657.000000	-0.695190
9656.875000	-0.661621
9656.750000	-0.671997
9656.625000	-0.694275
9656.500000	-0.699768
9656.375000	-0.699768
9656.250000	-0.683288
9656.125000	-0.684509
9656.000000	-0.684509
9655.875000	-0.683899
9655.750000	-0.712891
9655.625000	-0.672607
9655.500000	-0.696411
9655.375000	-0.646667
9655.250000	-0.647278
9655.125000	-0.697327
9655.000000	-0.722656
9654.875000	-0.671997
9654.750000	-0.668640
9654.625000	-0.667114
9654.500000	-0.691833
9654.375000	-0.724792
9654.250000	-0.657959
9654.125000	-0.657349
9654.000000	-0.685425
9653.875000	-0.650940
9653.750000	-0.655517
9653.625000	-0.678101
9653.500000	-0.677795
9653.375000	-0.675659
9653.250000	-0.674133
9653.125000	-0.706482
9653.000000	-0.705566
9652.875000	-0.660095
9652.750000	-0.666809
9652.625000	-0.663452
9652.500000	-0.690613
9652.375000	-0.690002
9652.250000	-0.660095
9652.125000	-0.671692
9652.000000	-0.728760
9651.875000	-0.634460
9651.750000	-0.666809
9651.625000	-0.674133
9651.500000	-0.655823
9651.375000	-0.663452
9651.250000	-0.663147
9651.125000	-0.676880
9651.000000	-0.648193
9650.875000	-0.661316
9650.750000	-0.690002
9650.625000	-0.691833
9650.500000	-0.686645
9650.375000	-0.687561
9650.250000	-0.690002
9650.125000	-0.690613
9650.000000	-0.639648
9649.875000	-0.681152
9649.750000	-0.687561
9649.625000	-0.686340
9649.500000	-0.690918
9649.375000	-0.683594
9649.250000	-0.679321
9649.125000	-0.669861
9649.000000	-0.667419
9648.875000	-0.677185
9648.750000	-0.647888
9648.625000	-0.691833
9648.500000	-0.666809
9648.375000	-0.665588
9648.250000	-0.644226
9648.125000	-0.698852
9648.000000	-0.680237
9647.875000	-0.679321
9647.750000	-0.707397
9647.625000	-0.672913
9647.500000	-0.645447
9647.375000	-0.690613
9647.250000	-0.691223
9647.125000	-0.672913
9647.000000	-0.678406
9646.875000	-0.697021
9646.750000	-0.665893
9646.625000	-0.671081
9646.500000	-0.648193
9646.375000	-0.671081
9646.250000	-0.648804
9646.125000	-0.647888
9646.000000	-0.681763
9645.875000	-0.676575
9645.750000	-0.685120
9645.625000	-0.686340
9645.500000	-0.684814
9645.375000	-0.690002
9645.250000	-0.709228
9645.125000	-0.649719
9645.000000	-0.648193
9644.875000	-0.674744
9644.750000	-0.685120
9644.625000	-0.673828
9644.500000	-0.678406
9644.375000	-0.679016
9644.250000	-0.721741
9644.125000	-0.684204
9644.000000	-0.677795
9643.875000	-0.675354
9643.750000	-0.670776
9643.625000	-0.685120
9643.500000	-0.679016
9643.375000	-0.637817
9643.250000	-0.637817
9643.125000	-0.685120
9643.000000	-0.640564
9642.875000	-0.698242
9642.750000	-0.691223
9642.625000	-0.695496
9642.500000	-0.691833
9642.375000	-0.691528
9642.250000	-0.688782
9642.125000	-0.686035
9642.000000	-0.664673
9641.875000	-0.688476
9641.750000	-0.665588
9641.625000	-0.682678
9641.500000	-0.681152
9641.375000	-0.679321
9641.250000	-0.667419
9641.125000	-0.692444
9641.000000	-0.692139
9640.875000	-0.677490
9640.750000	-0.677185
9640.625000	-0.675964
9640.500000	-0.657043
9640.375000	-0.661011
9640.250000	-0.694885
9640.125000	-0.663452
9640.000000	-0.688171
9639.875000	-0.685730
9639.750000	-0.649719
9639.625000	-0.669250
9639.500000	-0.713806
9639.375000	-0.678101
9639.250000	-0.675964
9639.125000	-0.686951
9639.000000	-0.697937
9638.875000	-0.688171
9638.750000	-0.694275
9638.625000	-0.696411
9638.500000	-0.671997
9638.375000	-0.715332
9638.250000	-0.647278
9638.125000	-0.647583
9638.000000	-0.694580
9637.875000	-0.671997
9637.750000	-0.672302
9637.625000	-0.673523
9637.500000	-0.672913
9637.375000	-0.662842
9637.250000	-0.670776
9637.125000	-0.689087
9637.000000	-0.687256
9636.875000	-0.662537
9636.750000	-0.675049
9636.625000	-0.673218
9636.500000	-0.671387
9636.375000	-0.671997
9636.250000	-0.667419
9636.125000	-0.647888
9636.000000	-0.671387
9635.875000	-0.669861
9635.750000	-0.663147
9635.625000	-0.668945
9635.500000	-0.660095
9635.375000	-0.666809
9635.250000	-0.665588
9635.125000	-0.695801
9635.000000	-0.687256
9634.875000	-0.644836
9634.750000	-0.638733
9634.625000	-0.697937
9634.500000	-0.642090
9634.375000	-0.681152
9634.250000	-0.680847
9634.125000	-0.679626
9634.000000	-0.656738
9633.875000	-0.697937
9633.750000	-0.715027
9633.625000	-0.713806
9633.500000	-0.704346
9633.375000	-0.689392
9633.250000	-0.681152
9633.125000	-0.676269
9633.000000	-0.676575
9632.875000	-0.682068
9632.750000	-0.689697
9632.625000	-0.684814
9632.500000	-0.680847
9632.375000	-0.726623
9632.250000	-0.670166
9632.125000	-0.687866
9632.000000	-0.710754
9631.875000	-0.709534
9631.750000	-0.684509
9631.625000	-0.686645
9631.500000	-0.679016
9631.375000	-0.691528
9631.250000	-0.692139
9631.125000	-0.659790
9631.000000	-0.676880
9630.875000	-0.634460
9630.750000	-0.634766
9630.625000	-0.705566
9630.500000	-0.700989
9630.375000	-0.678711
9630.250000	-0.651855
9630.125000	-0.652161
9630.000000	-0.684204
9629.875000	-0.705261
9629.750000	-0.677490
9629.625000	-0.677795
9629.500000	-0.685730
9628.625000	-0.685120
9628.500000	-0.683594
9628.375000	-0.683899
9628.250000	-0.693970
9628.125000	-0.691833
9628.000000	-0.704346
9627.875000	-0.702209
9627.750000	-0.655212
9627.625000	-0.682678
9627.500000	-0.676880
9627.375000	-0.664673
9627.250000	-0.664062
9627.125000	-0.668640
9627.000000	-0.679016
9626.875000	-0.664368
9626.750000	-0.664062
9626.625000	-0.653686
9626.500000	-0.669556
9626.375000	-0.677490
9626.250000	-0.671692
9626.125000	-0.671997
9626.000000	-0.704651
9625.875000	-0.654297
9625.750000	-0.679932
9625.625000	-0.679932
9625.500000	-0.643005
9625.375000	-0.649719
9625.250000	-0.656128
9625.125000	-0.682068
9625.000000	-0.683288
9624.875000	-0.669250
9624.750000	-0.706177
9624.625000	-0.680847
9624.500000	-0.678406
9624.375000	-0.707092
9624.250000	-0.686645
9624.125000	-0.676269
9624.000000	-0.679932
9623.875000	-0.682373
9623.750000	-0.658569
9623.625000	-0.652161
9623.500000	-0.668945
9623.375000	-0.672302
9623.250000	-0.671387
9623.125000	-0.656738
9623.000000	-0.705872
9622.875000	-0.652466
9622.750000	-0.651550
9622.625000	-0.657043
9622.500000	-0.673523
9622.375000	-0.728149
9622.250000	-0.676575
9622.125000	-0.680237
9622.000000	-0.672913
9621.875000	-0.682678
9621.750000	-0.689697
9621.625000	-0.688171
9621.500000	-0.697937
9621.375000	-0.681152
9621.250000	-0.675049
9621.125000	-0.668945
9621.000000	-0.668030
9620.875000	-0.663452
9620.750000	-0.686340
9620.625000	-0.658569
9620.500000	-0.659485
9620.375000	-0.698242
9620.250000	-0.667419
9620.125000	-0.690918
9620.000000	-0.656128
9619.875000	-0.656738
9619.750000	-0.669556
9619.625000	-0.700073
9619.500000	-0.698242
9619.375000	-0.628967
9619.250000	-0.652161
9619.125000	-0.711365
9619.000000	-0.685730
9618.875000	-0.693664
9618.750000	-0.695496
9618.625000	-0.687866
9618.500000	-0.684509
9618.375000	-0.683288
9618.250000	-0.653381
9618.125000	-0.653686
9618.000000	-0.670776
9617.875000	-0.664062
9617.750000	-0.667419
9617.625000	-0.663757
9617.500000	-0.680237
9617.375000	-0.666199
9617.250000	-0.660095
9617.125000	-0.635986
9617.000000	-0.636291
9616.875000	-0.720825
9616.750000	-0.672607
9616.625000	-0.687256
9616.500000	-0.695801
9616.375000	-0.702515
9616.250000	-0.720825
9616.125000	-0.670166
9616.000000	-0.675964
9615.875000	-0.674744
9615.750000	-0.671997
9615.625000	-0.673218
9615.500000	-0.713806
9615.375000	-0.674133
9615.250000	-0.672607
9615.125000	-0.661926
9615.000000	-0.688782
9614.875000	-0.673523
9614.750000	-0.672913
9614.625000	-0.697327
9614.500000	-0.687561
9614.375000	-0.669250
9614.250000	-0.660705
9614.125000	-0.663452
9614.000000	-0.644531
9613.875000	-0.682373
9613.750000	-0.702820
9613.625000	-0.700989
9613.500000	-0.686035
9613.375000	-0.667114
9613.250000	-0.680847
9613.125000	-0.641479
9613.000000	-0.639954
9612.875000	-0.682983
9612.750000	-0.679321
9612.625000	-0.675659
9612.500000	-0.675354
9612.375000	-0.683899
9612.250000	-0.704346
9612.125000	-0.668640
9612.000000	-0.689392
9611.875000	-0.689697
9611.750000	-0.679932
9611.625000	-0.657654
9611.500000	-0.661926
9611.375000	-0.659180
9611.250000	-0.704651
9611.125000	-0.683288
9611.000000	-0.707092
9610.875000	-0.676880
9610.750000	-0.677795
9610.625000	-0.646362
9610.500000	-0.657349
9610.375000	-0.690613
9610.250000	-0.692749
9610.125000	-0.693359
9610.000000	-0.635376
9609.875000	-0.646362
9609.750000	-0.692749
9609.625000	-0.693054
9609.500000	-0.669861
9609.375000	-0.679626
9609.250000	-0.677490
9609.125000	-0.684814
9609.000000	-0.683899
9608.875000	-0.680847
9608.750000	-0.654297
9608.625000	-0.664978
9608.500000	-0.661011
9608.375000	-0.671081
9608.250000	-0.686035
9608.125000	-0.670471
9608.000000	-0.661316
9607.875000	-0.659180
9607.750000	-0.691528
9607.625000	-0.682678
9607.500000	-0.689392
9607.375000	-0.651855
9607.250000	-0.652771
9607.125000	-0.696106
9607.000000	-0.664062
9606.875000	-0.674744
9606.750000	-0.674744
9606.625000	-0.680542
9606.500000	-0.670776
9606.375000	-0.675659
9606.250000	-0.662842
9606.125000	-0.662231
9606.000000	-0.687866
9605.875000	-0.688171
9605.750000	-0.682678
9605.625000	-0.682068
9605.500000	-0.670776
9605.375000	-0.682068
9605.250000	-0.679016
9605.125000	-0.670471
9605.000000	-0.668945
9604.875000	-0.675659
9604.750000	-0.686951
9604.625000	-0.683594
9604.500000	-0.679626
9604.375000	-0.664978
9604.250000	-0.686645
9604.125000	-0.721435
9604.000000	-0.708923
9603.875000	-0.708923
9603.750000	-0.665893
9603.625000	-0.647583
9603.500000	-0.691833
9603.375000	-0.633545
9603.250000	-0.633545
9603.125000	-0.656128
9603.000000	-0.704651
9602.875000	-0.657349
9602.750000	-0.657654
9602.625000	-0.695496
9602.500000	-0.681763
9602.375000	-0.693054
9602.250000	-0.687866
9602.125000	-0.653992
9602.000000	-0.698547
9601.875000	-0.683899
9601.750000	-0.687561
9601.625000	-0.688171
9601.500000	-0.680847
9601.375000	-0.651550
9601.250000	-0.669556
9601.125000	-0.675354
9601.000000	-0.673523
9600.875000	-0.634766
9600.750000	-0.664062
9600.625000	-0.625610
9600.500000	-0.623474
9600.375000	-0.670776
9600.250000	-0.680542
9600.125000	-0.657959
9600.000000	-0.692139
9599.875000	-0.689087
9599.750000	-0.649719
9599.625000	-0.651855
9599.500000	-0.691223
9599.375000	-0.694275
9599.250000	-0.684204
9599.125000	-0.688782
9599.000000	-0.670471
9598.875000	-0.669556
9598.750000	-0.668945
9598.625000	-0.648804
9598.500000	-0.666809
9598.375000	-0.678101
9598.250000	-0.691833
9598.125000	-0.689392
9598.000000	-0.690002
9597.875000	-0.711975
9597.750000	-0.661011
9597.625000	-0.660705
9597.500000	-0.653381
9597.375000	-0.673218
9597.250000	-0.636291
9597.125000	-0.654602
9597.000000	-0.653992
9596.875000	-0.690308
9596.750000	-0.694885
9596.625000	-0.662842
9596.500000	-0.663147
9596.375000	-0.707397
9596.250000	-0.623474
9596.125000	-0.660400
9596.000000	-0.676880
9595.875000	-0.676269
9595.750000	-0.670776
9595.625000	-0.707703
9595.500000	-0.650024
9595.375000	-0.635986
9595.250000	-0.693359
9595.125000	-0.697632
9595.000000	-0.685120
9594.875000	-0.679626
9594.750000	-0.679932
9594.625000	-0.666809
9594.500000	-0.691528
9594.375000	-0.669556
9594.250000	-0.661926
9594.125000	-0.662537
9594.000000	-0.685730
9593.875000	-0.673218
9593.750000	-0.691833
9593.625000	-0.691833
9593.500000	-0.690613
9593.375000	-0.642090
9593.250000	-0.682068
9593.125000	-0.657043
9593.000000	-0.655212
9592.875000	-0.669861
9592.750000	-0.657654
9592.625000	-0.683594
9592.500000	-0.682373
9592.375000	-0.672913
9592.250000	-0.671692
9592.125000	-0.665283
9592.000000	-0.686645
9591.875000	-0.686035
9591.750000	-0.652161
9591.625000	-0.686951
9591.500000	-0.655823
9591.375000	-0.655823
9591.250000	-0.650940
9591.125000	-0.684204
9591.000000	-0.660400
9590.875000	-0.651855
9590.750000	-0.651550
9590.625000	-0.679626
9590.500000	-0.639343
9590.375000	-0.632324
9590.250000	-0.630798
9590.125000	-0.686340
9590.000000	-0.677795
9589.875000	-0.668945
9589.750000	-0.681457
9589.625000	-0.679626
9589.500000	-0.647888
9589.375000	-0.652771
9589.250000	-0.669556
9589.125000	-0.629578
9589.000000	-0.653076
9588.875000	-0.676269
9588.750000	-0.675659
9588.625000	-0.641174
9588.500000	-0.640869
9588.375000	-0.626526
9588.250000	-0.667114
9588.125000	-0.674133
9588.000000	-0.639648
9587.875000	-0.641479
9587.750000	-0.650940
9587.625000	-0.656433
9587.500000	-0.674744
9587.375000	-0.675049
9587.250000	-0.643921
9587.125000	-0.628662
9587.000000	-0.656128
9586.875000	-0.661621
9586.750000	-0.661316
9586.625000	-0.649414
9586.500000	-0.653381
9586.375000	-0.668945
9586.250000	-0.688782
9586.125000	-0.676880
9586.000000	-0.644226
9585.875000	-0.641479
9585.750000	-0.642700
9585.625000	-0.644531
9585.500000	-0.653686
9585.375000	-0.668030
9585.250000	-0.646667
9585.125000	-0.668335
9585.000000	-0.668030
9584.875000	-0.659180
9584.750000	-0.654602
9584.625000	-0.659485
9584.500000	-0.658874
9584.375000	-0.658874
9584.250000	-0.661621
9584.125000	-0.667114
9584.000000	-0.657959
9583.875000	-0.656128
9583.750000	-0.657349
9583.625000	-0.642395
9583.500000	-0.664368
9583.375000	-0.663147
9583.250000	-0.651550
9583.125000	-0.661621
9583.000000	-0.622253
9582.875000	-0.670166
9582.750000	-0.671692
9582.625000	-0.657654
9582.500000	-0.664978
9582.375000	-0.655517
9582.250000	-0.616455
9582.125000	-0.663757
9582.000000	-0.662537
9581.875000	-0.641479
9581.750000	-0.656433
9581.625000	-0.655823
9581.500000	-0.657349
9581.375000	-0.662537
9581.250000	-0.685425
9581.125000	-0.655823
9581.000000	-0.656433
9580.875000	-0.675659
9580.750000	-0.636291
9580.625000	-0.697021
9580.500000	-0.695801
9580.375000	-0.687866
9580.250000	-0.660705
9580.125000	-0.636291
9580.000000	-0.682373
9579.875000	-0.680542
9579.750000	-0.694275
9579.625000	-0.673218
9579.500000	-0.650330
9579.375000	-0.650024
9579.250000	-0.657349
9579.125000	-0.606384
9579.000000	-0.644531
9578.875000	-0.650635
9578.750000	-0.650024
9578.625000	-0.670471
9578.500000	-0.653076
9578.375000	-0.632019
9578.250000	-0.631409
9578.125000	-0.657654
9578.000000	-0.645752
9577.875000	-0.616150
9577.750000	-0.656128
9577.625000	-0.656738
9577.500000	-0.639954
9577.375000	-0.653686
9577.250000	-0.669250
9577.125000	-0.651245
9577.000000	-0.654297
9576.875000	-0.686951
9576.750000	-0.647278
9576.625000	-0.626221
9576.500000	-0.626526
9576.375000	-0.643616
9576.250000	-0.639954
9576.125000	-0.614929
9576.000000	-0.630798
9575.875000	-0.629883
9575.750000	-0.648498
9575.625000	-0.659180
9575.500000	-0.646973
9575.375000	-0.646362
9575.250000	-0.656433
9575.125000	-0.646973
9575.000000	-0.635376
9574.875000	-0.632629
9574.750000	-0.632934
9574.625000	-0.625000
9574.500000	-0.659485
9574.375000	-0.647888
9574.250000	-0.648193
9574.125000	-0.635986
9574.000000	-0.637207
9573.875000	-0.626831
9573.750000	-0.617371
9573.625000	-0.618591
9573.500000	-0.633545
9573.375000	-0.641479
9573.250000	-0.616150
9573.125000	-0.616455
9573.000000	-0.651245
9572.875000	-0.628357
9572.750000	-0.649109
9572.625000	-0.617676
9572.500000	-0.617371
9572.375000	-0.594788
9572.250000	-0.628662
9572.125000	-0.644836
9572.000000	-0.636291
9571.875000	-0.642090
9571.750000	-0.648804
9571.625000	-0.655823
9571.500000	-0.619812
9571.375000	-0.619812
9571.250000	-0.577698
9571.125000	-0.632324
9571.000000	-0.631409
9570.875000	-0.647278
9570.750000	-0.652771
9570.625000	-0.624390
9570.500000	-0.637512
9570.375000	-0.647888
9570.250000	-0.647278
9570.125000	-0.609436
9570.000000	-0.636291
9569.875000	-0.619812
9569.750000	-0.630798
9569.625000	-0.629578
9569.500000	-0.646362
9569.375000	-0.601501
9569.250000	-0.603332
9569.125000	-0.605774
9569.000000	-0.637817
9568.875000	-0.617981
9568.750000	-0.609436
9568.625000	-0.647278
9568.500000	-0.646973
9568.375000	-0.597839
9568.250000	-0.613708
9568.125000	-0.624390
9568.000000	-0.623169
9567.875000	-0.632629
9567.750000	-0.603638
9567.625000	-0.666504
9567.500000	-0.605163
9567.375000	-0.604248
9567.250000	-0.609436
9567.125000	-0.619202
9567.000000	-0.596619
9566.875000	-0.610351
9566.750000	-0.613098
9566.625000	-0.618896
9566.500000	-0.627441
9566.375000	-0.655212
9566.250000	-0.655517
9566.125000	-0.590820
9566.000000	-0.574646
9565.875000	-0.617371
9565.750000	-0.624390
9565.625000	-0.624390
9565.500000	-0.618896
9565.375000	-0.597534
9565.250000	-0.636902
9565.125000	-0.637207
9565.000000	-0.608215
9564.875000	-0.583496
9564.750000	-0.639343
9564.625000	-0.611267
9564.500000	-0.612488
9564.375000	-0.581055
9564.250000	-0.614319
9564.125000	-0.617371
9564.000000	-0.635376
9563.875000	-0.635681
9563.750000	-0.583191
9563.625000	-0.610046
9563.500000	-0.610046
9563.375000	-0.610657
9563.250000	-0.581970
9563.125000	-0.600891
9563.000000	-0.586243
9562.875000	-0.585937
9562.750000	-0.586853
9562.625000	-0.586853
9562.500000	-0.607910
9562.375000	-0.559082
9562.250000	-0.559082
9562.125000	-0.586548
9562.000000	-0.585632
9561.875000	-0.576477
9561.750000	-0.564270
9561.625000	-0.564575
9561.500000	-0.602722
9561.375000	-0.590515
9561.250000	-0.594482
9561.125000	-0.590820
9561.000000	-0.556946
9560.875000	-0.609741
9560.750000	-0.576172
9560.625000	-0.588074
9560.500000	-0.586548
9560.375000	-0.564575
9560.250000	-0.566101
9560.125000	-0.541687
9560.000000	-0.568237
9559.875000	-0.573425
9559.750000	-0.584106
9559.625000	-0.600891
9559.500000	-0.597229
9559.375000	-0.597229
9559.250000	-0.594177
9559.125000	-0.593872
9559.000000	-0.558472
9558.875000	-0.595703
9558.750000	-0.595398
9558.625000	-0.552063
9558.500000	-0.601196
9558.375000	-0.570984
9558.250000	-0.570679
9558.125000	-0.581055
9558.000000	-0.582886
9557.875000	-0.566406
9557.750000	-0.567627
9557.625000	-0.567932
9557.500000	-0.560913
9557.375000	-0.578918
9557.250000	-0.559692
9557.125000	-0.559082
9557.000000	-0.522461
9556.875000	-0.538330
9556.750000	-0.553894
9556.625000	-0.592956
9556.500000	-0.593567
9556.375000	-0.569763
9556.250000	-0.543823
9556.125000	-0.554504
9556.000000	-0.559387
9555.875000	-0.566711
9555.750000	-0.529785
9555.625000	-0.567932
9555.500000	-0.557251
9555.375000	-0.555725
9555.250000	-0.545654
9555.125000	-0.565491
9555.000000	-0.566101
9554.875000	-0.552368
9554.750000	-0.552978
9554.625000	-0.533447
9554.500000	-0.552978
9554.375000	-0.585327
9554.250000	-0.583191
9554.125000	-0.516052
9554.000000	-0.516663
9553.875000	-0.534668
9553.750000	-0.516357
9553.625000	-0.516052
9553.500000	-0.517578
9553.375000	-0.531616
9553.250000	-0.551758
9553.125000	-0.550232
9553.000000	-0.540771
9552.875000	-0.514526
9552.750000	-0.513306
9552.625000	-0.512085
9552.500000	-0.511475
9552.375000	-0.555115
9552.250000	-0.547485
9552.125000	-0.546265
9552.000000	-0.543518
9551.875000	-0.510254
9551.750000	-0.517883
9551.625000	-0.523376
9551.500000	-0.498657
9551.375000	-0.496521
9551.250000	-0.514526
9551.125000	-0.546570
9551.000000	-0.500488
9550.875000	-0.500793
9550.750000	-0.502624
9550.625000	-0.496216
9550.500000	-0.510559
9550.375000	-0.506287
9550.250000	-0.506897
9550.125000	-0.484619
9550.000000	-0.530701
9549.875000	-0.501709
9549.750000	-0.516357
9549.625000	-0.504455
9549.500000	-0.520630
9549.375000	-0.477905
9549.250000	-0.494690
9549.125000	-0.493164
9549.000000	-0.499573
9548.875000	-0.507507
9548.750000	-0.497436
9548.625000	-0.483093
9548.500000	-0.479736
9548.375000	-0.487671
9548.250000	-0.476684
9548.125000	-0.512695
9548.000000	-0.512695
9547.875000	-0.470581
9547.750000	-0.479431
9547.625000	-0.513306
9547.500000	-0.462952
9547.375000	-0.461731
9547.250000	-0.434570
9547.125000	-0.505066
9547.000000	-0.480652
9546.875000	-0.479736
9546.750000	-0.458069
9546.625000	-0.491638
9546.500000	-0.448913
9546.375000	-0.441284
9546.250000	-0.442200
9546.125000	-0.455017
9546.000000	-0.457153
9545.875000	-0.441589
9545.750000	-0.459900
9545.625000	-0.460510
9545.500000	-0.476990
9545.375000	-0.481567
9545.250000	-0.485840
9545.125000	-0.486145
9545.000000	-0.455017
9544.875000	-0.445862
9544.750000	-0.465698
9544.625000	-0.435181
9544.500000	-0.435791
9544.375000	-0.445557
9544.250000	-0.442200
9544.125000	-0.446777
9544.000000	-0.444641
9543.875000	-0.444641
9543.750000	-0.436706
9543.625000	-0.417480
9543.500000	-0.446167
9543.375000	-0.446777
9543.250000	-0.429382
9543.125000	-0.433044
9543.000000	-0.416870
9542.875000	-0.437012
9542.750000	-0.442200
9542.625000	-0.444641
9542.500000	-0.384827
9542.375000	-0.425415
9542.250000	-0.423889
9542.125000	-0.415344
9542.000000	-0.438538
9541.875000	-0.419922
9541.750000	-0.412598
9541.625000	-0.411377
9541.500000	-0.414734
9541.375000	-0.399170
9541.250000	-0.425720
9541.125000	-0.423584
9541.000000	-0.419617
9540.875000	-0.418091
9540.750000	-0.422363
9540.625000	-0.397644
9540.500000	-0.399170
9540.375000	-0.398865
9540.250000	-0.422668
9540.125000	-0.368652
9540.000000	-0.364685
9539.875000	-0.394592
9539.750000	-0.390625
9539.625000	-0.405579
9539.500000	-0.381470
9539.375000	-0.381775
9539.250000	-0.415955
9539.125000	-0.365601
9539.000000	-0.420227
9538.875000	-0.396423
9538.750000	-0.414734
9538.625000	-0.400696
9538.500000	-0.362244
9538.375000	-0.423279
9538.250000	-0.422974
9538.125000	-0.379028
9538.000000	-0.413208
9537.875000	-0.392151
9537.750000	-0.376892
9537.625000	-0.379944
9537.500000	-0.390320
9537.375000	-0.358581
9537.250000	-0.367432
9537.125000	-0.366821
9537.000000	-0.358887
9536.875000	-0.365295
9536.750000	-0.354614
9536.625000	-0.366211
9536.500000	-0.362549
9536.375000	-0.352783
9536.250000	-0.344238
9536.125000	-0.340881
9536.000000	-0.338745
9535.875000	-0.356750
9535.750000	-0.357666
9535.625000	-0.360107
9535.500000	-0.328369
9535.375000	-0.328674
9535.250000	-0.351562
9535.125000	-0.340881
9535.000000	-0.331116
9534.875000	-0.325317
9534.750000	-0.359192
9534.625000	-0.346374
9534.500000	-0.344543
9534.375000	-0.323486
9534.250000	-0.323486
9534.125000	-0.319519
9534.000000	-0.334778
9533.875000	-0.317688
9533.750000	-0.311584
9533.625000	-0.311890
9533.500000	-0.292053
9533.375000	-0.349731
9533.250000	-0.337524
9533.125000	-0.338135
9533.000000	-0.320434
9532.875000	-0.306702
9532.750000	-0.296936
9532.625000	-0.309753
9532.500000	-0.318298
9532.375000	-0.272827
9532.250000	-0.313721
9532.125000	-0.281677
9532.000000	-0.279846
9531.875000	-0.305481
9531.750000	-0.286560
9531.625000	-0.298767
9531.500000	-0.322571
9531.375000	-0.325317
9531.250000	-0.292053
9531.125000	-0.263367
9531.000000	-0.270080
9530.875000	-0.267639
9530.750000	-0.254211
9530.625000	-0.248413
9530.500000	-0.268860
9530.375000	-0.262146
9530.250000	-0.262451
9530.125000	-0.260315
9530.000000	-0.242004
9529.875000	-0.223389
9529.750000	-0.252075
9529.625000	-0.255432
9529.500000	-0.294189
9529.375000	-0.250854
9529.250000	-0.235596
9529.125000	-0.233154
9529.000000	-0.235596
9528.875000	-0.209045
9528.750000	-0.252380
9528.625000	-0.248718
9528.500000	-0.249023
9528.375000	-0.263672
9528.250000	-0.226135
9528.125000	-0.238342
9528.000000	-0.234680
9527.875000	-0.276489
9527.750000	-0.208740
9527.625000	-0.215149
9527.500000	-0.230408
9527.375000	-0.230102
9527.250000	-0.245056
9527.125000	-0.227356
9527.000000	-0.195312
9526.875000	-0.191345
9526.750000	-0.242004
9526.625000	-0.228577
9526.500000	-0.193787
9526.375000	-0.194092
9526.250000	-0.191650
9526.125000	-0.202331
9526.000000	-0.226440
9525.875000	-0.242615
9525.750000	-0.216675
9525.625000	-0.203552
9525.500000	-0.197754
9525.375000	-0.214233
9525.250000	-0.202331
9525.125000	-0.199890
9525.000000	-0.208740
9524.875000	-0.197449
9524.750000	-0.163879
9524.625000	-0.177612
9524.500000	-0.177307
9524.375000	-0.161133
9524.250000	-0.188293
9524.125000	-0.179748
9524.000000	-0.179748
9523.875000	-0.167236
9523.750000	-0.173950
9523.625000	-0.130005
9523.500000	-0.195312
9523.375000	-0.191650
9523.250000	-0.127869
9523.125000	-0.172119
9523.000000	-0.180359
9522.875000	-0.177917
9522.750000	-0.150146
9522.625000	-0.141601
9522.500000	-0.172729
9522.375000	-0.171509
9522.250000	-0.170288
9522.125000	-0.200500
9522.000000	-0.151062
9521.875000	-0.124206
9521.750000	-0.119934
9521.625000	-0.172424
9521.500000	-0.178528
9521.375000	-0.155640
9521.250000	-0.134582
9521.125000	-0.130920
9521.000000	-0.162659
9520.875000	-0.146179
9520.750000	-0.139160
9520.625000	-0.106506
9520.500000	-0.106506
9520.375000	-0.118408
9520.250000	-0.076294
9520.125000	-0.122986
9520.000000	-0.119934
9519.875000	-0.132751
9519.750000	-0.128174
9519.625000	-0.096130
9519.500000	-0.136108
9519.375000	-0.135803
9519.250000	-0.099182
9519.125000	-0.122986
9519.000000	-0.094604
9518.875000	-0.094604
9518.750000	-0.090942
9518.625000	-0.101013
9518.500000	-0.088806
9518.375000	-0.073852
9518.250000	-0.072632
9518.125000	-0.065002
9518.000000	-0.075684
9517.875000	-0.058594
9517.750000	-0.057373
9517.625000	-0.101623
9517.500000	-0.072327
9517.375000	-0.104370
9517.250000	-0.077515
9517.125000	-0.076294
9517.000000	-0.048828
9516.875000	-0.060730
9516.750000	-0.037537
9516.625000	-0.020447
9516.500000	-0.021973
9516.375000	-0.036011
9516.250000	-0.041199
9516.125000	-0.065613
9516.000000	-0.065613
9515.875000	-0.039978
9515.750000	-0.038452
9515.625000	-0.030517
9515.500000	-0.073547
9515.375000	-0.038147
9515.250000	-0.029297
9515.125000	-0.028076
9515.000000	-0.006409
9514.875000	-0.006409
9514.750000	-0.036621
9514.625000	-0.001221
9514.500000	-0.007629
9514.375000	-0.026245
9514.250000	-0.026550
9514.125000	-0.047913
9514.000000	-0.006103
9513.875000	-0.021362
9513.750000	-0.021057
9513.625000	-0.016479
9513.500000	-0.007324
9513.375000	-0.028381
9513.250000	0.018311
9513.125000	0.020142
9513.000000	0.007629
9512.875000	-0.001831
9512.750000	0.029602
9512.625000	0.030212
9512.500000	0.025330
9512.375000	0.025635
9512.250000	0.023804
9512.125000	0.052185
9512.000000	0.053711
9511.875000	0.003662
9511.750000	0.042725
9511.625000	0.046387
9511.500000	0.048218
9511.375000	0.046997
9511.250000	0.053406
9511.125000	0.052185
9511.000000	0.029297
9510.875000	0.030212
9510.750000	0.057068
9510.625000	0.065918
9510.500000	0.035095
9510.375000	0.032654
9510.250000	0.033875
9510.125000	0.032654
9510.000000	0.059815
9509.875000	0.072022
9509.750000	0.073242
9509.625000	0.080872
9509.500000	0.070191
9509.375000	0.065918
9509.250000	0.073547
9509.125000	0.074158
9509.000000	0.074158
9508.875000	0.076599
9508.750000	0.057068
9508.625000	0.090637
9508.500000	0.090942
9508.375000	0.104981
9508.250000	0.081787
9508.125000	0.073547
9508.000000	0.075073
9507.875000	0.056458
9507.750000	0.101929
9507.625000	0.105591
9507.500000	0.105591
9507.375000	0.125427
9507.250000	0.106506
9507.125000	0.102234
9507.000000	0.081482
9506.875000	0.082092
9506.750000	0.107117
9506.625000	0.118408
9506.500000	0.088806
9506.375000	0.129089
9506.250000	0.129089
9506.125000	0.107422
9506.000000	0.117188
9505.875000	0.124817
9505.750000	0.126038
9505.625000	0.152588
9505.500000	0.137329
9505.375000	0.139771
9505.250000	0.139465
9505.125000	0.139771
9505.000000	0.157166
9504.875000	0.183411
9504.750000	0.122376
9504.625000	0.123291
9504.500000	0.154419
9504.375000	0.175171
9504.250000	0.147095
9504.125000	0.130310
9504.000000	0.129700
9503.875000	0.160217
9503.750000	0.155335
9503.625000	0.166626
9503.500000	0.167847
9503.375000	0.142517
9503.250000	0.187073
9503.125000	0.135498
9503.000000	0.126343
9502.875000	0.126648
9502.750000	0.158386
9502.625000	0.188599
9502.500000	0.192871
9502.375000	0.170593
9502.250000	0.169983
9502.125000	0.189514
9502.000000	0.173645
9501.875000	0.184326
9501.750000	0.184631
9501.625000	0.204773
9501.500000	0.173950
9501.375000	0.203552
9501.250000	0.195923
9501.125000	0.194702
9501.000000	0.187683
9500.875000	0.182800
9500.750000	0.209961
9500.625000	0.236511
9500.500000	0.234070
9500.375000	0.173950
9500.250000	0.202026
9500.125000	0.216675
9500.000000	0.216675
9499.875000	0.220337
9499.750000	0.208435
9499.625000	0.217590
9499.500000	0.210266
9499.375000	0.209961
9499.250000	0.199280
9499.125000	0.178223
9499.000000	0.256348
9498.875000	0.255737
9498.750000	0.230103
9498.625000	0.252380
9498.500000	0.236816
9498.375000	0.251160
9498.250000	0.252380
9498.125000	0.236816
9498.000000	0.265808
9497.875000	0.277100
9497.750000	0.276795
9497.625000	0.258179
9497.500000	0.277100
9497.375000	0.263977
9497.250000	0.293274
9497.125000	0.293579
9497.000000	0.240173
9496.875000	0.230713
9496.750000	0.262451
9496.625000	0.215454
9496.500000	0.252380
9496.375000	0.245056
9496.250000	0.250244
9496.125000	0.280762
9496.000000	0.281983
9495.875000	0.287171
9495.750000	0.295410
9495.625000	0.254212
9495.500000	0.271607
9495.375000	0.270386
9495.250000	0.243225
9495.125000	0.286560
9495.000000	0.274963
9494.875000	0.273132
9494.750000	0.279236
9494.625000	0.290222
9494.500000	0.275879
9494.375000	0.284424
9494.250000	0.282898
9494.125000	0.258789
9494.000000	0.330505
9493.875000	0.298462
9493.750000	0.297852
9493.625000	0.294190
9493.500000	0.291138
9493.375000	0.298157
9493.250000	0.280151
9493.125000	0.280457
9493.000000	0.296936
9492.875000	0.287476
9492.750000	0.307617
9492.625000	0.306702
9492.500000	0.299072
9492.375000	0.347290
9492.250000	0.357361
9492.125000	0.323181
9492.000000	0.325012
9491.875000	0.336304
9491.750000	0.326538
9491.625000	0.363770
9491.500000	0.366516
9491.375000	0.338135
9491.250000	0.331116
9491.125000	0.293884
9491.000000	0.350342
9490.875000	0.350647
9490.750000	0.363770
9490.625000	0.342407
9490.500000	0.325928
9490.375000	0.338135
9490.250000	0.339356
9490.125000	0.335999
9490.000000	0.336609
9489.875000	0.359802
9489.750000	0.361023
9489.625000	0.335693
9489.500000	0.374146
9489.375000	0.369873
9489.250000	0.381470
9489.125000	0.382080
9489.000000	0.343323
9488.875000	0.346985
9488.750000	0.359802
9488.625000	0.361023
9488.500000	0.353699
9488.375000	0.354614
9488.250000	0.359497
9488.125000	0.369263
9488.000000	0.369873
9487.875000	0.364075
9487.750000	0.391235
9487.625000	0.357056
9487.500000	0.380249
9487.375000	0.379028
9487.250000	0.382080
9487.125000	0.394287
9487.000000	0.399170
9486.875000	0.400391
9486.750000	0.382080
9486.625000	0.406799
9486.500000	0.405274
9486.375000	0.368958
9486.250000	0.370483
9486.125000	0.408630
9486.000000	0.399475
9485.875000	0.428467
9485.750000	0.429688
9485.625000	0.411377
9485.500000	0.343628
9485.375000	0.388184
9485.250000	0.387879
9485.125000	0.388184
9485.000000	0.396729
9484.875000	0.416260
9484.750000	0.399475
9484.625000	0.400391
9484.500000	0.440064
9484.375000	0.449524
9484.250000	0.436707
9484.125000	0.430603
9484.000000	0.430603
9483.875000	0.448303
9483.750000	0.411682
9483.625000	0.403442
9483.500000	0.405274
9483.375000	0.440064
9483.250000	0.435486
9483.125000	0.424194
9483.000000	0.461731
9482.875000	0.462952
9482.750000	0.437927
9482.625000	0.467835
9482.500000	0.429077
9482.375000	0.457153
9482.250000	0.458069
9482.125000	0.405884
9482.000000	0.447083
9481.875000	0.464478
9481.750000	0.465393
9481.625000	0.477295
9481.500000	0.443421
9481.375000	0.447388
9481.250000	0.439453
9481.125000	0.440369
9481.000000	0.435181
9480.875000	0.422058
9480.750000	0.472412
9480.625000	0.472412
9480.500000	0.438233
9480.375000	0.462952
9480.250000	0.470581
9480.125000	0.467224
9480.000000	0.467224
9479.875000	0.471497
9479.750000	0.476685
9479.625000	0.484619
9479.500000	0.481262
9479.375000	0.480652
9479.250000	0.487671
9479.125000	0.486755
9479.000000	0.496216
9478.875000	0.496521
9478.750000	0.487671
9478.625000	0.473023
9478.500000	0.457459
9478.375000	0.444946
9478.250000	0.446777
9478.125000	0.477600
9478.000000	0.484314
9477.875000	0.474243
9477.750000	0.472412
9477.625000	0.482483
9477.500000	0.466309
9477.375000	0.474243
9477.250000	0.487061
9477.125000	0.488587
9477.000000	0.440064
9476.875000	0.481873
9476.750000	0.461121
9476.625000	0.462341
9476.500000	0.463257
9476.375000	0.492249
9476.250000	0.482483
9476.125000	0.444031
9476.000000	0.444946
9475.875000	0.470886
9475.750000	0.513001
9475.625000	0.504150
9475.500000	0.515137
9475.375000	0.517273
9475.250000	0.494385
9475.125000	0.464478
9475.000000	0.483704
9474.875000	0.484009
9474.750000	0.494080
9474.625000	0.519409
9474.500000	0.529480
9474.375000	0.487671
9474.250000	0.490112
9474.125000	0.516663
9474.000000	0.523377
9473.875000	0.475159
9473.750000	0.476379
9473.625000	0.486755
9473.500000	0.485535
9473.375000	0.507813
9473.250000	0.492859
9473.125000	0.493775
9473.000000	0.490112
9472.875000	0.492859
9472.750000	0.519409
9472.625000	0.503235
9472.500000	0.524292
9472.375000	0.510559
9472.250000	0.508423
9472.125000	0.545960
9472.000000	0.547485
9471.875000	0.501709
9471.750000	0.480652
9471.625000	0.502930
9471.500000	0.504761
9471.375000	0.503540
9471.250000	0.486755
9471.125000	0.492859
9471.000000	0.502625
9470.875000	0.504456
9470.750000	0.499878
9470.625000	0.490112
9470.500000	0.504456
9470.375000	0.489502
9470.250000	0.491028
9470.125000	0.493469
9470.000000	0.485840
9469.875000	0.493775
9469.750000	0.495300
9469.625000	0.525208
9469.500000	0.513001
9469.375000	0.498047
9469.250000	0.501404
9469.125000	0.502930
9469.000000	0.509949
9468.875000	0.497742
9468.750000	0.454712
9468.625000	0.454712
9468.500000	0.471802
9468.375000	0.479736
9468.250000	0.525513
9468.125000	0.493469
9468.000000	0.494385
9467.875000	0.500183
9467.750000	0.510254
9467.625000	0.516968
9467.500000	0.520325
9467.375000	0.519409
9467.250000	0.505982
9467.125000	0.464783
9467.000000	0.481873
9466.875000	0.482178
9466.750000	0.512390
9466.625000	0.501404
9466.500000	0.516052
9466.375000	0.463257
9466.250000	0.465088
9466.125000	0.487976
9466.000000	0.476379
9465.875000	0.506592
9465.750000	0.506592
9465.625000	0.505676
9465.500000	0.447388
9465.375000	0.499268
9465.250000	0.476379
9465.125000	0.477600
9465.000000	0.482483
9464.875000	0.511475
9464.750000	0.501404
9464.625000	0.503235
9464.500000	0.499573
9464.375000	0.515137
9464.250000	0.485230
9464.125000	0.516358
9464.000000	0.517578
9463.875000	0.441589
9463.750000	0.480042
9463.625000	0.481873
9463.500000	0.496216
9463.375000	0.494385
9463.250000	0.513916
9463.125000	0.516663
9463.000000	0.484619
9462.875000	0.484314
9462.750000	0.467529
9462.625000	0.486755
9462.500000	0.472717
9462.375000	0.492554
9462.250000	0.492249
9462.125000	0.467224
9462.000000	0.476379
9461.875000	0.473633
9461.750000	0.474243
9461.625000	0.474854
9461.500000	0.488892
9461.375000	0.523377
9461.250000	0.475464
9461.125000	0.477295
9461.000000	0.476990
9460.875000	0.464172
9460.750000	0.492554
9460.625000	0.446472
9460.500000	0.465088
9460.375000	0.490723
9460.250000	0.521546
9460.125000	0.506897
9460.000000	0.506897
9459.875000	0.485535
9459.750000	0.445862
9459.625000	0.473633
9459.500000	0.479431
9459.375000	0.478211
9459.250000	0.475769
9459.125000	0.454712
9459.000000	0.441284
9458.875000	0.442810
9458.750000	0.464783
9458.625000	0.451050
9458.500000	0.479126
9458.375000	0.484009
9458.250000	0.483704
9458.125000	0.479431
9458.000000	0.445862
9457.875000	0.442200
9457.750000	0.443726
9457.625000	0.476379
9457.500000	0.422974
9457.375000	0.442505
9457.250000	0.455933
9457.125000	0.456543
9457.000000	0.507507
9456.875000	0.449829
9456.750000	0.449524
9456.625000	0.451660
9456.500000	0.462036
9456.375000	0.446167
9456.250000	0.432129
9456.125000	0.444031
9456.000000	0.444946
9455.875000	0.448608
9455.750000	0.437927
9455.625000	0.438233
9455.500000	0.467224
9455.375000	0.465393
9455.250000	0.411072
9455.125000	0.454712
9455.000000	0.445557
9454.875000	0.445557
9454.750000	0.428162
9454.625000	0.462341
9454.500000	0.457459
9454.375000	0.433655
9454.250000	0.434570
9454.125000	0.400391
9454.000000	0.434570
9453.875000	0.427246
9453.750000	0.425720
9453.625000	0.402222
9453.500000	0.432129
9453.375000	0.419617
9453.250000	0.401611
9453.125000	0.402222
9453.000000	0.395813
9452.875000	0.415955
9452.750000	0.407105
9452.625000	0.425720
9452.500000	0.431519
9452.375000	0.414734
9452.250000	0.420532
9452.125000	0.441589
9452.000000	0.442505
9451.875000	0.417481
9451.750000	0.387268
9451.625000	0.436096
9451.500000	0.400086
9451.375000	0.401611
9451.250000	0.409851
9451.125000	0.420227
9451.000000	0.406799
9450.875000	0.407410
9450.750000	0.393372
9450.625000	0.352783
9450.500000	0.368042
9450.375000	0.383911
9450.250000	0.385742
9450.125000	0.405884
9450.000000	0.372620
9449.875000	0.436096
9449.750000	0.437012
9449.625000	0.387879
9449.500000	0.375671
9449.375000	0.368652
9449.250000	0.386658
9449.125000	0.384827
9449.000000	0.372620
9448.875000	0.375366
9448.750000	0.380554
9448.625000	0.355225
9448.500000	0.397034
9448.375000	0.364990
9448.250000	0.339661
9448.125000	0.338440
9448.000000	0.337525
9447.875000	0.370178
9447.750000	0.332642
9447.625000	0.339966
9447.500000	0.369568
9447.375000	0.370483
9447.250000	0.370789
9447.125000	0.324402
9447.000000	0.357361
9446.875000	0.357056
9446.750000	0.334168
9446.625000	0.322876
9446.500000	0.342102
9446.375000	0.335388
9446.250000	0.337219
9446.125000	0.343628
9446.000000	0.314026
9445.875000	0.320740
9445.750000	0.323792
9445.625000	0.358276
9445.500000	0.324402
9445.375000	0.340576
9445.250000	0.327759
9445.125000	0.325317
9445.000000	0.321350
9444.875000	0.318298
9444.750000	0.311585
9444.625000	0.323181
9444.500000	0.329895
9444.375000	0.328369
9444.250000	0.345154
9444.125000	0.303955
9444.000000	0.304566
9443.875000	0.300903
9443.750000	0.317993
9443.625000	0.312500
9443.500000	0.298157
9443.375000	0.298767
9443.250000	0.293274
9443.125000	0.298157
9443.000000	0.298157
9442.875000	0.299378
9442.750000	0.286255
9442.625000	0.295715
9442.500000	0.275269
9442.375000	0.278015
9442.250000	0.277100
9442.125000	0.286865
9442.000000	0.273438
9441.875000	0.280151
9441.750000	0.281983
9441.625000	0.265503
9441.500000	0.263672
9441.375000	0.256043
9441.250000	0.274963
9441.125000	0.273438
9441.000000	0.248718
9440.875000	0.260010
9440.750000	0.237427
9440.625000	0.229492
9440.500000	0.242615
9440.375000	0.277100
9440.250000	0.212708
9440.125000	0.252075
9440.000000	0.253296
9439.875000	0.256348
9439.750000	0.216065
9439.625000	0.205994
9439.500000	0.227356
9439.375000	0.226441
9439.250000	0.215759
9439.125000	0.226441
9439.000000	0.223999
9438.875000	0.224609
9438.750000	0.229492
9438.625000	0.220337
9438.500000	0.221863
9438.375000	0.241394
9438.250000	0.240479
9438.125000	0.219421
9438.000000	0.220947
9437.875000	0.210571
9437.750000	0.209961
9437.625000	0.220642
9437.500000	0.220947
9437.375000	0.206909
9437.250000	0.198059
9437.125000	0.199280
9437.000000	0.218201
9436.875000	0.170593
9436.750000	0.204773
9436.625000	0.205689
9436.500000	0.182495
9436.375000	0.199280
9436.250000	0.201416
9436.125000	0.177002
9436.000000	0.177918
9435.875000	0.175781
9435.750000	0.173035
9435.625000	0.142212
9435.500000	0.143433
9435.375000	0.184326
9435.250000	0.181275
9435.125000	0.148926
9435.000000	0.184326
9434.875000	0.184937
9434.750000	0.134888
9434.625000	0.144959
9434.500000	0.187988
9434.375000	0.147705
9434.250000	0.145874
9434.125000	0.173645
9434.000000	0.137940
9433.875000	0.135803
9433.750000	0.137634
9433.625000	0.132752
9433.500000	0.115967
9433.375000	0.109253
9433.250000	0.140076
9433.125000	0.142212
9433.000000	0.122681
9432.875000	0.151978
9432.750000	0.120239
9432.625000	0.121155
9432.500000	0.143738
9432.375000	0.118103
9432.250000	0.126038
9432.125000	0.113831
9432.000000	0.113831
9431.875000	0.100098
9431.750000	0.140991
9431.625000	0.119019
9431.500000	0.118103
9431.375000	0.122681
9431.250000	0.140991
9431.125000	0.100708
9431.000000	0.084534
9430.875000	0.086365
9430.750000	0.123901
9430.625000	0.053711
9430.500000	0.088196
9430.375000	0.090942
9430.250000	0.090332
9430.125000	0.104370
9430.000000	0.059204
9429.875000	0.070496
9429.750000	0.072632
9429.625000	0.079346
9429.500000	0.098877
9429.375000	0.090637
9429.250000	0.045471
9429.125000	0.046692
9429.000000	0.054321
9428.875000	0.080566
9428.750000	0.061340
9428.625000	0.061646
9428.500000	0.058289
9428.375000	0.063477
9428.250000	0.067444
9428.125000	0.022583
9428.000000	0.022888
9427.875000	0.085144
9427.750000	0.074768
9427.625000	0.030518
9427.500000	0.033569
9427.375000	0.024109
9427.250000	0.030823
9427.125000	0.040894
9427.000000	0.023804
9426.875000	0.026245
9426.750000	0.000305
9426.625000	0.027466
9426.500000	0.039673
9426.375000	0.022583
9426.250000	0.020752
9426.125000	0.036621
9426.000000	0.007019
9425.875000	0.009461
9425.750000	0.012817
9425.625000	0.005493
9425.500000	0.033569
9425.375000	-0.004883
9425.250000	0.005188
9425.125000	0.006104
9425.000000	0.006104
9424.875000	0.007324
9424.750000	0.002441
9424.625000	-0.061645
9424.500000	-0.051880
9424.375000	-0.001831
9424.250000	-0.000915
9424.125000	-0.001221
9424.000000	-0.002441
9423.875000	0.001221
9423.750000	-0.032959
9423.625000	-0.027161
9423.500000	-0.029907
9423.375000	-0.028381
9423.250000	-0.009460
9423.125000	-0.052490
9423.000000	-0.053711
9422.875000	-0.053406
9422.750000	-0.041504
9422.625000	-0.021362
9422.500000	-0.033874
9422.375000	-0.042419
9422.250000	-0.042725
9422.125000	0.012512
9422.000000	-0.037537
9421.875000	-0.048218
9421.750000	-0.048828
9421.625000	-0.048523
9421.500000	-0.057983
9421.375000	-0.027161
9421.250000	-0.077820
9421.125000	-0.075684
9421.000000	-0.058288
9420.875000	-0.012817
9420.750000	-0.044250
9420.625000	-0.041504
9420.500000	-0.036926
9420.375000	-0.065308
9420.250000	-0.078735
9420.125000	-0.080566
9420.000000	-0.078125
9419.875000	-0.068970
9419.750000	-0.088196
9419.625000	-0.106201
9419.500000	-0.100098
9419.375000	-0.098572
9419.250000	-0.086365
9419.125000	-0.095215
9419.000000	-0.118713
9418.875000	-0.117798
9418.750000	-0.120850
9418.625000	-0.093689
9418.500000	-0.101623
9418.375000	-0.098572
9418.250000	-0.097656
9418.125000	-0.135193
9418.000000	-0.117187
9417.875000	-0.132751
9417.750000	-0.130005
9417.625000	-0.132446
9417.500000	-0.103455
9417.375000	-0.136108
9417.250000	-0.130920
9417.125000	-0.129089
9417.000000	-0.146789
9416.875000	-0.147400
9416.750000	-0.122070
9416.625000	-0.119934
9416.500000	-0.119934
9416.375000	-0.118408
9416.250000	-0.138550
9416.125000	-0.158386
9416.000000	-0.157471
9415.875000	-0.142822
9415.750000	-0.105896
9415.625000	-0.112610
9415.500000	-0.111694
9415.375000	-0.143738
9415.250000	-0.168762
9415.125000	-0.161133
9415.000000	-0.153809
9414.875000	-0.149231
9414.750000	-0.166626
9414.625000	-0.151367
9414.500000	-0.155029
9414.375000	-0.126953
9414.250000	-0.124817
9414.125000	-0.182190
9414.000000	-0.174560
9413.875000	-0.178223
9413.750000	-0.176392
9413.625000	-0.146484
9413.500000	-0.148010
9413.375000	-0.162048
9413.250000	-0.185852
9413.125000	-0.183411
9413.000000	-0.203857
9412.875000	-0.184936
9412.750000	-0.199280
9412.625000	-0.168762
9412.500000	-0.167541
9412.375000	-0.211182
9412.250000	-0.234375
9412.125000	-0.201111
9412.000000	-0.199280
9411.875000	-0.203857
9411.750000	-0.216370
9411.625000	-0.190735
9411.500000	-0.244446
9411.375000	-0.242309
9411.250000	-0.215454
9411.125000	-0.212707
9411.000000	-0.195618
9410.875000	-0.191345
9410.750000	-0.187073
9410.625000	-0.218506
9410.500000	-0.267029
9410.375000	-0.240784
9410.250000	-0.240173
9410.125000	-0.233765
9410.000000	-0.223083
9409.875000	-0.225830
9409.750000	-0.223694
9409.625000	-0.252991
9409.500000	-0.224914
9409.375000	-0.242615
9409.250000	-0.258484
9409.125000	-0.255127
9409.000000	-0.262146
9408.875000	-0.196838
9408.750000	-0.260925
9408.625000	-0.257568
9408.500000	-0.252380
9408.375000	-0.251465
9408.250000	-0.270691
9408.125000	-0.263672
9408.000000	-0.263061
9407.875000	-0.252075
9407.750000	-0.258484
9407.625000	-0.284119
9407.500000	-0.267944
9407.375000	-0.269470
9407.250000	-0.270080
9407.125000	-0.259705
9407.000000	-0.285950
9406.875000	-0.285339
9406.750000	-0.280762
9406.625000	-0.275879
9406.500000	-0.275574
9406.375000	-0.252380
9406.250000	-0.250244
9406.125000	-0.281372
9406.000000	-0.236816
9405.875000	-0.271912
9405.750000	-0.267944
9405.625000	-0.255737
9405.500000	-0.292663
9405.375000	-0.249634
9405.250000	-0.265503
9405.125000	-0.262756
9405.000000	-0.235290
9404.875000	-0.277100
9404.750000	-0.282288
9404.625000	-0.278625
9404.500000	-0.295715
9404.375000	-0.273743
9404.250000	-0.318298
9404.125000	-0.316467
9404.000000	-0.313110
9403.875000	-0.275574
9403.750000	-0.264282
9403.625000	-0.288391
9403.500000	-0.305176
9403.375000	-0.309448
9403.250000	-0.322571
9403.125000	-0.324402
9403.000000	-0.322876
9402.875000	-0.320434
9402.750000	-0.317993
9402.625000	-0.328674
9402.500000	-0.351257
9402.375000	-0.337830
9402.250000	-0.338135
9402.125000	-0.325317
9402.000000	-0.346069
9401.875000	-0.356750
9401.750000	-0.357056
9401.625000	-0.318603
9401.500000	-0.337219
9401.375000	-0.324707
9401.250000	-0.306396
9401.125000	-0.306702
9401.000000	-0.358887
9400.875000	-0.332947
9400.750000	-0.334778
9400.625000	-0.328674
9400.500000	-0.345459
9400.375000	-0.327454
9400.250000	-0.340271
9400.125000	-0.343323
9400.000000	-0.341797
9399.875000	-0.342712
9399.750000	-0.364380
9399.625000	-0.368042
9399.500000	-0.331116
9399.375000	-0.334778
9399.250000	-0.325928
9399.125000	-0.346374
9399.000000	-0.373535
9398.875000	-0.371399
9398.750000	-0.343323
9398.625000	-0.335388
9398.500000	-0.366516
9398.375000	-0.371399
9398.250000	-0.370788
9398.125000	-0.351257
9398.000000	-0.382385
9397.875000	-0.384216
9397.750000	-0.384216
9397.625000	-0.368652
9397.500000	-0.358276
9397.375000	-0.364685
9397.250000	-0.382385
9397.125000	-0.382996
9397.000000	-0.396118
9396.875000	-0.419922
9396.750000	-0.401306
9396.625000	-0.397644
9396.500000	-0.403442
9396.375000	-0.402832
9396.250000	-0.425110
9396.125000	-0.376892
9396.000000	-0.375061
9395.875000	-0.385437
9395.750000	-0.422974
9395.625000	-0.363159
9395.500000	-0.352173
9395.375000	-0.355835
9395.250000	-0.412292
9395.125000	-0.426025
9395.000000	-0.393677
9394.875000	-0.391846
9394.750000	-0.396728
9394.625000	-0.380554
9394.500000	-0.426636
9394.375000	-0.387268
9394.250000	-0.388794
9394.125000	-0.411682
9394.000000	-0.411682
9393.875000	-0.407104
9393.750000	-0.405579
9393.625000	-0.397034
9393.500000	-0.429993
9393.375000	-0.414429
9393.250000	-0.459595
9393.125000	-0.458374
9393.000000	-0.448608
9392.875000	-0.413818
9392.750000	-0.425415
9392.625000	-0.421753
9392.500000	-0.424194
9392.375000	-0.410461
9392.250000	-0.403442
9392.125000	-0.465698
9392.000000	-0.465393
9391.875000	-0.426025
9391.750000	-0.443420
9391.625000	-0.432739
9391.500000	-0.423584
9391.375000	-0.408630
9391.250000	-0.422363
9391.125000	-0.449219
9391.000000	-0.473633
9390.875000	-0.471191
9390.750000	-0.413818
9390.625000	-0.444946
9390.500000	-0.430908
9390.375000	-0.461121
9390.250000	-0.460510
9390.125000	-0.445862
9390.000000	-0.440674
9389.875000	-0.443726
9389.750000	-0.443420
9389.625000	-0.462646
9389.500000	-0.489197
9389.375000	-0.466614
9389.250000	-0.480347
9389.125000	-0.480041
9389.000000	-0.477600
9388.875000	-0.436096
9388.750000	-0.483704
9388.625000	-0.482178
9388.500000	-0.448608
9388.375000	-0.426636
9388.250000	-0.491638
9388.125000	-0.451660
9388.000000	-0.451660
9387.875000	-0.435791
9387.750000	-0.465698
9387.625000	-0.446472
9387.500000	-0.453186
9387.375000	-0.458374
9387.250000	-0.455627
9387.125000	-0.488586
9387.000000	-0.466919
9386.875000	-0.467834
9386.750000	-0.439758
9386.625000	-0.483704
9386.500000	-0.475769
9386.375000	-0.491638
9386.250000	-0.493774
9386.125000	-0.453796
9386.000000	-0.467529
9385.875000	-0.467224
9385.750000	-0.468750
9385.625000	-0.503845
9385.500000	-0.486450
9385.375000	-0.465698
9385.250000	-0.497131
9385.125000	-0.494995
9385.000000	-0.454407
9384.875000	-0.506592
9384.750000	-0.489502
9384.625000	-0.491028
9384.500000	-0.497436
9384.375000	-0.470581
9384.250000	-0.476379
9384.125000	-0.504761
9384.000000	-0.504150
9383.875000	-0.471802
9383.750000	-0.491333
9383.625000	-0.506592
9383.500000	-0.503845
9383.375000	-0.480347
9383.250000	-0.523376
9383.125000	-0.489197
9383.000000	-0.496216
9382.875000	-0.494385
9382.750000	-0.509033
9382.625000	-0.476990
9382.500000	-0.524597
9382.375000	-0.523987
9382.250000	-0.521240
9382.125000	-0.479126
9382.000000	-0.493469
9381.875000	-0.502624
9381.750000	-0.502319
9381.625000	-0.514526
9381.500000	-0.500183
9381.375000	-0.474243
9381.250000	-0.510254
9381.125000	-0.493469
9381.000000	-0.512085
9380.875000	-0.519409
9380.750000	-0.523682
9380.625000	-0.523376
9380.500000	-0.495605
9380.375000	-0.501709
9380.250000	-0.544128
9380.125000	-0.492554
9380.000000	-0.494385
9379.875000	-0.529175
9379.750000	-0.490723
9379.625000	-0.498657
9379.500000	-0.498657
9379.375000	-0.532226
9379.250000	-0.531921
9379.125000	-0.501099
9379.000000	-0.583191
9378.875000	-0.582275
9378.750000	-0.539551
9378.625000	-0.559692
9378.500000	-0.566101
9378.375000	-0.563049
9378.250000	-0.531616
9378.125000	-0.549621
9378.000000	-0.541992
9377.875000	-0.517578
9377.750000	-0.519409
9377.625000	-0.542297
9377.500000	-0.545044
9377.375000	-0.530090
9377.250000	-0.523376
9377.125000	-0.535278
9377.000000	-0.544739
9376.875000	-0.517578
9376.750000	-0.533752
9376.625000	-0.532837
9376.500000	-0.547485
9376.375000	-0.571594
9376.250000	-0.544128
9376.125000	-0.571289
9376.000000	-0.573425
9375.875000	-0.551147
9375.750000	-0.539856
9375.625000	-0.518799
9375.500000	-0.516968
9375.375000	-0.577392
9375.250000	-0.545654
9375.125000	-0.531921
9375.000000	-0.562134
9374.875000	-0.561829
9374.750000	-0.569458
9374.625000	-0.585632
9374.500000	-0.583496
9374.375000	-0.554809
9374.250000	-0.547790
9374.125000	-0.522156
9374.000000	-0.552673
9373.875000	-0.563660
9373.750000	-0.561523
9373.625000	-0.561523
9373.500000	-0.550537
9373.375000	-0.580444
9373.250000	-0.561218
9373.125000	-0.559692
9373.000000	-0.589600
9372.875000	-0.567932
9372.750000	-0.565796
9372.625000	-0.566101
9372.500000	-0.575256
9372.375000	-0.583191
9372.250000	-0.593567
9372.125000	-0.584106
9372.000000	-0.581360
9371.875000	-0.587768
9371.750000	-0.567932
9371.625000	-0.569458
9371.500000	-0.569763
9371.375000	-0.578308
9371.250000	-0.587158
9371.125000	-0.551147
9371.000000	-0.588074
9370.875000	-0.589905
9370.750000	-0.570679
9370.625000	-0.603027
9370.500000	-0.544434
9370.375000	-0.540161
9370.250000	-0.543823
9370.125000	-0.562439
9370.000000	-0.603027
9369.875000	-0.584717
9369.750000	-0.584412
9369.625000	-0.571899
9369.500000	-0.560303
9369.375000	-0.589294
9369.250000	-0.591125
9369.125000	-0.591125
9369.000000	-0.585327
9368.875000	-0.585327
9368.750000	-0.615845
9368.625000	-0.613708
9368.500000	-0.580749
9368.375000	-0.599670
9368.250000	-0.570984
9368.125000	-0.575256
9368.000000	-0.574341
9367.875000	-0.608215
9367.750000	-0.590820
9367.625000	-0.583801
9367.500000	-0.582275
9367.375000	-0.563660
9367.250000	-0.581970
9367.125000	-0.592956
9367.000000	-0.613098
9366.875000	-0.612183
9366.750000	-0.601196
9366.625000	-0.599976
9366.500000	-0.588379
9366.375000	-0.585632
9366.250000	-0.599670
9366.125000	-0.617065
9366.000000	-0.583801
9365.875000	-0.589600
9365.750000	-0.588989
9365.625000	-0.579224
9365.500000	-0.601807
9365.375000	-0.582580
9365.250000	-0.582580
9365.125000	-0.587768
9365.000000	-0.579224
9364.875000	-0.635681
9364.750000	-0.635986
9364.625000	-0.636291
9364.500000	-0.613098
9364.375000	-0.585937
9364.250000	-0.638733
9364.125000	-0.599365
9364.000000	-0.597839
9363.875000	-0.606995
9363.750000	-0.577087
9363.625000	-0.636902
9363.500000	-0.635376
9363.375000	-0.601196
9363.250000	-0.590210
9363.125000	-0.587768
9363.000000	-0.607910
9362.875000	-0.606995
9362.750000	-0.583191
9362.625000	-0.621948
9362.500000	-0.643616
9362.375000	-0.642700
9362.250000	-0.603027
9362.125000	-0.585022
9362.000000	-0.612488
9361.875000	-0.613708
9361.750000	-0.614014
9361.625000	-0.622559
9361.500000	-0.611572
9361.375000	-0.628052
9361.250000	-0.596619
9361.125000	-0.588379
9361.000000	-0.614624
9360.875000	-0.598450
9360.750000	-0.619812
9360.625000	-0.619507
9360.500000	-0.609436
9360.375000	-0.644226
9360.250000	-0.621948
9360.125000	-0.613708
9360.000000	-0.614624
9359.875000	-0.597839
9359.750000	-0.593262
9359.625000	-0.633240
9359.500000	-0.633545
9359.375000	-0.615539
9359.250000	-0.668030
9359.125000	-0.589600
9359.000000	-0.608215
9358.875000	-0.609436
9358.750000	-0.599060
9358.625000	-0.624084
9358.500000	-0.610046
9358.375000	-0.608826
9358.250000	-0.635071
9358.125000	-0.631409
9358.000000	-0.613708
9357.875000	-0.582275
9357.750000	-0.582580
9357.625000	-0.631714
9357.500000	-0.631714
9357.375000	-0.632629
9357.250000	-0.629272
9357.125000	-0.611267
9357.000000	-0.653076
9356.875000	-0.668335
9356.750000	-0.637207
9356.625000	-0.637207
9356.500000	-0.614624
9356.375000	-0.626831
9356.250000	-0.607605
9356.125000	-0.610962
9356.000000	-0.613708
9355.875000	-0.631409
9355.750000	-0.643616
9355.625000	-0.634155
9355.500000	-0.634460
9355.375000	-0.667114
9355.250000	-0.619507
9355.125000	-0.646667
9355.000000	-0.653992
9354.875000	-0.653992
9354.750000	-0.646667
9354.625000	-0.654602
9354.500000	-0.636597
9354.375000	-0.635071
9354.250000	-0.642090
9354.125000	-0.646667
9354.000000	-0.605163
9353.875000	-0.644836
9353.750000	-0.645142
9353.625000	-0.642395
9353.500000	-0.662231
9353.375000	-0.621948
9353.250000	-0.622864
9353.125000	-0.629883
9353.000000	-0.645447
9352.875000	-0.664978
9352.750000	-0.623474
9352.625000	-0.623169
9352.500000	-0.614014
9352.375000	-0.675354
9352.250000	-0.627746
9352.125000	-0.625610
9352.000000	-0.617981
9351.875000	-0.630798
9351.750000	-0.641785
9351.625000	-0.617676
9351.500000	-0.618286
9351.375000	-0.666199
9351.250000	-0.654602
9351.125000	-0.637207
9351.000000	-0.635376
9350.875000	-0.598144
9350.750000	-0.646973
9350.625000	-0.664062
9350.500000	-0.641174
9350.375000	-0.639343
9350.250000	-0.616150
9350.125000	-0.656433
9350.000000	-0.633240
9349.875000	-0.634766
9349.750000	-0.638733
9349.625000	-0.638122
9349.500000	-0.664978
9349.375000	-0.633545
9349.250000	-0.634155
9349.125000	-0.637207
9349.000000	-0.636902
9348.875000	-0.662537
9348.750000	-0.636291
9348.625000	-0.634155
9348.500000	-0.633850
9348.375000	-0.630798
9348.250000	-0.652466
9348.125000	-0.651245
9348.000000	-0.629272
9347.875000	-0.631103
9347.750000	-0.661621
9347.625000	-0.637817
9347.500000	-0.637207
9347.375000	-0.650024
9347.250000	-0.688476
9347.125000	-0.647583
9347.000000	-0.644836
9346.875000	-0.647583
9346.750000	-0.653992
9346.625000	-0.666199
9346.500000	-0.682983
9346.375000	-0.682068
9346.250000	-0.666199
9346.125000	-0.656128
9346.000000	-0.642700
9345.875000	-0.644531
9345.750000	-0.645142
9345.625000	-0.628967
9345.500000	-0.635986
9345.375000	-0.658264
9345.250000	-0.659485
9345.125000	-0.703125
9345.000000	-0.662231
9344.875000	-0.653076
9344.750000	-0.632934
9344.625000	-0.632934
9344.500000	-0.642395
9344.375000	-0.706787
9344.250000	-0.665893
9344.125000	-0.662842
9344.000000	-0.648498
9343.875000	-0.637207
9343.750000	-0.634766
9343.625000	-0.675964
9343.500000	-0.675659
9343.375000	-0.674744
9343.250000	-0.633850
9343.125000	-0.654602
9343.000000	-0.680542
9342.875000	-0.675354
9342.750000	-0.653076
9342.625000	-0.718384
9342.500000	-0.668945
9342.375000	-0.666809
9342.250000	-0.663757
9342.125000	-0.661011
9342.000000	-0.673523
9341.875000	-0.644836
9341.750000	-0.646057
9341.625000	-0.641174
9341.500000	-0.684814
9341.375000	-0.648498
9341.250000	-0.649414
9341.125000	-0.634460
9341.000000	-0.671692
9340.875000	-0.647888
9340.750000	-0.681152
9340.625000	-0.683594
9340.500000	-0.650330
9340.375000	-0.650940
9340.250000	-0.661926
9340.125000	-0.661621
9340.000000	-0.688171
9339.875000	-0.700073
9339.750000	-0.637817
9339.625000	-0.621948
9339.500000	-0.621338
9339.375000	-0.679626
9339.250000	-0.677795
9339.125000	-0.668945
9339.000000	-0.668945
9338.875000	-0.667725
9338.750000	-0.645142
9338.625000	-0.649414
9338.500000	-0.661316
9338.375000	-0.661011
9338.250000	-0.688476
9338.125000	-0.652771
9338.000000	-0.683594
9337.875000	-0.679016
9337.750000	-0.682983
9337.625000	-0.657043
9337.500000	-0.640564
9337.375000	-0.658874
9337.250000	-0.660400
9337.125000	-0.666504
9337.000000	-0.655517
9336.875000	-0.675049
9336.750000	-0.637512
9336.625000	-0.635986
9336.500000	-0.682373
9336.375000	-0.670776
9336.250000	-0.643310
9336.125000	-0.643310
9336.000000	-0.741272
9335.875000	-0.702209
9335.750000	-0.652161
9335.625000	-0.689087
9335.500000	-0.687866
9335.375000	-0.620727
9335.250000	-0.638733
9335.125000	-0.728149
9335.000000	-0.726318
9334.875000	-0.666504
9334.750000	-0.684814
9334.625000	-0.620117
9334.500000	-0.695190
9334.375000	-0.695496
9334.250000	-0.673523
9334.125000	-0.671387
9334.000000	-0.653076
9333.875000	-0.653992
9333.750000	-0.682373
9333.625000	-0.635376
9333.500000	-0.668945
9333.375000	-0.705261
9333.250000	-0.705566
9333.125000	-0.662231
9333.000000	-0.745239
9332.875000	-0.669556
9332.750000	-0.666504
9332.625000	-0.690918
9332.500000	-0.650635
9332.375000	-0.632934
9332.250000	-0.699463
9332.125000	-0.699768
9332.000000	-0.712280
9331.875000	-0.654297
9331.750000	-0.627136
9331.625000	-0.701294
9331.500000	-0.699463
9331.375000	-0.708008
9331.250000	-0.665283
9331.125000	-0.673828
9331.000000	-0.675049
9330.875000	-0.674133
9330.750000	-0.635681
9330.625000	-0.695801
9330.500000	-0.677185
9330.375000	-0.677795
9330.250000	-0.724182
9330.125000	-0.697632
9330.000000	-0.686951
9329.875000	-0.684204
9329.750000	-0.630188
9329.625000	-0.646973
9329.500000	-0.681457
9329.375000	-0.644836
9329.250000	-0.643921
9329.125000	-0.659180
9329.000000	-0.689087
9328.875000	-0.658874
9328.750000	-0.654297
9328.625000	-0.659790
9328.500000	-0.720520
9328.375000	-0.660705
9328.250000	-0.773010
9328.125000	-0.771484
9328.000000	-0.637512
9327.875000	-0.680847
9327.750000	-0.700684
9327.625000	-0.667114
9327.500000	-0.668640
9327.375000	-0.682983
9327.250000	-0.666809
9327.125000	-0.676880
9327.000000	-0.674744
9326.875000	-0.703125
9326.750000	-0.685425
9326.625000	-0.707397
9326.500000	-0.712891
9326.375000	-0.712585
9326.250000	-0.624084
9326.125000	-0.713501
9326.000000	-0.660705
9325.875000	-0.659485
9325.750000	-0.704651
9325.625000	-0.653992
9325.500000	-0.650024
9325.375000	-0.668640
9325.250000	-0.669861
9325.125000	-0.682678
9325.000000	-0.688171
9324.875000	-0.688476
9324.750000	-0.680847
9324.625000	-0.691528
9324.500000	-0.654602
9324.375000	-0.638733
9324.250000	-0.651245
9324.125000	-0.650330
9324.000000	-0.655517
9323.875000	-0.661011
9323.750000	-0.623779
9323.625000	-0.664368
9323.500000	-0.666809
9323.375000	-0.711365
9323.250000	-0.602112
9323.125000	-0.717163
9323.000000	-0.717468
9322.875000	-0.651550
9322.750000	-0.620727
9322.625000	-0.690308
9322.500000	-0.634460
9322.375000	-0.633850
9322.250000	-0.692139
9322.125000	-0.652466
9322.000000	-0.721741
9321.875000	-0.720825
9321.750000	-0.640869
9321.625000	-0.685425
9321.500000	-0.736084
9321.375000	-0.752869
9321.250000	-0.752869
9321.125000	-0.609131
9321.000000	-0.701294
9320.875000	-0.662842
9320.750000	-0.659485
9320.625000	-0.612793
9320.500000	-0.635681
9320.375000	-0.687866
9320.250000	-0.646973
9320.125000	-0.645142
9320.000000	-0.712585
9319.875000	-0.686035
9319.750000	-0.634460
9319.625000	-0.662842
9319.500000	-0.666504
9319.375000	-0.700684
9319.250000	-0.669250
9319.125000	-0.733337
9319.000000	-0.732117
9318.875000	-0.707397
9318.750000	-0.669861
9318.625000	-0.684814
9318.500000	-0.658264
9318.375000	-0.659790
9318.250000	-0.682068
9318.125000	-0.651550
9318.000000	-0.640869
9317.875000	-0.641174
9317.750000	-0.651550
9317.625000	-0.629272
9317.500000	-0.624695
9317.375000	-0.629883
9317.250000	-0.628052
9317.125000	-0.640259
9317.000000	-0.661926
9316.875000	-0.680847
9316.750000	-0.680847
9316.625000	-0.709534
9316.500000	-0.678406
9316.375000	-0.679932
9316.250000	-0.660705
9316.125000	-0.662537
9316.000000	-0.686951
9315.875000	-0.634766
9315.750000	-0.735474
9315.625000	-0.732117
9315.500000	-0.745850
9315.375000	-0.667114
9315.250000	-0.760193
9315.125000	-0.641479
9315.000000	-0.640564
9314.875000	-0.717468
9314.750000	-0.703735
9314.625000	-0.664062
9314.500000	-0.709534
9314.375000	-0.713196
9314.250000	-0.684509
9314.125000	-0.696411
9314.000000	-0.727234
9313.875000	-0.727844
9313.750000	-0.735474
9313.625000	-0.655212
9313.500000	-0.650635
9313.375000	-0.693054
9313.250000	-0.691528
9313.125000	-0.684814
9313.000000	-0.641479
9312.875000	-0.658569
9312.750000	-0.659485
9312.625000	-0.666199
9312.500000	-0.665893
9312.375000	-0.682373
9312.250000	-0.752563
9312.125000	-0.752563
9312.000000	-0.694580
9311.875000	-0.690613
9311.750000	-0.701294
9311.625000	-0.699158
9311.500000	-0.680237
9311.375000	-0.655823
9311.250000	-0.773315
9311.125000	-0.642395
9311.000000	-0.642700
9310.875000	-0.697937
9310.750000	-0.723877
9310.625000	-0.715027
9310.500000	-0.774536
9310.375000	-0.776367
9310.250000	-0.646057
9310.125000	-0.657043
9310.000000	-0.659790
9309.875000	-0.659485
9309.750000	-0.663452
9309.625000	-0.635986
9309.500000	-0.698547
9309.375000	-0.672913
9309.250000	-0.672302
9309.125000	-0.639954
9309.000000	-0.669556
9308.875000	-0.651245
9308.750000	-0.650024
9308.625000	-0.699768
9308.500000	-0.701599
9308.375000	-0.663147
9308.250000	-0.641479
9308.125000	-0.640869
9308.000000	-0.635071
9307.875000	-0.633545
9307.750000	-0.639038
9307.625000	-0.639343
9307.500000	-0.667419
9307.375000	-0.675354
9307.250000	-0.700378
9307.125000	-0.649719
9307.000000	-0.649719
9306.875000	-0.608520
9306.750000	-0.651550
9306.625000	-0.629578
9306.500000	-0.626221
9306.375000	-0.699158
9306.250000	-0.678711
9306.125000	-0.683594
9306.000000	-0.692749
9305.875000	-0.691528
9305.750000	-0.708618
9305.625000	-0.718384
9305.500000	-0.666504
9305.375000	-0.746765
9305.250000	-0.751648
9305.125000	-0.692139
9305.000000	-0.689697
9304.875000	-0.716858
9304.750000	-0.714416
9304.625000	-0.695496
9304.500000	-0.631103
9304.375000	-0.676880
9304.250000	-0.671387
9304.125000	-0.669861
9304.000000	-0.674744
9303.875000	-0.686035
9303.750000	-0.652161
9303.625000	-0.653076
9303.500000	-0.602722
9303.375000	-0.693054
9303.250000	-0.625000
9303.125000	-0.719604
9303.000000	-0.719910
9302.875000	-0.752563
9302.750000	-0.682983
9302.625000	-0.640869
9302.500000	-0.642090
9302.375000	-0.669861
9302.250000	-0.694580
9302.125000	-0.770264
9302.000000	-0.636597
9301.875000	-0.636597
9301.750000	-0.663147
9301.625000	-0.711975
9301.500000	-0.684204
9301.375000	-0.680542
9301.250000	-0.645752
9301.125000	-0.689697
9301.000000	-0.672913
9300.875000	-0.677490
9300.750000	-0.677490
9300.625000	-0.647583
9300.500000	-0.609436
9300.375000	-0.641174
9300.250000	-0.687256
9300.125000	-0.690918
9300.000000	-0.681763
