Zeitstempel: 18.9.2013 15:32:52
Signalquelle: Sample/Hold Verstärker
Modus: FM


Bemerkung: Durchlaufzeit 50s
FM
Strom Helmholtz 80mA
Amplitude 45mV
Richtung min<-max
min Frequenz 11300Hz
max Frequenz 11700Hz

Frequenz in Hz	S/H-Signal in V
11699.875000	-0.670166
11699.750000	-0.664062
11699.625000	-0.658569
11699.500000	-0.682678
11699.375000	-0.667725
11699.250000	-0.667114
11699.125000	-0.717163
11699.000000	-0.716858
11698.875000	-0.650024
11698.750000	-0.708618
11698.625000	-0.663757
11698.500000	-0.662842
11698.375000	-0.695801
11698.250000	-0.635986
11698.125000	-0.731201
11698.000000	-0.705566
11697.875000	-0.704040
11697.750000	-0.697632
11697.625000	-0.654907
11697.500000	-0.687866
11697.375000	-0.684204
11697.250000	-0.684814
11697.125000	-0.651550
11697.000000	-0.709839
11696.875000	-0.670166
11696.750000	-0.669861
11696.625000	-0.671081
11696.500000	-0.658264
11696.375000	-0.690613
11696.250000	-0.674438
11696.125000	-0.675964
11696.000000	-0.655823
11695.875000	-0.689087
11695.750000	-0.670776
11695.625000	-0.668640
11695.500000	-0.689697
11695.375000	-0.693054
11695.250000	-0.676880
11695.125000	-0.664062
11695.000000	-0.663757
11694.875000	-0.639954
11694.750000	-0.652466
11694.625000	-0.626831
11694.500000	-0.658569
11694.375000	-0.656738
11694.250000	-0.707703
11694.125000	-0.652161
11694.000000	-0.675964
11693.875000	-0.674133
11693.750000	-0.670471
11693.625000	-0.652771
11693.500000	-0.717773
11693.375000	-0.694580
11693.250000	-0.695801
11693.125000	-0.686035
11693.000000	-0.708313
11692.875000	-0.646973
11692.750000	-0.648804
11692.625000	-0.692749
11692.500000	-0.689087
11692.375000	-0.685120
11692.250000	-0.697632
11692.125000	-0.700378
11692.000000	-0.688171
11691.875000	-0.684204
11691.750000	-0.664368
11691.625000	-0.664062
11691.500000	-0.671081
11691.375000	-0.686951
11691.250000	-0.665283
11691.125000	-0.685120
11691.000000	-0.687561
11690.875000	-0.704346
11690.750000	-0.685120
11690.625000	-0.687866
11690.500000	-0.682983
11690.375000	-0.668640
11690.250000	-0.669556
11690.125000	-0.692749
11690.000000	-0.671692
11689.875000	-0.671692
11689.750000	-0.678711
11689.625000	-0.664368
11689.500000	-0.698242
11689.375000	-0.724792
11689.250000	-0.726013
11689.125000	-0.692749
11689.000000	-0.693054
11688.875000	-0.667114
11688.750000	-0.666504
11688.625000	-0.663452
11688.500000	-0.655212
11688.375000	-0.704346
11688.250000	-0.663147
11688.125000	-0.662231
11688.000000	-0.686035
11687.875000	-0.682678
11687.750000	-0.675964
11687.625000	-0.676269
11687.500000	-0.670166
11687.375000	-0.671997
11687.250000	-0.664978
11687.125000	-0.653686
11687.000000	-0.653686
11686.875000	-0.682068
11686.750000	-0.696106
11686.625000	-0.675354
11686.500000	-0.672913
11686.375000	-0.646362
11686.250000	-0.668640
11686.125000	-0.697937
11686.000000	-0.684204
11685.875000	-0.683594
11685.750000	-0.673218
11685.625000	-0.645752
11685.500000	-0.679626
11685.375000	-0.677795
11685.250000	-0.684814
11685.125000	-0.668335
11685.000000	-0.694275
11684.875000	-0.676269
11684.750000	-0.675659
11684.625000	-0.687256
11684.500000	-0.656738
11684.375000	-0.655517
11684.250000	-0.651245
11684.125000	-0.691528
11684.000000	-0.719604
11683.875000	-0.714416
11683.750000	-0.704956
11683.625000	-0.704346
11683.500000	-0.676880
11683.375000	-0.688782
11683.250000	-0.700378
11683.125000	-0.667419
11683.000000	-0.669861
11682.875000	-0.667419
11682.750000	-0.678101
11682.625000	-0.676575
11682.500000	-0.674744
11682.375000	-0.664673
11682.250000	-0.629272
11682.125000	-0.700684
11682.000000	-0.697327
11681.875000	-0.695190
11681.750000	-0.685120
11681.625000	-0.664368
11681.500000	-0.719299
11681.375000	-0.719299
11681.250000	-0.692749
11681.125000	-0.655823
11681.000000	-0.652771
11680.875000	-0.662537
11680.750000	-0.661621
11680.625000	-0.695190
11680.500000	-0.652466
11680.375000	-0.658569
11680.250000	-0.655517
11680.125000	-0.685425
11680.000000	-0.696411
11679.875000	-0.664673
11679.750000	-0.690308
11679.625000	-0.690613
11679.500000	-0.655517
11679.375000	-0.671387
11679.250000	-0.699158
11679.125000	-0.655823
11679.000000	-0.653381
11678.875000	-0.697021
11678.750000	-0.675964
11678.625000	-0.682983
11678.500000	-0.683899
11678.375000	-0.644836
11678.250000	-0.682373
11678.125000	-0.669250
11678.000000	-0.682983
11677.875000	-0.685120
11677.750000	-0.681763
11677.625000	-0.702515
11677.500000	-0.657959
11677.375000	-0.652161
11677.250000	-0.691528
11677.125000	-0.656128
11677.000000	-0.688476
11676.875000	-0.649719
11676.750000	-0.649109
11676.625000	-0.664978
11676.500000	-0.674438
11676.375000	-0.673523
11676.250000	-0.728760
11676.125000	-0.730591
11676.000000	-0.699768
11675.875000	-0.710144
11675.750000	-0.658569
11675.625000	-0.658264
11675.500000	-0.698242
11675.375000	-0.672913
11675.250000	-0.701599
11675.125000	-0.681763
11675.000000	-0.682678
11674.875000	-0.658874
11674.750000	-0.696106
11674.625000	-0.689087
11674.500000	-0.689392
11674.375000	-0.664978
11674.250000	-0.649109
11674.125000	-0.659180
11674.000000	-0.681457
11673.875000	-0.680237
11673.750000	-0.692444
11673.625000	-0.680542
11673.500000	-0.650940
11673.375000	-0.647583
11673.250000	-0.652466
11673.125000	-0.687256
11673.000000	-0.642090
11672.875000	-0.661926
11672.750000	-0.659180
11672.625000	-0.732117
11672.500000	-0.678406
11672.375000	-0.675354
11672.250000	-0.674133
11672.125000	-0.698852
11672.000000	-0.691528
11671.875000	-0.629272
11671.750000	-0.677795
11671.625000	-0.676880
11671.500000	-0.675354
11671.375000	-0.663452
11671.250000	-0.654907
11671.125000	-0.653076
11671.000000	-0.637207
11670.875000	-0.673218
11670.750000	-0.674133
11670.625000	-0.667725
11670.500000	-0.667725
11670.375000	-0.680542
11670.250000	-0.648498
11670.125000	-0.690918
11670.000000	-0.668335
11669.875000	-0.667114
11669.750000	-0.681152
11669.625000	-0.686951
11669.500000	-0.685425
11669.375000	-0.681763
11669.250000	-0.661621
11669.125000	-0.656128
11669.000000	-0.662537
11668.875000	-0.684204
11668.750000	-0.683899
11668.625000	-0.701294
11668.500000	-0.683288
11668.375000	-0.672913
11668.250000	-0.672302
11668.125000	-0.664673
11668.000000	-0.692139
11667.875000	-0.711059
11667.750000	-0.681152
11667.625000	-0.680542
11667.500000	-0.678406
11667.375000	-0.730591
11667.250000	-0.664368
11667.125000	-0.698852
11667.000000	-0.699158
11666.875000	-0.670471
11666.750000	-0.634460
11666.625000	-0.667114
11666.500000	-0.666809
11666.375000	-0.656433
11666.250000	-0.665588
11666.125000	-0.672607
11666.000000	-0.688782
11665.875000	-0.688782
11665.750000	-0.719604
11665.625000	-0.674438
11665.500000	-0.665588
11665.375000	-0.664673
11665.250000	-0.690613
11665.125000	-0.661011
11665.000000	-0.660705
11664.875000	-0.677490
11664.750000	-0.674744
11664.625000	-0.692444
11664.500000	-0.674744
11664.375000	-0.665893
11664.250000	-0.667419
11664.125000	-0.686645
11664.000000	-0.671387
11663.875000	-0.674438
11663.750000	-0.692139
11663.625000	-0.690308
11663.500000	-0.660095
11663.375000	-0.653992
11663.250000	-0.653992
11663.125000	-0.652771
11663.000000	-0.683899
11662.875000	-0.677490
11662.750000	-0.689697
11662.625000	-0.636291
11662.500000	-0.635071
11662.375000	-0.674744
11662.250000	-0.683288
11662.125000	-0.699463
11662.000000	-0.686035
11661.875000	-0.683899
11661.750000	-0.704040
11661.625000	-0.668335
11661.500000	-0.687866
11661.375000	-0.689087
11661.250000	-0.661011
11661.125000	-0.681152
11661.000000	-0.669861
11660.875000	-0.675964
11660.750000	-0.674744
11660.625000	-0.632324
11660.500000	-0.697327
11660.375000	-0.654297
11660.250000	-0.651550
11660.125000	-0.675659
11660.000000	-0.685120
11659.875000	-0.657959
11659.750000	-0.653076
11659.625000	-0.651855
11659.500000	-0.669250
11659.375000	-0.671081
11659.250000	-0.684509
11659.125000	-0.636902
11659.000000	-0.641174
11658.875000	-0.674438
11658.750000	-0.673523
11658.625000	-0.708008
11658.500000	-0.708008
11658.375000	-0.714111
11658.250000	-0.679016
11658.125000	-0.692139
11658.000000	-0.697327
11657.875000	-0.697327
11657.750000	-0.688782
11657.625000	-0.683288
11657.500000	-0.686951
11657.375000	-0.685730
11657.250000	-0.675659
11657.125000	-0.700684
11657.000000	-0.676575
11656.875000	-0.646362
11656.750000	-0.648193
11656.625000	-0.673218
11656.500000	-0.686340
11656.375000	-0.686645
11656.250000	-0.684204
11656.125000	-0.662537
11656.000000	-0.677185
11655.875000	-0.655212
11655.750000	-0.692444
11655.625000	-0.693359
11655.500000	-0.686951
11655.375000	-0.663147
11655.250000	-0.698852
11655.125000	-0.697937
11655.000000	-0.653992
11654.875000	-0.660705
11654.750000	-0.713196
11654.625000	-0.692444
11654.500000	-0.691528
11654.375000	-0.673523
11654.250000	-0.684204
11654.125000	-0.669250
11654.000000	-0.666504
11653.875000	-0.646057
11653.750000	-0.627136
11653.625000	-0.699768
11653.500000	-0.706787
11653.375000	-0.704956
11653.250000	-0.648498
11653.125000	-0.705872
11653.000000	-0.690613
11652.875000	-0.691833
11652.750000	-0.690918
11652.625000	-0.645142
11652.500000	-0.682373
11652.375000	-0.651245
11652.250000	-0.650024
11652.125000	-0.695496
11652.000000	-0.679932
11651.875000	-0.678101
11651.750000	-0.689697
11651.625000	-0.689697
11651.500000	-0.659485
11651.375000	-0.673218
11651.250000	-0.699463
11651.125000	-0.693664
11651.000000	-0.672302
11650.875000	-0.685120
11650.750000	-0.699158
11650.625000	-0.668335
11650.500000	-0.667114
11650.375000	-0.717163
11650.250000	-0.680237
11650.125000	-0.706482
11650.000000	-0.706177
11649.875000	-0.676269
11649.750000	-0.669861
11649.625000	-0.691528
11649.500000	-0.696106
11649.375000	-0.696411
11649.250000	-0.690918
11649.125000	-0.666199
11649.000000	-0.688782
11648.875000	-0.671387
11648.750000	-0.672607
11648.625000	-0.661621
11648.500000	-0.687866
11648.375000	-0.679932
11648.250000	-0.679626
11648.125000	-0.690613
11648.000000	-0.677490
11647.875000	-0.671387
11647.750000	-0.664978
11647.625000	-0.664062
11647.500000	-0.691528
11647.375000	-0.673523
11647.250000	-0.674438
11647.125000	-0.671387
11647.000000	-0.650635
11646.875000	-0.680542
11646.750000	-0.690918
11646.625000	-0.670776
11646.500000	-0.669556
11646.375000	-0.689087
11646.250000	-0.669250
11646.125000	-0.683288
11646.000000	-0.672913
11645.875000	-0.677490
11645.750000	-0.689392
11645.625000	-0.670776
11645.500000	-0.701294
11645.375000	-0.699768
11645.250000	-0.685730
11645.125000	-0.692139
11645.000000	-0.676880
11644.875000	-0.699768
11644.750000	-0.700684
11644.625000	-0.682983
11644.500000	-0.669250
11644.375000	-0.671387
11644.250000	-0.670776
11644.125000	-0.693054
11644.000000	-0.665588
11643.875000	-0.715332
11643.750000	-0.683899
11643.625000	-0.684509
11643.500000	-0.652466
11643.375000	-0.682373
11643.250000	-0.657043
11643.125000	-0.656433
11643.000000	-0.689392
11642.875000	-0.656738
11642.750000	-0.662537
11642.625000	-0.688171
11642.500000	-0.687866
11642.375000	-0.667725
11642.250000	-0.689392
11642.125000	-0.661926
11642.000000	-0.665588
11641.875000	-0.688171
11641.750000	-0.648804
11641.625000	-0.686645
11641.500000	-0.691223
11641.375000	-0.688782
11641.250000	-0.634766
11641.125000	-0.681457
11641.000000	-0.661926
11640.875000	-0.650635
11640.750000	-0.653381
11640.625000	-0.661316
11640.500000	-0.648193
11640.375000	-0.687561
11640.250000	-0.686340
11640.125000	-0.651245
11640.000000	-0.678406
11639.875000	-0.689697
11639.750000	-0.673218
11639.625000	-0.671997
11639.500000	-0.652771
11639.375000	-0.707397
11639.250000	-0.682678
11639.125000	-0.682068
11639.000000	-0.671387
11638.875000	-0.699768
11638.750000	-0.656738
11638.625000	-0.628662
11638.500000	-0.628662
11638.375000	-0.695496
11638.250000	-0.653686
11638.125000	-0.679321
11638.000000	-0.674133
11637.875000	-0.704346
11637.750000	-0.707703
11637.625000	-0.677490
11637.500000	-0.676575
11637.375000	-0.675659
11637.250000	-0.681457
11637.125000	-0.689087
11637.000000	-0.698242
11636.875000	-0.683899
11636.750000	-0.687561
11636.625000	-0.650635
11636.500000	-0.686951
11636.375000	-0.670471
11636.250000	-0.668335
11636.125000	-0.640564
11636.000000	-0.673828
11635.875000	-0.671387
11635.750000	-0.651550
11635.625000	-0.650635
11635.500000	-0.687256
11635.375000	-0.684204
11635.250000	-0.671387
11635.125000	-0.670471
11635.000000	-0.672302
11634.875000	-0.658569
11634.750000	-0.654297
11634.625000	-0.663757
11634.500000	-0.663757
11634.375000	-0.683899
11634.250000	-0.678711
11634.125000	-0.675354
11634.000000	-0.673218
11633.875000	-0.641479
11633.750000	-0.625915
11633.625000	-0.671081
11633.500000	-0.653686
11633.375000	-0.653381
11633.250000	-0.637512
11633.125000	-0.713806
11633.000000	-0.646057
11632.875000	-0.679626
11632.750000	-0.662842
11632.625000	-0.676575
11632.500000	-0.684814
11632.375000	-0.674133
11632.250000	-0.673218
11632.125000	-0.650024
11632.000000	-0.669861
11631.875000	-0.683594
11631.750000	-0.655823
11631.625000	-0.656128
11631.500000	-0.657654
11631.375000	-0.672302
11631.250000	-0.653992
11631.125000	-0.654907
11631.000000	-0.644836
11630.875000	-0.665893
11630.750000	-0.686035
11630.625000	-0.711975
11630.500000	-0.711975
11630.375000	-0.672913
11630.250000	-0.644531
11630.125000	-0.668030
11630.000000	-0.667419
11629.875000	-0.696716
11629.750000	-0.669861
11629.625000	-0.657043
11629.500000	-0.675354
11629.375000	-0.674438
11629.250000	-0.639038
11629.125000	-0.679321
11629.000000	-0.697021
11628.875000	-0.693970
11628.750000	-0.619812
11628.625000	-0.648498
11628.500000	-0.653381
11628.375000	-0.669250
11628.250000	-0.668030
11628.125000	-0.644226
11628.000000	-0.702515
11627.875000	-0.673828
11627.750000	-0.682678
11627.625000	-0.682983
11627.500000	-0.719299
11627.375000	-0.673523
11627.250000	-0.651855
11627.125000	-0.653686
11627.000000	-0.665283
11626.875000	-0.688171
11626.750000	-0.667114
11626.625000	-0.648498
11626.500000	-0.646973
11626.375000	-0.632324
11626.250000	-0.685730
11626.125000	-0.668335
11626.000000	-0.668030
11625.875000	-0.683288
11625.750000	-0.655517
11625.625000	-0.702209
11625.500000	-0.669250
11625.375000	-0.668640
11625.250000	-0.658264
11625.125000	-0.648498
11625.000000	-0.669556
11624.875000	-0.670471
11624.750000	-0.668945
11624.625000	-0.688171
11624.500000	-0.678406
11624.375000	-0.691223
11624.250000	-0.692139
11624.125000	-0.664978
11624.000000	-0.685120
11623.875000	-0.656433
11623.750000	-0.656128
11623.625000	-0.644531
11623.500000	-0.645447
11623.375000	-0.678101
11623.250000	-0.695496
11623.125000	-0.694885
11623.000000	-0.671692
11622.875000	-0.650635
11622.750000	-0.633850
11622.625000	-0.665893
11622.500000	-0.664673
11622.375000	-0.656128
11622.250000	-0.700684
11622.125000	-0.665893
11622.000000	-0.664673
11621.875000	-0.690613
11621.750000	-0.660400
11621.625000	-0.674744
11621.500000	-0.696716
11621.375000	-0.696716
11621.250000	-0.667419
11621.125000	-0.688782
11621.000000	-0.673828
11620.875000	-0.673218
11620.750000	-0.660705
11620.625000	-0.680847
11620.500000	-0.692749
11620.375000	-0.638122
11620.250000	-0.638122
11620.125000	-0.679626
11620.000000	-0.674744
11619.875000	-0.656738
11619.750000	-0.707092
11619.625000	-0.725098
11619.500000	-0.670776
11619.375000	-0.660705
11619.250000	-0.681457
11619.125000	-0.679626
11619.000000	-0.677185
11618.875000	-0.689392
11618.750000	-0.672302
11618.625000	-0.666199
11618.500000	-0.671081
11618.375000	-0.678406
11618.250000	-0.710754
11618.125000	-0.641479
11618.000000	-0.640259
11617.875000	-0.689087
11617.750000	-0.669250
11617.625000	-0.675659
11617.500000	-0.698242
11617.375000	-0.698852
11617.250000	-0.648804
11617.125000	-0.661621
11617.000000	-0.649109
11616.875000	-0.647583
11616.750000	-0.648193
11616.625000	-0.693054
11616.500000	-0.664062
11616.375000	-0.671692
11616.250000	-0.671387
11616.125000	-0.673523
11616.000000	-0.635681
11615.875000	-0.667725
11615.750000	-0.665283
11615.625000	-0.699768
11615.500000	-0.668640
11615.375000	-0.659180
11615.250000	-0.659790
11615.125000	-0.659180
11615.000000	-0.681763
11614.875000	-0.655212
11614.750000	-0.673523
11614.625000	-0.643616
11614.500000	-0.648804
11614.375000	-0.696106
11614.250000	-0.671081
11614.125000	-0.651855
11614.000000	-0.650024
11613.875000	-0.677185
11613.750000	-0.660705
11613.625000	-0.676269
11613.500000	-0.689087
11613.375000	-0.688476
11613.250000	-0.655212
11613.125000	-0.687256
11613.000000	-0.646362
11612.875000	-0.646973
11612.750000	-0.645447
11612.625000	-0.678406
11612.500000	-0.649414
11612.375000	-0.697327
11612.250000	-0.697021
11612.125000	-0.660400
11612.000000	-0.653381
11611.875000	-0.687866
11611.750000	-0.685120
11611.625000	-0.701599
11611.500000	-0.690002
11611.375000	-0.666199
11611.250000	-0.676269
11611.125000	-0.676880
11611.000000	-0.647583
11610.875000	-0.667725
11610.750000	-0.673828
11610.625000	-0.676575
11610.500000	-0.661011
11610.375000	-0.688171
11610.250000	-0.651550
11610.125000	-0.677490
11610.000000	-0.675659
11609.875000	-0.655212
11609.750000	-0.685120
11609.625000	-0.659180
11609.500000	-0.678406
11609.375000	-0.678101
11609.250000	-0.688171
11609.125000	-0.709228
11609.000000	-0.648193
11608.875000	-0.649109
11608.750000	-0.692749
11608.625000	-0.707092
11608.500000	-0.657654
11608.375000	-0.671692
11608.250000	-0.670166
11608.125000	-0.647888
11608.000000	-0.677490
11607.875000	-0.669861
11607.750000	-0.669250
11607.625000	-0.651855
11607.500000	-0.673218
11607.375000	-0.639038
11607.250000	-0.653076
11607.125000	-0.653686
11607.000000	-0.678406
11606.875000	-0.674744
11606.750000	-0.658569
11606.625000	-0.652771
11606.500000	-0.675964
11606.375000	-0.678101
11606.250000	-0.664062
11606.125000	-0.641785
11606.000000	-0.640564
11605.875000	-0.663147
11605.750000	-0.668945
11605.625000	-0.700989
11605.500000	-0.619812
11605.375000	-0.619812
11605.250000	-0.671387
11605.125000	-0.667725
11605.000000	-0.682678
11604.875000	-0.680847
11604.750000	-0.678101
11604.625000	-0.690613
11604.500000	-0.659790
11604.375000	-0.682373
11604.250000	-0.681763
11604.125000	-0.670776
11604.000000	-0.706177
11603.875000	-0.678101
11603.750000	-0.678406
11603.625000	-0.712891
11603.500000	-0.685120
11603.375000	-0.664673
11603.250000	-0.678406
11603.125000	-0.677795
11603.000000	-0.693970
11602.875000	-0.674438
11602.750000	-0.643005
11602.625000	-0.640869
11602.500000	-0.682678
11602.375000	-0.673523
11602.250000	-0.668335
11602.125000	-0.671387
11602.000000	-0.671081
11601.875000	-0.676880
11601.750000	-0.637817
11601.625000	-0.658874
11601.500000	-0.722961
11601.375000	-0.713196
11601.250000	-0.677795
11601.125000	-0.650635
11601.000000	-0.687256
11600.875000	-0.687866
11600.750000	-0.679626
11600.625000	-0.692139
11600.500000	-0.671997
11600.375000	-0.696106
11600.250000	-0.694275
11600.125000	-0.651550
11600.000000	-0.651245
11599.875000	-0.646057
11599.750000	-0.644226
11599.625000	-0.666504
11599.500000	-0.694275
11599.375000	-0.694275
11599.250000	-0.676269
11599.125000	-0.675354
11599.000000	-0.670776
11598.875000	-0.675049
11598.750000	-0.702209
11598.625000	-0.699768
11598.500000	-0.685425
11598.375000	-0.682678
11598.250000	-0.652771
11598.125000	-0.643005
11598.000000	-0.642395
11597.875000	-0.665283
11597.750000	-0.667114
11597.625000	-0.703430
11597.500000	-0.698242
11597.375000	-0.646057
11597.250000	-0.686645
11597.125000	-0.668335
11597.000000	-0.677185
11596.875000	-0.676575
11596.750000	-0.661011
11596.625000	-0.661011
11596.500000	-0.698852
11596.375000	-0.679932
11596.250000	-0.681457
11596.125000	-0.657043
11596.000000	-0.663452
11595.875000	-0.678406
11595.750000	-0.677490
11595.625000	-0.669861
11595.500000	-0.626831
11595.375000	-0.687866
11595.250000	-0.684509
11595.125000	-0.684509
11595.000000	-0.655823
11594.875000	-0.638428
11594.750000	-0.688476
11594.625000	-0.689697
11594.500000	-0.661316
11594.375000	-0.665588
11594.250000	-0.679932
11594.125000	-0.647278
11594.000000	-0.646057
11593.875000	-0.644836
11593.750000	-0.663452
11593.625000	-0.668030
11593.500000	-0.664673
11593.375000	-0.685730
11593.250000	-0.694275
11593.125000	-0.668640
11593.000000	-0.685425
11592.875000	-0.684814
11592.750000	-0.660705
11592.625000	-0.647888
11592.500000	-0.686340
11592.375000	-0.677795
11592.250000	-0.682068
11592.125000	-0.641174
11592.000000	-0.681152
11591.875000	-0.688171
11591.750000	-0.688171
11591.625000	-0.686645
11591.500000	-0.661316
11591.375000	-0.657959
11591.250000	-0.695801
11591.125000	-0.696716
11591.000000	-0.633545
11590.875000	-0.666809
11590.750000	-0.664368
11590.625000	-0.664673
11590.500000	-0.649719
11590.375000	-0.664673
11590.250000	-0.684204
11590.125000	-0.655212
11590.000000	-0.654907
11589.875000	-0.662231
11589.750000	-0.655823
11589.625000	-0.659180
11589.500000	-0.655517
11589.375000	-0.653076
11589.250000	-0.673523
11589.125000	-0.687561
11589.000000	-0.645142
11588.875000	-0.645142
11588.750000	-0.662231
11588.625000	-0.661011
11588.500000	-0.660095
11588.375000	-0.676269
11588.250000	-0.687866
11588.125000	-0.680237
11588.000000	-0.695496
11587.875000	-0.620422
11587.750000	-0.617371
11587.625000	-0.649414
11587.500000	-0.627441
11587.375000	-0.693970
11587.250000	-0.645752
11587.125000	-0.644531
11587.000000	-0.661316
11586.875000	-0.657349
11586.750000	-0.686035
11586.625000	-0.683899
11586.500000	-0.651550
11586.375000	-0.666199
11586.250000	-0.674744
11586.125000	-0.672302
11586.000000	-0.671692
11585.875000	-0.652161
11585.750000	-0.650330
11585.625000	-0.659180
11585.500000	-0.658264
11585.375000	-0.676880
11585.250000	-0.660400
11585.125000	-0.652161
11585.000000	-0.684509
11584.875000	-0.684814
11584.750000	-0.682068
11584.625000	-0.635681
11584.500000	-0.685730
11584.375000	-0.685425
11584.250000	-0.675659
11584.125000	-0.674744
11584.000000	-0.671692
11583.875000	-0.669861
11583.750000	-0.669250
11583.625000	-0.675049
11583.500000	-0.659790
11583.375000	-0.659790
11583.250000	-0.655823
11583.125000	-0.652771
11583.000000	-0.624695
11582.875000	-0.634766
11582.750000	-0.625610
11582.625000	-0.625610
11582.500000	-0.681152
11582.375000	-0.654297
11582.250000	-0.695801
11582.125000	-0.704651
11582.000000	-0.701904
11581.875000	-0.675964
11581.750000	-0.669861
11581.625000	-0.657654
11581.500000	-0.659180
11581.375000	-0.675964
11581.250000	-0.691223
11581.125000	-0.637207
11581.000000	-0.654297
11580.875000	-0.653686
11580.750000	-0.653992
11580.625000	-0.641479
11580.500000	-0.689697
11580.375000	-0.687561
11580.250000	-0.638122
11580.125000	-0.628052
11580.000000	-0.643616
11579.875000	-0.656128
11579.750000	-0.654602
11579.625000	-0.689697
11579.500000	-0.674438
11579.375000	-0.671081
11579.250000	-0.632629
11579.125000	-0.635071
11579.000000	-0.642395
11578.875000	-0.693359
11578.750000	-0.665893
11578.625000	-0.664673
11578.500000	-0.653076
11578.375000	-0.634460
11578.250000	-0.663452
11578.125000	-0.657349
11578.000000	-0.655823
11577.875000	-0.644531
11577.750000	-0.626221
11577.625000	-0.646362
11577.500000	-0.645752
11577.375000	-0.643005
11577.250000	-0.648498
11577.125000	-0.630493
11577.000000	-0.642700
11576.875000	-0.641174
11576.750000	-0.671387
11576.625000	-0.653381
11576.500000	-0.662537
11576.375000	-0.661621
11576.250000	-0.642395
11576.125000	-0.653686
11576.000000	-0.635376
11575.875000	-0.643005
11575.750000	-0.642700
11575.625000	-0.663147
11575.500000	-0.650635
11575.375000	-0.649109
11575.250000	-0.649109
11575.125000	-0.638428
11575.000000	-0.677185
11574.875000	-0.664978
11574.750000	-0.611877
11574.625000	-0.610657
11574.500000	-0.692139
11574.375000	-0.645447
11574.250000	-0.643921
11574.125000	-0.630798
11574.000000	-0.632019
11573.875000	-0.641174
11573.750000	-0.644836
11573.625000	-0.673218
11573.500000	-0.674438
11573.375000	-0.661621
11573.250000	-0.661926
11573.125000	-0.687561
11573.000000	-0.656433
11572.875000	-0.653992
11572.750000	-0.655823
11572.625000	-0.677490
11572.500000	-0.631714
11572.375000	-0.632934
11572.250000	-0.630188
11572.125000	-0.659790
11572.000000	-0.690002
11571.875000	-0.643310
11571.750000	-0.642700
11571.625000	-0.635681
11571.500000	-0.646973
11571.375000	-0.631409
11571.250000	-0.626831
11571.125000	-0.690918
11571.000000	-0.650024
11570.875000	-0.661011
11570.750000	-0.698547
11570.625000	-0.697632
11570.500000	-0.668335
11570.375000	-0.651550
11570.250000	-0.647278
11570.125000	-0.655517
11570.000000	-0.661011
11569.875000	-0.703430
11569.750000	-0.621338
11569.625000	-0.674438
11569.500000	-0.674744
11569.375000	-0.673828
11569.250000	-0.631714
11569.125000	-0.669250
11569.000000	-0.630493
11568.875000	-0.630798
11568.750000	-0.657349
11568.625000	-0.654907
11568.500000	-0.646057
11568.375000	-0.645752
11568.250000	-0.698547
11568.125000	-0.646973
11568.000000	-0.644226
11567.875000	-0.664673
11567.750000	-0.665283
11567.625000	-0.643310
11567.500000	-0.629578
11567.375000	-0.636902
11567.250000	-0.634155
11567.125000	-0.644836
11567.000000	-0.634766
11566.875000	-0.612488
11566.750000	-0.650024
11566.625000	-0.649719
11566.500000	-0.653686
11566.375000	-0.666504
11566.250000	-0.654907
11566.125000	-0.616150
11566.000000	-0.623474
11565.875000	-0.610351
11565.750000	-0.648498
11565.625000	-0.651245
11565.500000	-0.652466
11565.375000	-0.600281
11565.250000	-0.657043
11565.125000	-0.663452
11565.000000	-0.630493
11564.875000	-0.631103
11564.750000	-0.616760
11564.625000	-0.631714
11564.500000	-0.621643
11564.375000	-0.621338
11564.250000	-0.624084
11564.125000	-0.625305
11564.000000	-0.624695
11563.875000	-0.640564
11563.750000	-0.632019
11563.625000	-0.632324
11563.500000	-0.633545
11563.375000	-0.597534
11563.250000	-0.596924
11563.125000	-0.617676
11563.000000	-0.666504
11562.875000	-0.612488
11562.750000	-0.637512
11562.625000	-0.637512
11562.500000	-0.632324
11562.375000	-0.644226
11562.250000	-0.608520
11562.125000	-0.607605
11562.000000	-0.621033
11561.875000	-0.610962
11561.750000	-0.641174
11561.625000	-0.578308
11561.500000	-0.580444
11561.375000	-0.614624
11561.250000	-0.624084
11561.125000	-0.612183
11561.000000	-0.610351
11560.875000	-0.607605
11560.750000	-0.625915
11560.625000	-0.610657
11560.500000	-0.618896
11560.375000	-0.619202
11560.250000	-0.623779
11560.125000	-0.639954
11560.000000	-0.628662
11559.875000	-0.625000
11559.750000	-0.640564
11559.625000	-0.640259
11559.500000	-0.619202
11559.375000	-0.632934
11559.250000	-0.631714
11559.125000	-0.604553
11559.000000	-0.619507
11558.875000	-0.619812
11558.750000	-0.627746
11558.625000	-0.628967
11558.500000	-0.623169
11558.375000	-0.620727
11558.250000	-0.603943
11558.125000	-0.602722
11558.000000	-0.590515
11557.875000	-0.627136
11557.750000	-0.583801
11557.625000	-0.604553
11557.500000	-0.604553
11557.375000	-0.633545
11557.250000	-0.617676
11557.125000	-0.613708
11557.000000	-0.613098
11556.875000	-0.601196
11556.750000	-0.641785
11556.625000	-0.609436
11556.500000	-0.602417
11556.375000	-0.599670
11556.250000	-0.593262
11556.125000	-0.610046
11556.000000	-0.617065
11555.875000	-0.600281
11555.750000	-0.600281
11555.625000	-0.587768
11555.500000	-0.617065
11555.375000	-0.621033
11555.250000	-0.620422
11555.125000	-0.625610
11555.000000	-0.611572
11554.875000	-0.566101
11554.750000	-0.582580
11554.625000	-0.582580
11554.500000	-0.575561
11554.375000	-0.619202
11554.250000	-0.589294
11554.125000	-0.589294
11554.000000	-0.599976
11553.875000	-0.575867
11553.750000	-0.603332
11553.625000	-0.600586
11553.500000	-0.601501
11553.375000	-0.567627
11553.250000	-0.567627
11553.125000	-0.609436
11553.000000	-0.604858
11552.875000	-0.594177
11552.750000	-0.575256
11552.625000	-0.575561
11552.500000	-0.597534
11552.375000	-0.596008
11552.250000	-0.600281
11552.125000	-0.572205
11552.000000	-0.597534
11551.875000	-0.587768
11551.750000	-0.590515
11551.625000	-0.556946
11551.500000	-0.590515
11551.375000	-0.611267
11551.250000	-0.612183
11551.125000	-0.563660
11551.000000	-0.552673
11550.875000	-0.580749
11550.750000	-0.583801
11550.625000	-0.582580
11550.500000	-0.597229
11550.375000	-0.554809
11550.250000	-0.605163
11550.125000	-0.602112
11550.000000	-0.583801
11549.875000	-0.567017
11549.750000	-0.569458
11549.625000	-0.591431
11549.500000	-0.591431
11549.375000	-0.560303
11549.250000	-0.594177
11549.125000	-0.597839
11549.000000	-0.594788
11548.875000	-0.569763
11548.750000	-0.565491
11548.625000	-0.601501
11548.500000	-0.581665
11548.375000	-0.581360
11548.250000	-0.562744
11548.125000	-0.575867
11548.000000	-0.586243
11547.875000	-0.555725
11547.750000	-0.545959
11547.625000	-0.531616
11547.500000	-0.588684
11547.375000	-0.535583
11547.250000	-0.535278
11547.125000	-0.546875
11547.000000	-0.572205
11546.875000	-0.599670
11546.750000	-0.563354
11546.625000	-0.564270
11546.500000	-0.553589
11546.375000	-0.546875
11546.250000	-0.579529
11546.125000	-0.581055
11546.000000	-0.557251
11545.875000	-0.538330
11545.750000	-0.566711
11545.625000	-0.520019
11545.500000	-0.518494
11545.375000	-0.529785
11545.250000	-0.518188
11545.125000	-0.567932
11545.000000	-0.565491
11544.875000	-0.534363
11544.750000	-0.523376
11544.625000	-0.544434
11544.500000	-0.546875
11544.375000	-0.545349
11544.250000	-0.503845
11544.125000	-0.516052
11544.000000	-0.522766
11543.875000	-0.517578
11543.750000	-0.557556
11543.625000	-0.526123
11543.500000	-0.506592
11543.375000	-0.519104
11543.250000	-0.520935
11543.125000	-0.531311
11543.000000	-0.555115
11542.875000	-0.496216
11542.750000	-0.494080
11542.625000	-0.535278
11542.500000	-0.500183
11542.375000	-0.523071
11542.250000	-0.510559
11542.125000	-0.510559
11542.000000	-0.521545
11541.875000	-0.533142
11541.750000	-0.519104
11541.625000	-0.498962
11541.500000	-0.510254
11541.375000	-0.527344
11541.250000	-0.505066
11541.125000	-0.509643
11541.000000	-0.509033
11540.875000	-0.531616
11540.750000	-0.547790
11540.625000	-0.520019
11540.500000	-0.503540
11540.375000	-0.505676
11540.250000	-0.499878
11540.125000	-0.496216
11540.000000	-0.501099
11539.875000	-0.499573
11539.750000	-0.498352
11539.625000	-0.486145
11539.500000	-0.491028
11539.375000	-0.498047
11539.250000	-0.495911
11539.125000	-0.483398
11539.000000	-0.489502
11538.875000	-0.451660
11538.750000	-0.450439
11538.625000	-0.482483
11538.500000	-0.486755
11538.375000	-0.495605
11538.250000	-0.485535
11538.125000	-0.485535
11538.000000	-0.513611
11537.875000	-0.480652
11537.750000	-0.476379
11537.625000	-0.472412
11537.500000	-0.448913
11537.375000	-0.473022
11537.250000	-0.434875
11537.125000	-0.474243
11537.000000	-0.473938
11536.875000	-0.509338
11536.750000	-0.493774
11536.625000	-0.466919
11536.500000	-0.460205
11536.375000	-0.459289
11536.250000	-0.483093
11536.125000	-0.468140
11536.000000	-0.457458
11535.875000	-0.457458
11535.750000	-0.479126
11535.625000	-0.460815
11535.500000	-0.473938
11535.375000	-0.431824
11535.250000	-0.432739
11535.125000	-0.453491
11535.000000	-0.449219
11534.875000	-0.441589
11534.750000	-0.435791
11534.625000	-0.460205
11534.500000	-0.508118
11534.375000	-0.452881
11534.250000	-0.458069
11534.125000	-0.458069
11534.000000	-0.435791
11533.875000	-0.469665
11533.750000	-0.468140
11533.625000	-0.427551
11533.500000	-0.430298
11533.375000	-0.447693
11533.250000	-0.456848
11533.125000	-0.457458
11533.000000	-0.457153
11532.875000	-0.449829
11532.750000	-0.417175
11532.625000	-0.444641
11532.500000	-0.433044
11532.375000	-0.431518
11532.250000	-0.418091
11532.125000	-0.394592
11532.000000	-0.416565
11531.875000	-0.414123
11531.750000	-0.459289
11531.625000	-0.366821
11531.500000	-0.414429
11531.375000	-0.434875
11531.250000	-0.436401
11531.125000	-0.422363
11531.000000	-0.420227
11530.875000	-0.397034
11530.750000	-0.393371
11530.625000	-0.403747
11530.500000	-0.440369
11530.375000	-0.390930
11530.250000	-0.396423
11530.125000	-0.396728
11530.000000	-0.411682
11529.875000	-0.390320
11529.750000	-0.426025
11529.625000	-0.422974
11529.500000	-0.416870
11529.375000	-0.392151
11529.250000	-0.420227
11529.125000	-0.408325
11529.000000	-0.408020
11528.875000	-0.375671
11528.750000	-0.365601
11528.625000	-0.393677
11528.500000	-0.389709
11528.375000	-0.357056
11528.250000	-0.378723
11528.125000	-0.360413
11528.000000	-0.395203
11527.875000	-0.395813
11527.750000	-0.369568
11527.625000	-0.382996
11527.500000	-0.386352
11527.375000	-0.370788
11527.250000	-0.374451
11527.125000	-0.347595
11527.000000	-0.348205
11526.875000	-0.375061
11526.750000	-0.372620
11526.625000	-0.363769
11526.500000	-0.349121
11526.375000	-0.395813
11526.250000	-0.332031
11526.125000	-0.332336
11526.000000	-0.323486
11525.875000	-0.348511
11525.750000	-0.333252
11525.625000	-0.328369
11525.500000	-0.328369
11525.375000	-0.347595
11525.250000	-0.355530
11525.125000	-0.342712
11525.000000	-0.341186
11524.875000	-0.347290
11524.750000	-0.296631
11524.625000	-0.328674
11524.500000	-0.342712
11524.375000	-0.345154
11524.250000	-0.347290
11524.125000	-0.319519
11524.000000	-0.320434
11523.875000	-0.317688
11523.750000	-0.328064
11523.625000	-0.305786
11523.500000	-0.280456
11523.375000	-0.303039
11523.250000	-0.301514
11523.125000	-0.314941
11523.000000	-0.320434
11522.875000	-0.320740
11522.750000	-0.318603
11522.625000	-0.335083
11522.500000	-0.285034
11522.375000	-0.291748
11522.250000	-0.305176
11522.125000	-0.307312
11522.000000	-0.289307
11521.875000	-0.293274
11521.750000	-0.273132
11521.625000	-0.271606
11521.500000	-0.286255
11521.375000	-0.299377
11521.250000	-0.304565
11521.125000	-0.289307
11521.000000	-0.287170
11520.875000	-0.245056
11520.750000	-0.279541
11520.625000	-0.264282
11520.500000	-0.260620
11520.375000	-0.255432
11520.250000	-0.290222
11520.125000	-0.258484
11520.000000	-0.245972
11519.875000	-0.245056
11519.750000	-0.271301
11519.625000	-0.266724
11519.500000	-0.238342
11519.375000	-0.234985
11519.250000	-0.270691
11519.125000	-0.278015
11519.000000	-0.279236
11518.875000	-0.224914
11518.750000	-0.225830
11518.625000	-0.245056
11518.500000	-0.241699
11518.375000	-0.249939
11518.250000	-0.228271
11518.125000	-0.231018
11518.000000	-0.213318
11517.875000	-0.243225
11517.750000	-0.243530
11517.625000	-0.241699
11517.500000	-0.240784
11517.375000	-0.228882
11517.250000	-0.207519
11517.125000	-0.223389
11517.000000	-0.222168
11516.875000	-0.189819
11516.750000	-0.238953
11516.625000	-0.205994
11516.500000	-0.203857
11516.375000	-0.216980
11516.250000	-0.210266
11516.125000	-0.187683
11516.000000	-0.198975
11515.875000	-0.197449
11515.750000	-0.215149
11515.625000	-0.237732
11515.500000	-0.237427
11515.375000	-0.233765
11515.250000	-0.173645
11515.125000	-0.192566
11515.000000	-0.175781
11514.875000	-0.192261
11514.750000	-0.191955
11514.625000	-0.175171
11514.500000	-0.225525
11514.375000	-0.171509
11514.250000	-0.169067
11514.125000	-0.173340
11514.000000	-0.183411
11513.875000	-0.154419
11513.750000	-0.137329
11513.625000	-0.135498
11513.500000	-0.171814
11513.375000	-0.162353
11513.250000	-0.173035
11513.125000	-0.147705
11513.000000	-0.148315
11512.875000	-0.121155
11512.750000	-0.175781
11512.625000	-0.140076
11512.500000	-0.137939
11512.375000	-0.172119
11512.250000	-0.139465
11512.125000	-0.142212
11512.000000	-0.148315
11511.875000	-0.148315
11511.750000	-0.117187
11511.625000	-0.178223
11511.500000	-0.197143
11511.375000	-0.194702
11511.250000	-0.119934
11511.125000	-0.130005
11511.000000	-0.140991
11510.875000	-0.102539
11510.750000	-0.102844
11510.625000	-0.113525
11510.500000	-0.066528
11510.375000	-0.109558
11510.250000	-0.110779
11510.125000	-0.109558
11510.000000	-0.105286
11509.875000	-0.098877
11509.750000	-0.079956
11509.625000	-0.079956
11509.500000	-0.097656
11509.375000	-0.105591
11509.250000	-0.086975
11509.125000	-0.056457
11509.000000	-0.058594
11508.875000	-0.099487
11508.750000	-0.089722
11508.625000	-0.088501
11508.500000	-0.089416
11508.375000	-0.050659
11508.250000	-0.069580
11508.125000	-0.090637
11508.000000	-0.046997
11507.875000	-0.048218
11507.750000	-0.035095
11507.625000	-0.053406
11507.500000	-0.052490
11507.375000	-0.048828
11507.250000	-0.039978
11507.125000	-0.049438
11507.000000	-0.061645
11506.875000	-0.069885
11506.750000	-0.071411
11506.625000	-0.028076
11506.500000	-0.044556
11506.375000	-0.007019
11506.250000	-0.057678
11506.125000	-0.056763
11506.000000	-0.033569
11505.875000	-0.030823
11505.750000	-0.019226
11505.625000	-0.018310
11505.500000	-0.036621
11505.375000	-0.035705
11505.250000	-0.034485
11505.125000	-0.004578
11505.000000	-0.004883
11504.875000	-0.021667
11504.750000	0.024719
11504.625000	-0.000610
11504.500000	0.001831
11504.375000	-0.002441
11504.250000	-0.004578
11504.125000	0.014649
11504.000000	0.006104
11503.875000	0.006104
11503.750000	0.005798
11503.625000	0.028687
11503.500000	0.004883
11503.375000	0.005798
11503.250000	0.022278
11503.125000	0.028992
11503.000000	0.044861
11502.875000	0.007019
11502.750000	0.008240
11502.625000	0.031433
11502.500000	0.041504
11502.375000	0.076904
11502.250000	0.047608
11502.125000	0.054321
11502.000000	0.043030
11501.875000	0.045166
11501.750000	0.056458
11501.625000	0.056458
11501.500000	0.025635
11501.375000	-0.014343
11501.250000	-0.004272
11501.125000	0.097351
11501.000000	0.095825
11500.875000	0.073547
11500.750000	0.056458
11500.625000	0.073547
11500.500000	0.076294
11500.375000	0.078735
11500.250000	0.053711
11500.125000	0.069580
11500.000000	0.088806
11499.875000	0.090027
11499.750000	0.076904
11499.625000	0.101013
11499.500000	0.071716
11499.375000	0.071411
11499.250000	0.073853
11499.125000	0.092468
11499.000000	0.069580
11498.875000	0.097656
11498.750000	0.098267
11498.625000	0.069275
11498.500000	0.104675
11498.375000	0.100708
11498.250000	0.102234
11498.125000	0.092774
11498.000000	0.078125
11497.875000	0.083923
11497.750000	0.106812
11497.625000	0.108643
11497.500000	0.130310
11497.375000	0.107422
11497.250000	0.071411
11497.125000	0.087280
11497.000000	0.083923
11496.875000	0.123901
11496.750000	0.109253
11496.625000	0.110474
11496.500000	0.109253
11496.375000	0.114746
11496.250000	0.096436
11496.125000	0.138245
11496.000000	0.147400
11495.875000	0.146484
11495.750000	0.148316
11495.625000	0.151978
11495.500000	0.155029
11495.375000	0.158386
11495.250000	0.160217
11495.125000	0.154419
11495.000000	0.167236
11494.875000	0.137634
11494.750000	0.137940
11494.625000	0.138245
11494.500000	0.149536
11494.375000	0.176392
11494.250000	0.176392
11494.125000	0.151672
11494.000000	0.191040
11493.875000	0.130920
11493.750000	0.181885
11493.625000	0.182495
11493.500000	0.180969
11493.375000	0.157166
11493.250000	0.166931
11493.125000	0.151978
11493.000000	0.157166
11492.875000	0.178528
11492.750000	0.171204
11492.625000	0.195313
11492.500000	0.196838
11492.375000	0.187073
11492.250000	0.191956
11492.125000	0.212708
11492.000000	0.180359
11491.875000	0.183106
11491.750000	0.212708
11491.625000	0.217285
11491.500000	0.200806
11491.375000	0.202637
11491.250000	0.244751
11491.125000	0.169678
11491.000000	0.203247
11490.875000	0.197144
11490.750000	0.197144
11490.625000	0.244141
11490.500000	0.227966
11490.375000	0.271912
11490.250000	0.272217
11490.125000	0.237732
11490.000000	0.215149
11489.875000	0.250244
11489.750000	0.238037
11489.625000	0.235901
11489.500000	0.230103
11489.375000	0.263977
11489.250000	0.260620
11489.125000	0.261841
11489.000000	0.235291
11488.875000	0.222168
11488.750000	0.253296
11488.625000	0.274048
11488.500000	0.273743
11488.375000	0.246887
11488.250000	0.248413
11488.125000	0.251160
11488.000000	0.250549
11487.875000	0.249939
11487.750000	0.272827
11487.625000	0.230408
11487.500000	0.272522
11487.375000	0.274353
11487.250000	0.282593
11487.125000	0.278320
11487.000000	0.278320
11486.875000	0.284729
11486.750000	0.283814
11486.625000	0.303955
11486.500000	0.299683
11486.375000	0.294495
11486.250000	0.296326
11486.125000	0.277405
11486.000000	0.335388
11485.875000	0.278320
11485.750000	0.291138
11485.625000	0.292053
11485.500000	0.295410
11485.375000	0.305176
11485.250000	0.301819
11485.125000	0.302429
11485.000000	0.287171
11484.875000	0.293579
11484.750000	0.314331
11484.625000	0.326843
11484.500000	0.324707
11484.375000	0.328064
11484.250000	0.357056
11484.125000	0.305176
11484.000000	0.354309
11483.875000	0.316773
11483.750000	0.339050
11483.625000	0.341492
11483.500000	0.351868
11483.375000	0.351563
11483.250000	0.356751
11483.125000	0.360108
11483.000000	0.336609
11482.875000	0.329895
11482.750000	0.329590
11482.625000	0.313110
11482.500000	0.343018
11482.375000	0.367432
11482.250000	0.367737
11482.125000	0.335693
11482.000000	0.360718
11481.875000	0.332642
11481.750000	0.358887
11481.625000	0.358887
11481.500000	0.344238
11481.375000	0.370483
11481.250000	0.379944
11481.125000	0.380859
11481.000000	0.359192
11480.875000	0.360108
11480.750000	0.369263
11480.625000	0.403137
11480.500000	0.403442
11480.375000	0.380554
11480.250000	0.350037
11480.125000	0.367737
11480.000000	0.369263
11479.875000	0.350037
11479.750000	0.354004
11479.625000	0.371704
11479.500000	0.368652
11479.375000	0.368042
11479.250000	0.379334
11479.125000	0.423889
11479.000000	0.380249
11478.875000	0.383606
11478.750000	0.399475
11478.625000	0.393677
11478.500000	0.387268
11478.375000	0.392761
11478.250000	0.391541
11478.125000	0.379334
11478.000000	0.375366
11477.875000	0.388489
11477.750000	0.389099
11477.625000	0.418091
11477.500000	0.428467
11477.375000	0.370178
11477.250000	0.380859
11477.125000	0.379639
11477.000000	0.419312
11476.875000	0.408630
11476.750000	0.429993
11476.625000	0.384522
11476.500000	0.381775
11476.375000	0.395813
11476.250000	0.401917
11476.125000	0.401917
11476.000000	0.403137
11475.875000	0.404053
11475.750000	0.420837
11475.625000	0.402527
11475.500000	0.407715
11475.375000	0.407105
11475.250000	0.400391
11475.125000	0.435486
11475.000000	0.396729
11474.875000	0.397339
11474.750000	0.383301
11474.625000	0.449524
11474.500000	0.429993
11474.375000	0.411987
11474.250000	0.413513
11474.125000	0.444031
11474.000000	0.476074
11473.875000	0.476685
11473.750000	0.478211
11473.625000	0.440064
11473.500000	0.429688
11473.375000	0.440979
11473.250000	0.429382
11473.125000	0.429993
11473.000000	0.462952
11472.875000	0.467224
11472.750000	0.447083
11472.625000	0.462647
11472.500000	0.461731
11472.375000	0.479736
11472.250000	0.451050
11472.125000	0.455017
11472.000000	0.456543
11471.875000	0.427551
11471.750000	0.458069
11471.625000	0.451965
11471.500000	0.466004
11471.375000	0.466004
11471.250000	0.464783
11471.125000	0.452271
11471.000000	0.437622
11470.875000	0.436096
11470.750000	0.466309
11470.625000	0.456848
11470.500000	0.484924
11470.375000	0.484924
11470.250000	0.484619
11470.125000	0.460816
11470.000000	0.513916
11469.875000	0.474854
11469.750000	0.475159
11469.625000	0.469666
11469.500000	0.430908
11469.375000	0.458374
11469.250000	0.433655
11469.125000	0.434265
11469.000000	0.471802
11468.875000	0.481567
11468.750000	0.495606
11468.625000	0.486450
11468.500000	0.486145
11468.375000	0.485535
11468.250000	0.492554
11468.125000	0.483399
11468.000000	0.482788
11467.875000	0.479736
11467.750000	0.474854
11467.625000	0.506592
11467.500000	0.450134
11467.375000	0.448914
11467.250000	0.505676
11467.125000	0.465393
11467.000000	0.484924
11466.875000	0.487671
11466.750000	0.473328
11466.625000	0.475769
11466.500000	0.494995
11466.375000	0.509033
11466.250000	0.509644
11466.125000	0.514526
11466.000000	0.498047
11465.875000	0.495300
11465.750000	0.463257
11465.625000	0.475769
11465.500000	0.498962
11465.375000	0.468140
11465.250000	0.483399
11465.125000	0.484619
11465.000000	0.486450
11464.875000	0.516663
11464.750000	0.520020
11464.625000	0.497742
11464.500000	0.497742
11464.375000	0.497742
11464.250000	0.524597
11464.125000	0.521240
11464.000000	0.519714
11463.875000	0.527954
11463.750000	0.479736
11463.625000	0.483093
11463.500000	0.482178
11463.375000	0.481262
11463.250000	0.479736
11463.125000	0.521851
11463.000000	0.495300
11462.875000	0.494995
11462.750000	0.523377
11462.625000	0.506897
11462.500000	0.492554
11462.375000	0.514832
11462.250000	0.516358
11462.125000	0.524292
11462.000000	0.496521
11461.875000	0.534973
11461.750000	0.537720
11461.625000	0.478821
11461.500000	0.466309
11461.375000	0.504150
11461.250000	0.483093
11461.125000	0.487976
11461.000000	0.506897
11460.875000	0.503845
11460.750000	0.497742
11460.625000	0.472107
11460.500000	0.469971
11460.375000	0.527039
11460.250000	0.483704
11460.125000	0.518494
11460.000000	0.517883
11459.875000	0.458984
11459.750000	0.476379
11459.625000	0.516358
11459.500000	0.520935
11459.375000	0.519104
11459.250000	0.527649
11459.125000	0.488281
11459.000000	0.490418
11458.875000	0.491333
11458.750000	0.520020
11458.625000	0.514526
11458.500000	0.515137
11458.375000	0.534973
11458.250000	0.537109
11458.125000	0.520935
11458.000000	0.516052
11457.875000	0.520630
11457.750000	0.521546
11457.625000	0.486755
11457.500000	0.513916
11457.375000	0.524292
11457.250000	0.501404
11457.125000	0.502014
11457.000000	0.493164
11456.875000	0.498352
11456.750000	0.503235
11456.625000	0.527344
11456.500000	0.530701
11456.375000	0.505371
11456.250000	0.516968
11456.125000	0.494995
11456.000000	0.494080
11455.875000	0.492249
11455.750000	0.496826
11455.625000	0.490112
11455.500000	0.493775
11455.375000	0.504456
11455.250000	0.509033
11455.125000	0.495911
11455.000000	0.469666
11454.875000	0.470276
11454.750000	0.473938
11454.625000	0.474548
11454.500000	0.479736
11454.375000	0.481873
11454.250000	0.498657
11454.125000	0.476990
11454.000000	0.507813
11453.875000	0.477295
11453.750000	0.476685
11453.625000	0.516052
11453.500000	0.495606
11453.375000	0.496216
11453.250000	0.462341
11453.125000	0.462647
11453.000000	0.468140
11452.875000	0.475464
11452.750000	0.447388
11452.625000	0.448608
11452.500000	0.481567
11452.375000	0.474243
11452.250000	0.455017
11452.125000	0.475464
11452.000000	0.476685
11451.875000	0.459900
11451.750000	0.490112
11451.625000	0.490112
11451.500000	0.469971
11451.375000	0.467835
11451.250000	0.474854
11451.125000	0.461731
11451.000000	0.482178
11450.875000	0.482178
11450.750000	0.480652
11450.625000	0.451355
11450.500000	0.441284
11450.375000	0.442200
11450.250000	0.443421
11450.125000	0.422058
11450.000000	0.480652
11449.875000	0.480957
11449.750000	0.482178
11449.625000	0.459290
11449.500000	0.440979
11449.375000	0.418396
11449.250000	0.458984
11449.125000	0.458374
11449.000000	0.438538
11448.875000	0.449524
11448.750000	0.422058
11448.625000	0.421753
11448.500000	0.455933
11448.375000	0.443726
11448.250000	0.451660
11448.125000	0.442200
11448.000000	0.441589
11447.875000	0.440674
11447.750000	0.465393
11447.625000	0.442200
11447.500000	0.443115
11447.375000	0.423889
11447.250000	0.447388
11447.125000	0.427857
11447.000000	0.449219
11446.875000	0.450440
11446.750000	0.433960
11446.625000	0.434265
11446.500000	0.445862
11446.375000	0.449219
11446.250000	0.420532
11446.125000	0.422669
11446.000000	0.437927
11445.875000	0.443726
11445.750000	0.443726
11445.625000	0.463257
11445.500000	0.396118
11445.375000	0.399475
11445.250000	0.425110
11445.125000	0.444336
11445.000000	0.424805
11444.875000	0.447388
11444.750000	0.372315
11444.625000	0.375061
11444.500000	0.408325
11444.375000	0.383911
11444.250000	0.408936
11444.125000	0.411377
11444.000000	0.412903
11443.875000	0.395203
11443.750000	0.413818
11443.625000	0.386047
11443.500000	0.386658
11443.375000	0.388489
11443.250000	0.424194
11443.125000	0.388794
11443.000000	0.382385
11442.875000	0.383606
11442.750000	0.407715
11442.625000	0.388489
11442.500000	0.404968
11442.375000	0.405579
11442.250000	0.383911
11442.125000	0.362854
11442.000000	0.374756
11441.875000	0.362244
11441.750000	0.361328
11441.625000	0.378418
11441.500000	0.343628
11441.375000	0.360413
11441.250000	0.392456
11441.125000	0.393066
11441.000000	0.368347
11440.875000	0.397644
11440.750000	0.379028
11440.625000	0.379639
11440.500000	0.362549
11440.375000	0.382080
11440.250000	0.366516
11440.125000	0.348816
11440.000000	0.348511
11439.875000	0.365296
11439.750000	0.346375
11439.625000	0.371094
11439.500000	0.372315
11439.375000	0.364075
11439.250000	0.373535
11439.125000	0.342407
11439.000000	0.365601
11438.875000	0.365601
11438.750000	0.345459
11438.625000	0.304566
11438.500000	0.346985
11438.375000	0.348816
11438.250000	0.339356
11438.125000	0.302429
11438.000000	0.354309
11437.875000	0.309754
11437.750000	0.311279
11437.625000	0.311890
11437.500000	0.338135
11437.375000	0.367432
11437.250000	0.304871
11437.125000	0.304871
11437.000000	0.322266
11436.875000	0.312195
11436.750000	0.332031
11436.625000	0.332337
11436.500000	0.300293
11436.375000	0.310364
11436.250000	0.304260
11436.125000	0.293579
11436.000000	0.295410
11435.875000	0.291443
11435.750000	0.292969
11435.625000	0.304566
11435.500000	0.303345
11435.375000	0.268860
11435.250000	0.285339
11435.125000	0.310059
11435.000000	0.309448
11434.875000	0.308228
11434.750000	0.287476
11434.625000	0.276184
11434.500000	0.263062
11434.375000	0.264587
11434.250000	0.266419
11434.125000	0.267334
11434.000000	0.264587
11433.875000	0.234985
11433.750000	0.237427
11433.625000	0.273438
11433.500000	0.274963
11433.375000	0.276795
11433.250000	0.274048
11433.125000	0.287476
11433.000000	0.263977
11432.875000	0.252075
11432.750000	0.243225
11432.625000	0.244751
11432.500000	0.275879
11432.375000	0.252991
11432.250000	0.278320
11432.125000	0.245056
11432.000000	0.244141
11431.875000	0.252380
11431.750000	0.224609
11431.625000	0.219727
11431.500000	0.221558
11431.375000	0.209045
11431.250000	0.238648
11431.125000	0.214233
11431.000000	0.252991
11430.875000	0.253906
11430.750000	0.221863
11430.625000	0.218201
11430.500000	0.197754
11430.375000	0.198670
11430.250000	0.183411
11430.125000	0.192261
11430.000000	0.184631
11429.875000	0.194702
11429.750000	0.195007
11429.625000	0.201416
11429.500000	0.219421
11429.375000	0.164795
11429.250000	0.165405
11429.125000	0.180969
11429.000000	0.213318
11428.875000	0.202637
11428.750000	0.207520
11428.625000	0.209045
11428.500000	0.234985
11428.375000	0.194702
11428.250000	0.178223
11428.125000	0.202637
11428.000000	0.201416
11427.875000	0.164490
11427.750000	0.185242
11427.625000	0.147400
11427.500000	0.148010
11427.375000	0.160523
11427.250000	0.197754
11427.125000	0.186768
11427.000000	0.184021
11426.875000	0.182190
11426.750000	0.157471
11426.625000	0.176087
11426.500000	0.142517
11426.375000	0.141907
11426.250000	0.159302
11426.125000	0.145264
11426.000000	0.138550
11425.875000	0.145569
11425.750000	0.145264
11425.625000	0.134583
11425.500000	0.126648
11425.375000	0.138245
11425.250000	0.139160
11425.125000	0.128479
11425.000000	0.177307
11424.875000	0.138550
11424.750000	0.125427
11424.625000	0.127564
11424.500000	0.108032
11424.375000	0.121765
11424.250000	0.111389
11424.125000	0.111084
11424.000000	0.119019
11423.875000	0.117798
11423.750000	0.129700
11423.625000	0.097656
11423.500000	0.101013
11423.375000	0.117798
11423.250000	0.077210
11423.125000	0.084229
11423.000000	0.087586
11422.875000	0.073853
11422.750000	0.084839
11422.625000	0.072022
11422.500000	0.083618
11422.375000	0.084839
11422.250000	0.064087
11422.125000	0.068054
11422.000000	0.070191
11421.875000	0.046692
11421.750000	0.055542
11421.625000	0.057373
11421.500000	0.055847
11421.375000	0.091553
11421.250000	0.092163
11421.125000	0.032654
11421.000000	0.041504
11420.875000	0.042420
11420.750000	0.065003
11420.625000	0.064697
11420.500000	0.038147
11420.375000	0.057983
11420.250000	0.053406
11420.125000	0.054321
11420.000000	0.052490
11419.875000	0.022278
11419.750000	0.054321
11419.625000	-0.005188
11419.500000	-0.003357
11419.375000	0.020447
11419.250000	0.031433
11419.125000	0.025635
11419.000000	0.009766
11418.875000	0.009766
11418.750000	0.062866
11418.625000	0.027771
11418.500000	-0.027161
11418.375000	-0.028076
11418.250000	0.048218
11418.125000	0.016174
11418.000000	0.028381
11417.875000	0.001221
11417.750000	-0.000610
11417.625000	0.011597
11417.500000	-0.012817
11417.375000	-0.011597
11417.250000	-0.009155
11417.125000	-0.014038
11417.000000	-0.035400
11416.875000	-0.015564
11416.750000	0.015564
11416.625000	0.015259
11416.500000	-0.009155
11416.375000	-0.020752
11416.250000	-0.011597
11416.125000	-0.010986
11416.000000	-0.037231
11415.875000	-0.026550
11415.750000	-0.045471
11415.625000	-0.032654
11415.500000	-0.033264
11415.375000	-0.048218
11415.250000	-0.014648
11415.125000	-0.049744
11415.000000	-0.048218
11414.875000	-0.027466
11414.750000	-0.023193
11414.625000	-0.036011
11414.500000	-0.108032
11414.375000	-0.104370
11414.250000	-0.061035
11414.125000	-0.048828
11414.000000	-0.057068
11413.875000	-0.044250
11413.750000	-0.045776
11413.625000	-0.047302
11413.500000	-0.081787
11413.375000	-0.075378
11413.250000	-0.074158
11413.125000	-0.086059
11413.000000	-0.055847
11412.875000	-0.036011
11412.750000	-0.075684
11412.625000	-0.074768
11412.500000	-0.078430
11412.375000	-0.080566
11412.250000	-0.093079
11412.125000	-0.094604
11412.000000	-0.133362
11411.875000	-0.129394
11411.750000	-0.077515
11411.625000	-0.110168
11411.500000	-0.111084
11411.375000	-0.120239
11411.250000	-0.118103
11411.125000	-0.105286
11411.000000	-0.101929
11410.875000	-0.083923
11410.750000	-0.111694
11410.625000	-0.111999
11410.500000	-0.090332
11410.375000	-0.088806
11410.250000	-0.103455
11410.125000	-0.119934
11410.000000	-0.153198
11409.875000	-0.136719
11409.750000	-0.101013
11409.625000	-0.143127
11409.500000	-0.138855
11409.375000	-0.106506
11409.250000	-0.103760
11409.125000	-0.128174
11409.000000	-0.127563
11408.875000	-0.141907
11408.750000	-0.178223
11408.625000	-0.178528
11408.500000	-0.161438
11408.375000	-0.168457
11408.250000	-0.176086
11408.125000	-0.172119
11408.000000	-0.160522
11407.875000	-0.167541
11407.750000	-0.171509
11407.625000	-0.177002
11407.500000	-0.177307
11407.375000	-0.163269
11407.250000	-0.169983
11407.125000	-0.174866
11407.000000	-0.171204
11406.875000	-0.162353
11406.750000	-0.174560
11406.625000	-0.169983
11406.500000	-0.138550
11406.375000	-0.136719
11406.250000	-0.140991
11406.125000	-0.183411
11406.000000	-0.184021
11405.875000	-0.180054
11405.750000	-0.227356
11405.625000	-0.194702
11405.500000	-0.187683
11405.375000	-0.198669
11405.250000	-0.195618
11405.125000	-0.199585
11405.000000	-0.193176
11404.875000	-0.170593
11404.750000	-0.219116
11404.625000	-0.224304
11404.500000	-0.201721
11404.375000	-0.211487
11404.250000	-0.207825
11404.125000	-0.205994
11404.000000	-0.221863
11403.875000	-0.236206
11403.750000	-0.262146
11403.625000	-0.221863
11403.500000	-0.222168
11403.375000	-0.190430
11403.250000	-0.236511
11403.125000	-0.220337
11403.000000	-0.220337
11402.875000	-0.248413
11402.750000	-0.215454
11402.625000	-0.251160
11402.500000	-0.235290
11402.375000	-0.235901
11402.250000	-0.238647
11402.125000	-0.246277
11402.000000	-0.252075
11401.875000	-0.250854
11401.750000	-0.237732
11401.625000	-0.236206
11401.500000	-0.234985
11401.375000	-0.253601
11401.250000	-0.252075
11401.125000	-0.234985
11401.000000	-0.223694
11400.875000	-0.264587
11400.750000	-0.260620
11400.625000	-0.274658
11400.500000	-0.302734
11400.375000	-0.239258
11400.250000	-0.265503
11400.125000	-0.264587
11400.000000	-0.261536
11399.875000	-0.276794
11399.750000	-0.306396
11399.625000	-0.256042
11399.500000	-0.258179
11399.375000	-0.280762
11399.250000	-0.295105
11399.125000	-0.297546
11399.000000	-0.296936
11398.875000	-0.279236
11398.750000	-0.293274
11398.625000	-0.258789
11398.500000	-0.296020
11398.375000	-0.295410
11398.250000	-0.281677
11398.125000	-0.312195
11398.000000	-0.280762
11397.875000	-0.277405
11397.750000	-0.340881
11397.625000	-0.315857
11397.500000	-0.312805
11397.375000	-0.283508
11397.250000	-0.284119
11397.125000	-0.305786
11397.000000	-0.301208
11396.875000	-0.310974
11396.750000	-0.308227
11396.625000	-0.296631
11396.500000	-0.295105
11396.375000	-0.337830
11396.250000	-0.376282
11396.125000	-0.378113
11396.000000	-0.290832
11395.875000	-0.324707
11395.750000	-0.326843
11395.625000	-0.321655
11395.500000	-0.305786
11395.375000	-0.302734
11395.250000	-0.332031
11395.125000	-0.333557
11395.000000	-0.331116
11394.875000	-0.348816
11394.750000	-0.332947
11394.625000	-0.382080
11394.500000	-0.334473
11394.375000	-0.336914
11394.250000	-0.333252
11394.125000	-0.384827
11394.000000	-0.329590
11393.875000	-0.327454
11393.750000	-0.346069
11393.625000	-0.376587
11393.500000	-0.339050
11393.375000	-0.344238
11393.250000	-0.343933
11393.125000	-0.348816
11393.000000	-0.331421
11392.875000	-0.370178
11392.750000	-0.368042
11392.625000	-0.374145
11392.500000	-0.325622
11392.375000	-0.341186
11392.250000	-0.383606
11392.125000	-0.381775
11392.000000	-0.343628
11391.875000	-0.393066
11391.750000	-0.361938
11391.625000	-0.359802
11391.500000	-0.378113
11391.375000	-0.381775
11391.250000	-0.371399
11391.125000	-0.370178
11391.000000	-0.368042
11390.875000	-0.362549
11390.750000	-0.371704
11390.625000	-0.342407
11390.500000	-0.386047
11390.375000	-0.371704
11390.250000	-0.368652
11390.125000	-0.378723
11390.000000	-0.389099
11389.875000	-0.390625
11389.750000	-0.393677
11389.625000	-0.434875
11389.500000	-0.403747
11389.375000	-0.425110
11389.250000	-0.423279
11389.125000	-0.397644
11389.000000	-0.411987
11388.875000	-0.396728
11388.750000	-0.396118
11388.625000	-0.408020
11388.500000	-0.370178
11388.375000	-0.392761
11388.250000	-0.397339
11388.125000	-0.397949
11388.000000	-0.420837
11387.875000	-0.385437
11387.750000	-0.444031
11387.625000	-0.443726
11387.500000	-0.405884
11387.375000	-0.396423
11387.250000	-0.410156
11387.125000	-0.439148
11387.000000	-0.440369
11386.875000	-0.408020
11386.750000	-0.429687
11386.625000	-0.414429
11386.500000	-0.412598
11386.375000	-0.447082
11386.250000	-0.416565
11386.125000	-0.446167
11386.000000	-0.427856
11385.875000	-0.427551
11385.750000	-0.398865
11385.625000	-0.415344
11385.500000	-0.427551
11385.375000	-0.423584
11385.250000	-0.429077
11385.125000	-0.451965
11385.000000	-0.433960
11384.875000	-0.438538
11384.750000	-0.438538
11384.625000	-0.437927
11384.500000	-0.440979
11384.375000	-0.428467
11384.250000	-0.432739
11384.125000	-0.433350
11384.000000	-0.475464
11383.875000	-0.409241
11383.750000	-0.415649
11383.625000	-0.414734
11383.500000	-0.444641
11383.375000	-0.465088
11383.250000	-0.460510
11383.125000	-0.428162
11383.000000	-0.426941
11382.875000	-0.454712
11382.750000	-0.451965
11382.625000	-0.457458
11382.500000	-0.455017
11382.375000	-0.448303
11382.250000	-0.432434
11382.125000	-0.459900
11382.000000	-0.453186
11381.875000	-0.454407
11381.750000	-0.495605
11381.625000	-0.447693
11381.500000	-0.437012
11381.375000	-0.430603
11381.250000	-0.448913
11381.125000	-0.455933
11381.000000	-0.450745
11380.875000	-0.494080
11380.750000	-0.491943
11380.625000	-0.474548
11380.500000	-0.476074
11380.375000	-0.481262
11380.250000	-0.460815
11380.125000	-0.463257
11380.000000	-0.477295
11379.875000	-0.476990
11379.750000	-0.478821
11379.625000	-0.478821
11379.500000	-0.476379
11379.375000	-0.468445
11379.250000	-0.453491
11379.125000	-0.480957
11379.000000	-0.481262
11378.875000	-0.480041
11378.750000	-0.484924
11378.625000	-0.476074
11378.500000	-0.475464
11378.375000	-0.494080
11378.250000	-0.483093
11378.125000	-0.460815
11378.000000	-0.467834
11377.875000	-0.466614
11377.750000	-0.466614
11377.625000	-0.511475
11377.500000	-0.501099
11377.375000	-0.498962
11377.250000	-0.510864
11377.125000	-0.507507
11377.000000	-0.480957
11376.875000	-0.494690
11376.750000	-0.492859
11376.625000	-0.494385
11376.500000	-0.493469
11376.375000	-0.497742
11376.250000	-0.491638
11376.125000	-0.509949
11376.000000	-0.505066
11375.875000	-0.496216
11375.750000	-0.528870
11375.625000	-0.527649
11375.500000	-0.500488
11375.375000	-0.525513
11375.250000	-0.511780
11375.125000	-0.511169
11375.000000	-0.513611
11374.875000	-0.533447
11374.750000	-0.507812
11374.625000	-0.505981
11374.500000	-0.505981
11374.375000	-0.485535
11374.250000	-0.498352
11374.125000	-0.557251
11374.000000	-0.519104
11373.875000	-0.516968
11373.750000	-0.516968
11373.625000	-0.500793
11373.500000	-0.530395
11373.375000	-0.530395
11373.250000	-0.523682
11373.125000	-0.535278
11373.000000	-0.531311
11372.875000	-0.551147
11372.750000	-0.549316
11372.625000	-0.534363
11372.500000	-0.546570
11372.375000	-0.561523
11372.250000	-0.560608
11372.125000	-0.531616
11372.000000	-0.550232
11371.875000	-0.533752
11371.750000	-0.500793
11371.625000	-0.500793
11371.500000	-0.555420
11371.375000	-0.551758
11371.250000	-0.550232
11371.125000	-0.550537
11371.000000	-0.516663
11370.875000	-0.555115
11370.750000	-0.526428
11370.625000	-0.524902
11370.500000	-0.524292
11370.375000	-0.522156
11370.250000	-0.540161
11370.125000	-0.537414
11370.000000	-0.534058
11369.875000	-0.534058
11369.750000	-0.583801
11369.625000	-0.548401
11369.500000	-0.530090
11369.375000	-0.529175
11369.250000	-0.534973
11369.125000	-0.559997
11369.000000	-0.533142
11368.875000	-0.581360
11368.750000	-0.580749
11368.625000	-0.540161
11368.500000	-0.585327
11368.375000	-0.536804
11368.250000	-0.536499
11368.125000	-0.553589
11368.000000	-0.570984
11367.875000	-0.557861
11367.750000	-0.557556
11367.625000	-0.556946
11367.500000	-0.555115
11367.375000	-0.564880
11367.250000	-0.564270
11367.125000	-0.561829
11367.000000	-0.570373
11366.875000	-0.558166
11366.750000	-0.562439
11366.625000	-0.557556
11366.500000	-0.555420
11366.375000	-0.521851
11366.250000	-0.557861
11366.125000	-0.566711
11366.000000	-0.590515
11365.875000	-0.576172
11365.750000	-0.531311
11365.625000	-0.560303
11365.500000	-0.573730
11365.375000	-0.574341
11365.250000	-0.571899
11365.125000	-0.566406
11365.000000	-0.605469
11364.875000	-0.578918
11364.750000	-0.579529
11364.625000	-0.603332
11364.500000	-0.595703
11364.375000	-0.578613
11364.250000	-0.578918
11364.125000	-0.572205
11364.000000	-0.538940
11363.875000	-0.591125
11363.750000	-0.566101
11363.625000	-0.563660
11363.500000	-0.568237
11363.375000	-0.552368
11363.250000	-0.576477
11363.125000	-0.574646
11363.000000	-0.578003
11362.875000	-0.568237
11362.750000	-0.588989
11362.625000	-0.590820
11362.500000	-0.589600
11362.375000	-0.583496
11362.250000	-0.571899
11362.125000	-0.594482
11362.000000	-0.591736
11361.875000	-0.592041
11361.750000	-0.550537
11361.625000	-0.569458
11361.500000	-0.594788
11361.375000	-0.595093
11361.250000	-0.591125
11361.125000	-0.581055
11361.000000	-0.603332
11360.875000	-0.603332
11360.750000	-0.599060
11360.625000	-0.588074
11360.500000	-0.590820
11360.375000	-0.577087
11360.250000	-0.578613
11360.125000	-0.588989
11360.000000	-0.583191
11359.875000	-0.602112
11359.750000	-0.599670
11359.625000	-0.578918
11359.500000	-0.599670
11359.375000	-0.582275
11359.250000	-0.619202
11359.125000	-0.617676
11359.000000	-0.581970
11358.875000	-0.610351
11358.750000	-0.597534
11358.625000	-0.572815
11358.500000	-0.577087
11358.375000	-0.601807
11358.250000	-0.577392
11358.125000	-0.605163
11358.000000	-0.604248
11357.875000	-0.602417
11357.750000	-0.584717
11357.625000	-0.611877
11357.500000	-0.578003
11357.375000	-0.577392
11357.250000	-0.573730
11357.125000	-0.603638
11357.000000	-0.611572
11356.875000	-0.605469
11356.750000	-0.602722
11356.625000	-0.586243
11356.500000	-0.643921
11356.375000	-0.624084
11356.250000	-0.622253
11356.125000	-0.621948
11356.000000	-0.595398
11355.875000	-0.612793
11355.750000	-0.630798
11355.625000	-0.634155
11355.500000	-0.632324
11355.375000	-0.628662
11355.250000	-0.635986
11355.125000	-0.636291
11355.000000	-0.589294
11354.875000	-0.638428
11354.750000	-0.609436
11354.625000	-0.576477
11354.500000	-0.576477
11354.375000	-0.618591
11354.250000	-0.629578
11354.125000	-0.638122
11354.000000	-0.637207
11353.875000	-0.606689
11353.750000	-0.624084
11353.625000	-0.584106
11353.500000	-0.617981
11353.375000	-0.617371
11353.250000	-0.608826
11353.125000	-0.643921
11353.000000	-0.641174
11352.875000	-0.639954
11352.750000	-0.620727
11352.625000	-0.625610
11352.500000	-0.602417
11352.375000	-0.647888
11352.250000	-0.649414
11352.125000	-0.613708
11352.000000	-0.585327
11351.875000	-0.660095
11351.750000	-0.654297
11351.625000	-0.618896
11351.500000	-0.599365
11351.375000	-0.594788
11351.250000	-0.642090
11351.125000	-0.640259
11351.000000	-0.616455
11350.875000	-0.623779
11350.750000	-0.647278
11350.625000	-0.610046
11350.500000	-0.614319
11350.375000	-0.628052
11350.250000	-0.623779
11350.125000	-0.633240
11350.000000	-0.632019
11349.875000	-0.642700
11349.750000	-0.629578
11349.625000	-0.621643
11349.500000	-0.622864
11349.375000	-0.623169
11349.250000	-0.621948
11349.125000	-0.646973
11349.000000	-0.612488
11348.875000	-0.611572
11348.750000	-0.617065
11348.625000	-0.610657
11348.500000	-0.615234
11348.375000	-0.638122
11348.250000	-0.637512
11348.125000	-0.615845
11348.000000	-0.608520
11347.875000	-0.653076
11347.750000	-0.652771
11347.625000	-0.657043
11347.500000	-0.624695
11347.375000	-0.621643
11347.250000	-0.638428
11347.125000	-0.637817
11347.000000	-0.621338
11346.875000	-0.627441
11346.750000	-0.621643
11346.625000	-0.621033
11346.500000	-0.623779
11346.375000	-0.648193
11346.250000	-0.614014
11346.125000	-0.596619
11346.000000	-0.596619
11345.875000	-0.630493
11345.750000	-0.651245
11345.625000	-0.672302
11345.500000	-0.669861
11345.375000	-0.643310
11345.250000	-0.653686
11345.125000	-0.636291
11345.000000	-0.617371
11344.875000	-0.617676
11344.750000	-0.619202
11344.625000	-0.645447
11344.500000	-0.650024
11344.375000	-0.643921
11344.250000	-0.636902
11344.125000	-0.627136
11344.000000	-0.635376
11343.875000	-0.625915
11343.750000	-0.624695
11343.625000	-0.614319
11343.500000	-0.616455
11343.375000	-0.681457
11343.250000	-0.653076
11343.125000	-0.654602
11343.000000	-0.639648
11342.875000	-0.649109
11342.750000	-0.644531
11342.625000	-0.642395
11342.500000	-0.638428
11342.375000	-0.653076
11342.250000	-0.679932
11342.125000	-0.647278
11342.000000	-0.646973
11341.875000	-0.663757
11341.750000	-0.636902
11341.625000	-0.680237
11341.500000	-0.674744
11341.375000	-0.634766
11341.250000	-0.652161
11341.125000	-0.664368
11341.000000	-0.641174
11340.875000	-0.639343
11340.750000	-0.607605
11340.625000	-0.631103
11340.500000	-0.628662
11340.375000	-0.655212
11340.250000	-0.654907
11340.125000	-0.615539
11340.000000	-0.659485
11339.875000	-0.624084
11339.750000	-0.622864
11339.625000	-0.647583
11339.500000	-0.655517
11339.375000	-0.667419
11339.250000	-0.657654
11339.125000	-0.656433
11339.000000	-0.644836
11338.875000	-0.634155
11338.750000	-0.643310
11338.625000	-0.643921
11338.500000	-0.646057
11338.375000	-0.651855
11338.250000	-0.669556
11338.125000	-0.670166
11338.000000	-0.670471
11337.875000	-0.643310
11337.750000	-0.673218
11337.625000	-0.705261
11337.500000	-0.701904
11337.375000	-0.684204
11337.250000	-0.625610
11337.125000	-0.654907
11337.000000	-0.664062
11336.875000	-0.663757
11336.750000	-0.636902
11336.625000	-0.657959
11336.500000	-0.630798
11336.375000	-0.661621
11336.250000	-0.666199
11336.125000	-0.654297
11336.000000	-0.645142
11335.875000	-0.678101
11335.750000	-0.677795
11335.625000	-0.661011
11335.500000	-0.653992
11335.375000	-0.657349
11335.250000	-0.641174
11335.125000	-0.642090
11335.000000	-0.665283
11334.875000	-0.660095
11334.750000	-0.657043
11334.625000	-0.656433
11334.500000	-0.651855
11334.375000	-0.654297
11334.250000	-0.657349
11334.125000	-0.666199
11334.000000	-0.665283
11333.875000	-0.665588
11333.750000	-0.613098
11333.625000	-0.672913
11333.500000	-0.672913
11333.375000	-0.716247
11333.250000	-0.643310
11333.125000	-0.629272
11333.000000	-0.670776
11332.875000	-0.669861
11332.750000	-0.650940
11332.625000	-0.676880
11332.500000	-0.661621
11332.375000	-0.659790
11332.250000	-0.679626
11332.125000	-0.638733
11332.000000	-0.616760
11331.875000	-0.676575
11331.750000	-0.675354
11331.625000	-0.636291
11331.500000	-0.637207
11331.375000	-0.669556
11331.250000	-0.681152
11331.125000	-0.664062
11331.000000	-0.637207
11330.875000	-0.626831
11330.750000	-0.690308
11330.625000	-0.689087
11330.500000	-0.645447
11330.375000	-0.694580
11330.250000	-0.644836
11330.125000	-0.672913
11330.000000	-0.673828
11329.875000	-0.614624
11329.750000	-0.632629
11329.625000	-0.677795
11329.500000	-0.675354
11329.375000	-0.661316
11329.250000	-0.662537
11329.125000	-0.652771
11329.000000	-0.666809
11328.875000	-0.665893
11328.750000	-0.670471
11328.625000	-0.672302
11328.500000	-0.657349
11328.375000	-0.656738
11328.250000	-0.662231
11328.125000	-0.666809
11328.000000	-0.655823
11327.875000	-0.654297
11327.750000	-0.655823
11327.625000	-0.708008
11327.500000	-0.654297
11327.375000	-0.654297
11327.250000	-0.651855
11327.125000	-0.673218
11327.000000	-0.658874
11326.875000	-0.694885
11326.750000	-0.691833
11326.625000	-0.689087
11326.500000	-0.652466
11326.375000	-0.676269
11326.250000	-0.662842
11326.125000	-0.685730
11326.000000	-0.673218
11325.875000	-0.697937
11325.750000	-0.639648
11325.625000	-0.665893
11325.500000	-0.667419
11325.375000	-0.662537
11325.250000	-0.670471
11325.125000	-0.656433
11325.000000	-0.650330
11324.875000	-0.663757
11324.750000	-0.672913
11324.625000	-0.644836
11324.500000	-0.650330
11324.375000	-0.650024
11324.250000	-0.680847
11324.125000	-0.678101
11324.000000	-0.628967
11323.875000	-0.680542
11323.750000	-0.686035
11323.625000	-0.659180
11323.500000	-0.672913
11323.375000	-0.661621
11323.250000	-0.661011
11323.125000	-0.668335
11323.000000	-0.664368
11322.875000	-0.662231
11322.750000	-0.660400
11322.625000	-0.659485
11322.500000	-0.657043
11322.375000	-0.678101
11322.250000	-0.670166
11322.125000	-0.667419
11322.000000	-0.682678
11321.875000	-0.650635
11321.750000	-0.668945
11321.625000	-0.696106
11321.500000	-0.696411
11321.375000	-0.680237
11321.250000	-0.669250
11321.125000	-0.679321
11321.000000	-0.680237
11320.875000	-0.655212
11320.750000	-0.671387
11320.625000	-0.637512
11320.500000	-0.672913
11320.375000	-0.673523
11320.250000	-0.620727
11320.125000	-0.668640
11320.000000	-0.675964
11319.875000	-0.640564
11319.750000	-0.641174
11319.625000	-0.683594
11319.500000	-0.606995
11319.375000	-0.653076
11319.250000	-0.651855
11319.125000	-0.667114
11319.000000	-0.656433
11318.875000	-0.651550
11318.750000	-0.671387
11318.625000	-0.672913
11318.500000	-0.650024
11318.375000	-0.693664
11318.250000	-0.665588
11318.125000	-0.664062
11318.000000	-0.664673
11317.875000	-0.681457
11317.750000	-0.664673
11317.625000	-0.640869
11317.500000	-0.639038
11317.375000	-0.673828
11317.250000	-0.653992
11317.125000	-0.687256
11317.000000	-0.686951
11316.875000	-0.649109
11316.750000	-0.693970
11316.625000	-0.721741
11316.500000	-0.638428
11316.375000	-0.639038
11316.250000	-0.664978
11316.125000	-0.648193
11316.000000	-0.665588
11315.875000	-0.665588
11315.750000	-0.675659
11315.625000	-0.678711
11315.500000	-0.668335
11315.375000	-0.672607
11315.250000	-0.672607
11315.125000	-0.679321
11315.000000	-0.664673
11314.875000	-0.687256
11314.750000	-0.705566
11314.625000	-0.705566
11314.500000	-0.642700
11314.375000	-0.661926
11314.250000	-0.690308
11314.125000	-0.690918
11314.000000	-0.657959
11313.875000	-0.658569
11313.750000	-0.681457
11313.625000	-0.668335
11313.500000	-0.669556
11313.375000	-0.668640
11313.250000	-0.648193
11313.125000	-0.681152
11313.000000	-0.680847
11312.875000	-0.682983
11312.750000	-0.668640
11312.625000	-0.664978
11312.500000	-0.677185
11312.375000	-0.676575
11312.250000	-0.685425
11312.125000	-0.652466
11312.000000	-0.640564
11311.875000	-0.633240
11311.750000	-0.690918
11311.625000	-0.682983
11311.500000	-0.672913
11311.375000	-0.646973
11311.250000	-0.648193
11311.125000	-0.683594
11311.000000	-0.679626
11310.875000	-0.648193
11310.750000	-0.665893
11310.625000	-0.669861
11310.500000	-0.683288
11310.375000	-0.659485
11310.250000	-0.677490
11310.125000	-0.676269
11310.000000	-0.705872
11309.875000	-0.691833
11309.750000	-0.675354
11309.625000	-0.654297
11309.500000	-0.655823
11309.375000	-0.652771
11309.250000	-0.644836
11309.125000	-0.662537
11309.000000	-0.662537
11308.875000	-0.684814
11308.750000	-0.681457
11308.625000	-0.687561
11308.500000	-0.686951
11308.375000	-0.686035
11308.250000	-0.675659
11308.125000	-0.661621
11308.000000	-0.651245
11307.875000	-0.650024
11307.750000	-0.679321
11307.625000	-0.665283
11307.500000	-0.682373
11307.375000	-0.654907
11307.250000	-0.653076
11307.125000	-0.651855
11307.000000	-0.659790
11306.875000	-0.639954
11306.750000	-0.634155
11306.625000	-0.651550
11306.500000	-0.699158
11306.375000	-0.665588
11306.250000	-0.652771
11306.125000	-0.650024
11306.000000	-0.712585
11305.875000	-0.683899
11305.750000	-0.666809
11305.625000	-0.635376
11305.500000	-0.634766
11305.375000	-0.693359
11305.250000	-0.663147
11305.125000	-0.681457
11305.000000	-0.681152
11304.875000	-0.673523
11304.750000	-0.692749
11304.625000	-0.647583
11304.500000	-0.679321
11304.375000	-0.678101
11304.250000	-0.669556
11304.125000	-0.738525
11304.000000	-0.677795
11303.875000	-0.677490
11303.750000	-0.627136
11303.625000	-0.689087
11303.500000	-0.678406
11303.375000	-0.665283
11303.250000	-0.664368
11303.125000	-0.663757
11303.000000	-0.681152
11302.875000	-0.701294
11302.750000	-0.700989
11302.625000	-0.660400
11302.500000	-0.636597
11302.375000	-0.710144
11302.250000	-0.676880
11302.125000	-0.677490
11302.000000	-0.667725
11301.875000	-0.707092
11301.750000	-0.695190
11301.625000	-0.660095
11301.500000	-0.661316
11301.375000	-0.666199
11301.250000	-0.678406
11301.125000	-0.645142
11301.000000	-0.646973
11300.875000	-0.672607
11300.750000	-0.684814
11300.625000	-0.647278
11300.500000	-0.639038
11300.375000	-0.638733
11300.250000	-0.699463
11300.125000	-0.668030
11300.000000	-0.652161
