Zeitstempel: 18.9.2013 15:27:54
Signalquelle: Sample/Hold Verstärker
Modus: FM


Bemerkung: Durchlaufzeit 50s
FM
Strom Helmholtz 65mA
Amplitude 45mV
Richtung min->max
min Frequenz 9300Hz
max Frequenz 9700Hz

Frequenz in Hz	S/H-Signal in V
9300,125000	-0,671692
9300,250000	-0,670166
9300,375000	-0,687561
9300,500000	-0,697937
9300,625000	-0,681152
9300,750000	-0,674133
9300,875000	-0,680542
9301,000000	-0,718384
9301,125000	-0,668945
9301,250000	-0,639038
9301,375000	-0,638122
9301,500000	-0,687561
9301,625000	-0,704346
9301,750000	-0,682678
9301,875000	-0,668030
9302,000000	-0,667114
9302,125000	-0,692139
9302,250000	-0,668335
9302,375000	-0,690002
9302,500000	-0,688782
9302,625000	-0,644226
9302,750000	-0,675659
9302,875000	-0,689392
9303,000000	-0,678406
9303,125000	-0,680237
9303,250000	-0,685120
9303,375000	-0,717163
9303,500000	-0,675964
9303,625000	-0,660095
9303,750000	-0,659485
9303,875000	-0,686645
9304,000000	-0,681152
9304,125000	-0,725098
9304,250000	-0,725403
9304,375000	-0,694275
9304,500000	-0,676575
9304,625000	-0,692139
9304,750000	-0,681152
9304,875000	-0,685120
9305,000000	-0,654602
9305,125000	-0,706787
9305,250000	-0,693054
9305,375000	-0,693664
9305,500000	-0,702515
9305,625000	-0,675049
9305,750000	-0,710449
9305,875000	-0,705872
9306,000000	-0,706482
9306,125000	-0,662537
9306,250000	-0,689392
9306,375000	-0,730286
9306,500000	-0,731201
9306,625000	-0,701294
9306,750000	-0,693664
9306,875000	-0,675354
9307,000000	-0,695801
9307,125000	-0,696106
9307,250000	-0,672607
9307,375000	-0,724487
9307,500000	-0,713501
9307,625000	-0,663757
9307,750000	-0,664368
9307,875000	-0,659180
9308,000000	-0,659790
9308,125000	-0,717773
9308,250000	-0,716247
9308,375000	-0,695496
9308,500000	-0,667725
9308,625000	-0,674438
9308,750000	-0,697632
9308,875000	-0,675354
9309,000000	-0,692444
9309,125000	-0,673523
9309,250000	-0,704346
9309,375000	-0,703430
9309,500000	-0,679626
9309,625000	-0,657959
9309,750000	-0,697937
9309,875000	-0,673523
9310,000000	-0,673523
9310,125000	-0,699463
9310,250000	-0,666199
9310,375000	-0,685730
9310,500000	-0,680542
9310,625000	-0,682983
9310,750000	-0,690613
9310,875000	-0,651855
9311,000000	-0,707703
9311,125000	-0,707092
9311,250000	-0,659485
9311,375000	-0,700989
9311,500000	-0,683288
9311,625000	-0,710754
9311,750000	-0,712585
9311,875000	-0,690613
9312,000000	-0,676880
9312,125000	-0,673828
9312,250000	-0,673218
9312,375000	-0,672302
9312,500000	-0,680847
9312,625000	-0,666504
9312,750000	-0,665588
9312,875000	-0,664368
9313,000000	-0,663452
9313,125000	-0,688476
9313,250000	-0,679321
9313,375000	-0,679321
9313,500000	-0,679321
9313,625000	-0,668640
9313,750000	-0,667725
9313,875000	-0,680542
9314,000000	-0,680542
9314,125000	-0,680542
9314,250000	-0,721435
9314,375000	-0,697937
9314,500000	-0,697937
9314,625000	-0,703735
9314,750000	-0,676575
9314,875000	-0,671997
9315,000000	-0,676269
9315,125000	-0,677185
9315,250000	-0,675659
9315,375000	-0,682068
9315,500000	-0,694885
9315,625000	-0,693359
9315,750000	-0,714722
9315,875000	-0,653076
9316,000000	-0,668945
9316,125000	-0,703735
9316,250000	-0,702515
9316,375000	-0,666199
9316,500000	-0,666809
9316,625000	-0,667725
9316,750000	-0,663147
9316,875000	-0,660400
9317,000000	-0,674133
9317,125000	-0,684204
9317,250000	-0,653686
9317,375000	-0,653076
9317,500000	-0,686951
9317,625000	-0,675049
9317,750000	-0,694275
9317,875000	-0,677490
9318,000000	-0,679321
9318,125000	-0,671997
9318,250000	-0,651855
9318,375000	-0,640869
9318,500000	-0,637512
9318,625000	-0,699158
9318,750000	-0,672913
9318,875000	-0,690308
9319,000000	-0,685120
9319,125000	-0,684814
9319,250000	-0,682678
9319,375000	-0,686645
9319,500000	-0,654297
9319,625000	-0,653076
9319,750000	-0,663147
9319,875000	-0,678406
9320,000000	-0,655212
9320,125000	-0,703430
9320,250000	-0,702515
9320,375000	-0,628052
9320,500000	-0,662231
9320,625000	-0,694275
9320,750000	-0,689697
9320,875000	-0,680237
9321,000000	-0,706177
9321,125000	-0,677795
9321,250000	-0,672607
9321,375000	-0,672913
9321,500000	-0,680542
9321,625000	-0,694580
9321,750000	-0,700989
9321,875000	-0,670166
9322,000000	-0,672607
9322,125000	-0,651855
9322,250000	-0,703125
9322,375000	-0,688171
9322,500000	-0,688782
9322,625000	-0,668640
9322,750000	-0,671081
9322,875000	-0,665283
9323,000000	-0,682068
9323,125000	-0,682678
9323,250000	-0,677490
9323,375000	-0,670471
9323,500000	-0,683594
9323,625000	-0,682373
9323,750000	-0,722656
9323,875000	-0,673218
9324,000000	-0,709534
9324,125000	-0,700378
9324,250000	-0,700684
9324,375000	-0,679932
9324,500000	-0,697632
9324,625000	-0,660705
9324,750000	-0,656128
9324,875000	-0,686951
9325,000000	-0,707397
9325,125000	-0,682678
9325,250000	-0,682068
9325,375000	-0,681457
9325,500000	-0,665588
9325,625000	-0,696716
9325,750000	-0,697327
9325,875000	-0,665588
9326,000000	-0,668640
9326,125000	-0,657349
9326,250000	-0,671081
9326,375000	-0,691528
9326,500000	-0,691223
9326,625000	-0,666809
9326,750000	-0,653686
9326,875000	-0,647888
9327,000000	-0,700378
9327,125000	-0,701599
9327,250000	-0,684204
9327,375000	-0,667114
9327,500000	-0,699463
9327,625000	-0,698242
9327,750000	-0,670166
9327,875000	-0,671387
9328,000000	-0,711670
9328,125000	-0,670776
9328,250000	-0,670166
9328,375000	-0,694885
9328,500000	-0,679321
9328,625000	-0,686340
9328,750000	-0,683899
9328,875000	-0,707397
9329,000000	-0,666809
9329,125000	-0,692749
9329,250000	-0,688782
9329,375000	-0,686951
9329,500000	-0,664978
9329,625000	-0,689392
9329,750000	-0,681457
9329,875000	-0,691528
9330,000000	-0,689087
9330,125000	-0,675659
9330,250000	-0,693970
9330,375000	-0,690613
9330,500000	-0,693359
9330,625000	-0,672913
9330,750000	-0,703430
9330,875000	-0,687866
9331,000000	-0,690308
9331,125000	-0,688782
9331,250000	-0,687561
9331,375000	-0,677490
9331,500000	-0,669250
9331,625000	-0,666504
9331,750000	-0,669556
9331,875000	-0,679321
9332,000000	-0,683288
9332,125000	-0,710754
9332,250000	-0,710144
9332,375000	-0,699768
9332,500000	-0,660705
9332,625000	-0,693664
9332,750000	-0,693054
9332,875000	-0,664368
9333,000000	-0,678711
9333,125000	-0,665588
9333,250000	-0,672607
9333,375000	-0,674744
9333,500000	-0,690002
9333,625000	-0,692749
9333,750000	-0,704040
9333,875000	-0,679321
9334,000000	-0,674744
9334,125000	-0,699768
9334,250000	-0,694275
9334,375000	-0,684509
9334,500000	-0,684204
9334,625000	-0,698547
9334,750000	-0,676575
9334,875000	-0,702820
9335,000000	-0,688171
9335,125000	-0,688171
9335,250000	-0,671692
9335,375000	-0,670471
9335,500000	-0,677795
9335,625000	-0,679321
9335,750000	-0,690918
9335,875000	-0,668640
9336,000000	-0,701294
9336,125000	-0,685425
9336,250000	-0,685730
9336,375000	-0,701599
9336,500000	-0,686645
9336,625000	-0,664368
9336,750000	-0,662537
9336,875000	-0,671692
9337,000000	-0,645447
9337,125000	-0,681763
9337,250000	-0,679932
9337,375000	-0,678101
9337,500000	-0,664978
9337,625000	-0,671997
9337,750000	-0,675659
9337,875000	-0,668945
9338,000000	-0,712891
9338,125000	-0,652466
9338,250000	-0,674744
9338,375000	-0,682068
9338,500000	-0,681152
9338,625000	-0,668030
9338,750000	-0,676575
9338,875000	-0,635681
9339,000000	-0,671387
9339,125000	-0,671997
9339,250000	-0,692749
9339,375000	-0,678406
9339,500000	-0,664673
9339,625000	-0,667114
9339,750000	-0,676880
9339,875000	-0,679626
9340,000000	-0,685120
9340,125000	-0,693054
9340,250000	-0,692749
9340,375000	-0,699768
9340,500000	-0,677490
9340,625000	-0,667114
9340,750000	-0,673218
9340,875000	-0,677795
9341,000000	-0,656433
9341,125000	-0,660705
9341,250000	-0,659790
9341,375000	-0,661011
9341,500000	-0,714111
9341,625000	-0,648498
9341,750000	-0,646057
9341,875000	-0,718079
9342,000000	-0,717468
9342,125000	-0,686645
9342,250000	-0,699463
9342,375000	-0,685730
9342,500000	-0,684509
9342,625000	-0,660400
9342,750000	-0,705261
9342,875000	-0,662537
9343,000000	-0,629272
9343,125000	-0,628967
9343,250000	-0,720520
9343,375000	-0,654297
9343,500000	-0,678711
9343,625000	-0,677490
9343,750000	-0,648804
9343,875000	-0,668640
9344,000000	-0,664368
9344,125000	-0,697632
9344,250000	-0,697327
9344,375000	-0,659180
9344,500000	-0,684204
9344,625000	-0,666809
9344,750000	-0,662842
9344,875000	-0,665588
9345,000000	-0,660400
9345,125000	-0,679626
9345,250000	-0,668335
9345,375000	-0,668640
9345,500000	-0,655823
9345,625000	-0,675659
9345,750000	-0,673218
9345,875000	-0,688782
9346,000000	-0,688476
9346,125000	-0,664062
9346,250000	-0,671692
9346,375000	-0,698242
9346,500000	-0,697327
9346,625000	-0,661926
9346,750000	-0,671692
9346,875000	-0,687866
9347,000000	-0,652161
9347,125000	-0,653686
9347,250000	-0,692444
9347,375000	-0,650024
9347,500000	-0,681763
9347,625000	-0,679932
9347,750000	-0,661316
9347,875000	-0,676880
9348,000000	-0,697937
9348,125000	-0,685120
9348,250000	-0,684814
9348,375000	-0,691528
9348,500000	-0,666199
9348,625000	-0,713806
9348,750000	-0,708618
9348,875000	-0,692444
9349,000000	-0,699463
9349,125000	-0,688782
9349,250000	-0,690308
9349,375000	-0,691528
9349,500000	-0,635071
9349,625000	-0,680237
9349,750000	-0,660400
9349,875000	-0,667114
9350,000000	-0,671081
9350,125000	-0,657349
9350,250000	-0,688171
9350,375000	-0,669861
9350,500000	-0,668335
9350,625000	-0,653686
9350,750000	-0,686340
9350,875000	-0,683594
9351,000000	-0,681152
9351,125000	-0,678711
9351,250000	-0,681763
9351,375000	-0,638122
9351,500000	-0,702820
9351,625000	-0,703735
9351,750000	-0,687866
9351,875000	-0,693664
9352,000000	-0,662842
9352,125000	-0,682373
9352,250000	-0,682068
9352,375000	-0,648193
9352,500000	-0,683899
9352,625000	-0,712280
9352,750000	-0,712585
9352,875000	-0,657959
9353,000000	-0,680542
9353,125000	-0,647888
9353,250000	-0,654602
9353,375000	-0,652771
9353,500000	-0,686645
9353,625000	-0,680237
9353,750000	-0,664978
9353,875000	-0,635681
9354,000000	-0,640869
9354,125000	-0,663757
9354,250000	-0,669250
9354,375000	-0,656738
9354,500000	-0,657654
9354,625000	-0,661621
9354,750000	-0,681152
9354,875000	-0,664978
9355,000000	-0,661926
9355,125000	-0,661316
9355,250000	-0,696411
9355,375000	-0,661316
9355,500000	-0,682678
9355,625000	-0,682983
9355,750000	-0,670471
9355,875000	-0,671997
9356,000000	-0,660400
9356,125000	-0,655823
9356,250000	-0,656128
9356,375000	-0,680847
9356,500000	-0,677795
9356,625000	-0,678101
9356,750000	-0,676269
9356,875000	-0,675964
9357,000000	-0,702209
9357,125000	-0,651550
9357,250000	-0,719299
9357,375000	-0,718384
9357,500000	-0,667725
9357,625000	-0,688476
9357,750000	-0,646973
9357,875000	-0,608215
9358,000000	-0,612488
9358,125000	-0,676575
9358,250000	-0,659485
9358,375000	-0,706177
9358,500000	-0,704651
9358,625000	-0,668335
9358,750000	-0,692444
9358,875000	-0,671997
9359,000000	-0,692444
9359,125000	-0,691528
9359,250000	-0,690918
9359,375000	-0,652161
9359,500000	-0,684509
9359,625000	-0,685120
9359,750000	-0,687561
9359,875000	-0,686035
9360,000000	-0,668640
9360,125000	-0,665893
9360,250000	-0,665283
9360,375000	-0,701599
9360,500000	-0,655212
9360,625000	-0,665893
9360,750000	-0,665283
9360,875000	-0,677490
9361,000000	-0,653381
9361,125000	-0,647888
9361,250000	-0,673523
9361,375000	-0,675659
9361,500000	-0,676269
9361,625000	-0,670166
9361,750000	-0,654602
9361,875000	-0,656738
9362,000000	-0,674438
9362,125000	-0,675049
9362,250000	-0,660095
9362,375000	-0,639648
9362,500000	-0,640259
9362,625000	-0,659180
9362,750000	-0,641479
9362,875000	-0,657349
9363,000000	-0,654602
9363,125000	-0,650635
9363,250000	-0,659790
9363,375000	-0,647583
9363,500000	-0,642395
9363,625000	-0,641479
9363,750000	-0,643310
9363,875000	-0,673523
9364,000000	-0,666199
9364,125000	-0,630798
9364,250000	-0,635376
9364,375000	-0,639343
9364,500000	-0,661316
9364,625000	-0,643005
9364,750000	-0,642090
9364,875000	-0,681152
9365,000000	-0,648804
9365,125000	-0,639343
9365,250000	-0,639038
9365,375000	-0,640259
9365,500000	-0,664673
9365,625000	-0,667114
9365,750000	-0,630188
9365,875000	-0,632019
9366,000000	-0,651245
9366,125000	-0,625915
9366,250000	-0,659485
9366,375000	-0,670776
9366,500000	-0,669861
9366,625000	-0,661316
9366,750000	-0,657043
9366,875000	-0,671387
9367,000000	-0,668945
9367,125000	-0,664978
9367,250000	-0,691223
9367,375000	-0,668335
9367,500000	-0,678101
9367,625000	-0,676880
9367,750000	-0,672913
9367,875000	-0,641174
9368,000000	-0,665588
9368,125000	-0,662231
9368,250000	-0,656128
9368,375000	-0,649719
9368,500000	-0,665588
9368,625000	-0,644226
9368,750000	-0,643921
9368,875000	-0,626526
9369,000000	-0,643616
9369,125000	-0,645752
9369,250000	-0,655212
9369,375000	-0,653381
9369,500000	-0,655823
9369,625000	-0,659485
9369,750000	-0,631103
9369,875000	-0,628662
9370,000000	-0,655823
9370,125000	-0,660400
9370,250000	-0,649109
9370,375000	-0,656128
9370,500000	-0,653992
9370,625000	-0,654907
9370,750000	-0,661316
9370,875000	-0,621948
9371,000000	-0,632934
9371,125000	-0,638428
9371,250000	-0,662537
9371,375000	-0,677490
9371,500000	-0,635071
9371,625000	-0,634766
9371,750000	-0,677490
9371,875000	-0,661011
9372,000000	-0,640869
9372,125000	-0,675659
9372,250000	-0,672913
9372,375000	-0,640564
9372,500000	-0,656128
9372,625000	-0,644531
9372,750000	-0,643310
9372,875000	-0,663757
9373,000000	-0,651855
9373,125000	-0,680237
9373,250000	-0,638733
9373,375000	-0,638733
9373,500000	-0,644836
9373,625000	-0,655517
9373,750000	-0,624390
9373,875000	-0,620422
9374,000000	-0,648193
9374,125000	-0,691528
9374,250000	-0,635681
9374,375000	-0,632934
9374,500000	-0,630493
9374,625000	-0,635986
9374,750000	-0,648804
9374,875000	-0,639038
9375,000000	-0,643310
9375,125000	-0,646667
9375,250000	-0,619812
9375,375000	-0,643921
9375,500000	-0,641479
9375,625000	-0,640564
9375,750000	-0,632019
9375,875000	-0,627441
9376,000000	-0,600891
9376,125000	-0,653076
9376,250000	-0,652466
9376,375000	-0,631103
9376,500000	-0,639038
9376,625000	-0,657654
9376,750000	-0,655517
9376,875000	-0,639343
9377,000000	-0,584412
9377,125000	-0,654907
9377,250000	-0,656128
9377,375000	-0,655517
9377,500000	-0,618286
9377,625000	-0,640564
9377,750000	-0,645142
9377,875000	-0,644226
9378,000000	-0,625915
9378,125000	-0,612488
9378,250000	-0,627746
9378,375000	-0,612183
9378,500000	-0,610657
9378,625000	-0,654602
9378,750000	-0,625305
9378,875000	-0,621338
9379,000000	-0,615234
9379,125000	-0,599976
9379,250000	-0,626526
9379,375000	-0,616455
9379,500000	-0,624084
9379,625000	-0,625610
9379,750000	-0,618896
9379,875000	-0,644226
9380,000000	-0,648804
9380,125000	-0,640564
9380,250000	-0,640564
9380,375000	-0,653686
9380,500000	-0,632629
9380,625000	-0,617981
9380,750000	-0,617065
9380,875000	-0,663147
9381,000000	-0,628052
9381,125000	-0,628967
9381,250000	-0,631103
9381,375000	-0,630798
9381,500000	-0,604858
9381,625000	-0,600281
9381,750000	-0,610657
9381,875000	-0,608520
9382,000000	-0,607300
9382,125000	-0,634766
9382,250000	-0,648193
9382,375000	-0,636291
9382,500000	-0,635681
9382,625000	-0,653686
9382,750000	-0,640259
9382,875000	-0,610962
9383,000000	-0,588074
9383,125000	-0,624695
9383,250000	-0,632934
9383,375000	-0,659790
9383,500000	-0,637207
9383,625000	-0,635071
9383,750000	-0,598450
9383,875000	-0,640564
9384,000000	-0,616455
9384,125000	-0,603332
9384,250000	-0,607300
9384,375000	-0,616760
9384,500000	-0,647278
9384,625000	-0,643921
9384,750000	-0,645142
9384,875000	-0,614624
9385,000000	-0,609436
9385,125000	-0,618591
9385,250000	-0,620727
9385,375000	-0,620422
9385,500000	-0,588379
9385,625000	-0,602722
9385,750000	-0,636291
9385,875000	-0,635376
9386,000000	-0,611572
9386,125000	-0,599365
9386,250000	-0,596313
9386,375000	-0,601501
9386,500000	-0,601196
9386,625000	-0,602722
9386,750000	-0,589294
9386,875000	-0,620117
9387,000000	-0,615234
9387,125000	-0,628967
9387,250000	-0,619812
9387,375000	-0,610962
9387,500000	-0,597839
9387,625000	-0,597839
9387,750000	-0,609131
9387,875000	-0,618591
9388,000000	-0,611267
9388,125000	-0,617981
9388,250000	-0,623779
9388,375000	-0,586548
9388,500000	-0,583801
9388,625000	-0,649109
9388,750000	-0,649414
9388,875000	-0,606689
9389,000000	-0,625915
9389,125000	-0,585632
9389,250000	-0,578918
9389,375000	-0,635986
9389,500000	-0,592346
9389,625000	-0,587158
9389,750000	-0,585022
9389,875000	-0,586243
9390,000000	-0,582580
9390,125000	-0,594788
9390,250000	-0,621338
9390,375000	-0,597229
9390,500000	-0,599365
9390,625000	-0,601807
9390,750000	-0,562134
9390,875000	-0,575561
9391,000000	-0,575561
9391,125000	-0,601501
9391,250000	-0,594482
9391,375000	-0,590515
9391,500000	-0,597534
9391,625000	-0,598144
9391,750000	-0,581970
9391,875000	-0,592041
9392,000000	-0,576172
9392,125000	-0,575561
9392,250000	-0,588074
9392,375000	-0,581665
9392,500000	-0,583496
9392,625000	-0,604248
9392,750000	-0,602722
9392,875000	-0,603332
9393,000000	-0,573425
9393,125000	-0,588989
9393,250000	-0,585632
9393,375000	-0,570068
9393,500000	-0,587158
9393,625000	-0,642700
9393,750000	-0,582886
9393,875000	-0,581055
9394,000000	-0,630798
9394,125000	-0,567932
9394,250000	-0,605774
9394,375000	-0,555115
9394,500000	-0,561829
9394,625000	-0,556335
9394,750000	-0,597839
9394,875000	-0,566101
9395,000000	-0,565491
9395,125000	-0,559387
9395,250000	-0,554199
9395,375000	-0,549927
9395,500000	-0,562134
9395,625000	-0,561218
9395,750000	-0,556030
9395,875000	-0,562134
9396,000000	-0,575256
9396,125000	-0,575561
9396,250000	-0,542297
9396,375000	-0,569153
9396,500000	-0,592956
9396,625000	-0,571594
9396,750000	-0,571899
9396,875000	-0,563049
9397,000000	-0,578308
9397,125000	-0,559387
9397,250000	-0,555115
9397,375000	-0,555725
9397,500000	-0,567322
9397,625000	-0,585327
9397,750000	-0,563965
9397,875000	-0,561218
9398,000000	-0,573425
9398,125000	-0,538025
9398,250000	-0,555420
9398,375000	-0,541382
9398,500000	-0,545349
9398,625000	-0,570984
9398,750000	-0,515747
9398,875000	-0,512085
9399,000000	-0,511475
9399,125000	-0,542297
9399,250000	-0,520019
9399,375000	-0,552978
9399,500000	-0,532226
9399,625000	-0,530701
9399,750000	-0,513306
9399,875000	-0,556030
9400,000000	-0,551147
9400,125000	-0,551147
9400,250000	-0,536804
9400,375000	-0,532837
9400,500000	-0,515747
9400,625000	-0,546265
9400,750000	-0,545654
9400,875000	-0,555115
9401,000000	-0,548401
9401,125000	-0,528564
9401,250000	-0,528564
9401,375000	-0,545959
9401,500000	-0,541992
9401,625000	-0,499573
9401,750000	-0,528259
9401,875000	-0,528564
9402,000000	-0,514221
9402,125000	-0,528870
9402,250000	-0,535583
9402,375000	-0,517883
9402,500000	-0,510864
9402,625000	-0,503845
9402,750000	-0,516357
9402,875000	-0,535583
9403,000000	-0,536194
9403,125000	-0,524902
9403,250000	-0,514831
9403,375000	-0,530701
9403,500000	-0,511169
9403,625000	-0,512695
9403,750000	-0,537414
9403,875000	-0,525818
9404,000000	-0,534973
9404,125000	-0,535278
9404,250000	-0,496216
9404,375000	-0,499267
9404,500000	-0,521240
9404,625000	-0,481872
9404,750000	-0,482178
9404,875000	-0,511475
9405,000000	-0,487060
9405,125000	-0,502014
9405,250000	-0,502014
9405,375000	-0,509033
9405,500000	-0,516968
9405,625000	-0,515747
9405,750000	-0,518494
9405,875000	-0,518188
9406,000000	-0,514526
9406,125000	-0,484009
9406,250000	-0,515442
9406,375000	-0,510254
9406,500000	-0,495300
9406,625000	-0,513611
9406,750000	-0,478821
9406,875000	-0,460815
9407,000000	-0,462036
9407,125000	-0,488892
9407,250000	-0,494080
9407,375000	-0,493469
9407,500000	-0,491943
9407,625000	-0,491943
9407,750000	-0,472717
9407,875000	-0,468140
9408,000000	-0,528870
9408,125000	-0,528564
9408,250000	-0,484009
9408,375000	-0,492554
9408,500000	-0,497131
9408,625000	-0,496216
9408,750000	-0,495605
9408,875000	-0,502319
9409,000000	-0,489197
9409,125000	-0,484924
9409,250000	-0,484009
9409,375000	-0,458984
9409,500000	-0,466614
9409,625000	-0,489197
9409,750000	-0,451965
9409,875000	-0,450745
9410,000000	-0,487976
9410,125000	-0,473328
9410,250000	-0,487060
9410,375000	-0,483398
9410,500000	-0,467224
9410,625000	-0,472717
9410,750000	-0,488892
9410,875000	-0,476684
9411,000000	-0,476074
9411,125000	-0,509033
9411,250000	-0,459595
9411,375000	-0,429687
9411,500000	-0,464783
9411,625000	-0,473022
9411,750000	-0,429077
9411,875000	-0,454407
9412,000000	-0,443726
9412,125000	-0,443115
9412,250000	-0,493774
9412,375000	-0,472717
9412,500000	-0,447082
9412,625000	-0,444641
9412,750000	-0,443420
9412,875000	-0,463867
9413,000000	-0,455322
9413,125000	-0,452270
9413,250000	-0,452881
9413,375000	-0,444031
9413,500000	-0,416565
9413,625000	-0,434875
9413,750000	-0,421448
9413,875000	-0,423584
9414,000000	-0,404358
9414,125000	-0,458374
9414,250000	-0,459595
9414,375000	-0,458374
9414,500000	-0,439453
9414,625000	-0,396423
9414,750000	-0,454407
9414,875000	-0,426025
9415,000000	-0,426025
9415,125000	-0,420532
9415,250000	-0,424194
9415,375000	-0,446472
9415,500000	-0,455322
9415,625000	-0,457764
9415,750000	-0,399780
9415,875000	-0,405273
9416,000000	-0,450134
9416,125000	-0,449219
9416,250000	-0,430298
9416,375000	-0,381164
9416,500000	-0,421753
9416,625000	-0,376892
9416,750000	-0,376892
9416,875000	-0,424499
9417,000000	-0,402832
9417,125000	-0,426636
9417,250000	-0,420532
9417,375000	-0,422974
9417,500000	-0,379639
9417,625000	-0,416565
9417,750000	-0,428467
9417,875000	-0,427856
9418,000000	-0,404968
9418,125000	-0,376282
9418,250000	-0,380249
9418,375000	-0,407104
9418,500000	-0,409546
9418,625000	-0,391846
9418,750000	-0,393982
9418,875000	-0,383911
9419,000000	-0,381775
9419,125000	-0,416565
9419,250000	-0,375671
9419,375000	-0,384521
9419,500000	-0,386352
9419,625000	-0,386047
9419,750000	-0,383606
9419,875000	-0,394287
9420,000000	-0,409546
9420,125000	-0,408325
9420,250000	-0,399170
9420,375000	-0,382690
9420,500000	-0,381164
9420,625000	-0,435791
9420,750000	-0,434875
9420,875000	-0,382690
9421,000000	-0,383606
9421,125000	-0,363159
9421,250000	-0,360413
9421,375000	-0,399780
9421,500000	-0,342712
9421,625000	-0,389404
9421,750000	-0,378113
9421,875000	-0,375671
9422,000000	-0,327454
9422,125000	-0,356750
9422,250000	-0,334167
9422,375000	-0,370788
9422,500000	-0,373535
9422,625000	-0,354614
9422,750000	-0,360718
9422,875000	-0,347595
9423,000000	-0,347290
9423,125000	-0,366211
9423,250000	-0,369568
9423,375000	-0,356750
9423,500000	-0,323181
9423,625000	-0,321960
9423,750000	-0,349426
9423,875000	-0,354614
9424,000000	-0,384827
9424,125000	-0,383606
9424,250000	-0,343323
9424,375000	-0,356140
9424,500000	-0,339661
9424,625000	-0,311279
9424,750000	-0,311584
9424,875000	-0,361023
9425,000000	-0,340271
9425,125000	-0,344543
9425,250000	-0,342102
9425,375000	-0,346374
9425,500000	-0,307312
9425,625000	-0,309753
9425,750000	-0,346985
9425,875000	-0,346374
9426,000000	-0,308227
9426,125000	-0,328674
9426,250000	-0,334473
9426,375000	-0,374145
9426,500000	-0,364685
9426,625000	-0,307617
9426,750000	-0,327759
9426,875000	-0,323791
9427,000000	-0,324402
9427,125000	-0,287476
9427,250000	-0,294800
9427,375000	-0,266113
9427,500000	-0,282593
9427,625000	-0,284424
9427,750000	-0,323181
9427,875000	-0,294189
9428,000000	-0,330810
9428,125000	-0,330810
9428,250000	-0,265198
9428,375000	-0,328674
9428,500000	-0,287781
9428,625000	-0,268249
9428,750000	-0,267334
9428,875000	-0,289612
9429,000000	-0,270386
9429,125000	-0,277100
9429,250000	-0,273132
9429,375000	-0,232849
9429,500000	-0,262756
9429,625000	-0,299377
9429,750000	-0,280456
9429,875000	-0,279846
9430,000000	-0,260620
9430,125000	-0,289612
9430,250000	-0,256348
9430,375000	-0,273437
9430,500000	-0,249939
9430,625000	-0,265198
9430,750000	-0,248413
9430,875000	-0,236206
9431,000000	-0,234680
9431,125000	-0,256958
9431,250000	-0,252991
9431,375000	-0,236511
9431,500000	-0,291138
9431,625000	-0,293579
9431,750000	-0,236206
9431,875000	-0,246582
9432,000000	-0,228882
9432,125000	-0,226746
9432,250000	-0,254211
9432,375000	-0,245972
9432,500000	-0,252380
9432,625000	-0,228577
9432,750000	-0,227661
9432,875000	-0,232239
9433,000000	-0,236511
9433,125000	-0,232849
9433,250000	-0,230102
9433,375000	-0,193787
9433,500000	-0,213928
9433,625000	-0,220642
9433,750000	-0,224304
9433,875000	-0,223999
9434,000000	-0,205688
9434,125000	-0,214538
9434,250000	-0,224914
9434,375000	-0,220032
9434,500000	-0,183716
9434,625000	-0,217895
9434,750000	-0,213318
9434,875000	-0,190735
9435,000000	-0,189819
9435,125000	-0,209961
9435,250000	-0,180359
9435,375000	-0,167847
9435,500000	-0,177917
9435,625000	-0,179748
9435,750000	-0,207214
9435,875000	-0,202331
9436,000000	-0,219421
9436,125000	-0,218506
9436,250000	-0,204163
9436,375000	-0,189209
9436,500000	-0,144348
9436,625000	-0,177917
9436,750000	-0,176392
9436,875000	-0,172119
9437,000000	-0,184936
9437,125000	-0,171814
9437,250000	-0,167236
9437,375000	-0,153809
9437,500000	-0,148926
9437,625000	-0,141601
9437,750000	-0,174866
9437,875000	-0,173035
9438,000000	-0,155945
9438,125000	-0,184631
9438,250000	-0,164795
9438,375000	-0,161743
9438,500000	-0,144043
9438,625000	-0,141907
9438,750000	-0,140076
9438,875000	-0,133057
9439,000000	-0,131225
9439,125000	-0,157776
9439,250000	-0,139465
9439,375000	-0,154419
9439,500000	-0,125122
9439,625000	-0,126648
9439,750000	-0,138550
9439,875000	-0,135498
9440,000000	-0,132751
9440,125000	-0,130920
9440,250000	-0,126343
9440,375000	-0,111084
9440,500000	-0,119629
9440,625000	-0,132751
9440,750000	-0,131225
9440,875000	-0,144043
9441,000000	-0,090332
9441,125000	-0,110168
9441,250000	-0,108642
9441,375000	-0,095520
9441,500000	-0,116882
9441,625000	-0,100403
9441,750000	-0,088196
9441,875000	-0,087891
9442,000000	-0,103149
9442,125000	-0,105286
9442,250000	-0,075378
9442,375000	-0,075378
9442,500000	-0,084228
9442,625000	-0,098877
9442,750000	-0,109253
9442,875000	-0,071106
9443,000000	-0,068054
9443,125000	-0,088806
9443,250000	-0,079346
9443,375000	-0,059509
9443,500000	-0,077820
9443,625000	-0,057983
9443,750000	-0,041504
9443,875000	-0,055542
9444,000000	-0,072327
9444,125000	-0,070496
9444,250000	-0,047913
9444,375000	-0,038147
9444,500000	-0,022888
9444,625000	-0,056152
9444,750000	-0,057983
9444,875000	-0,046387
9445,000000	-0,038147
9445,125000	-0,042725
9445,250000	-0,043640
9445,375000	-0,032959
9445,500000	-0,028381
9445,625000	-0,037842
9445,750000	-0,047913
9445,875000	-0,049133
9446,000000	-0,000915
9446,125000	0,007324
9446,250000	-0,060730
9446,375000	-0,057373
9446,500000	-0,021057
9446,625000	-0,004578
9446,750000	-0,030823
9446,875000	-0,016174
9447,000000	-0,014648
9447,125000	0,001831
9447,250000	-0,018921
9447,375000	0,025635
9447,500000	0,026245
9447,625000	-0,014343
9447,750000	-0,007629
9447,875000	-0,014343
9448,000000	0,017090
9448,125000	0,016174
9448,250000	0,024414
9448,375000	0,011902
9448,500000	0,018005
9448,625000	0,018005
9448,750000	-0,002746
9448,875000	0,022278
9449,000000	0,000610
9449,125000	0,023804
9449,250000	0,022583
9449,375000	0,025025
9449,500000	0,042114
9449,625000	-0,002136
9449,750000	0,044556
9449,875000	0,045471
9450,000000	0,000610
9450,125000	0,016785
9450,250000	0,045776
9450,375000	0,045166
9450,500000	0,008850
9450,625000	0,061340
9450,750000	0,049744
9450,875000	0,037537
9451,000000	0,037537
9451,125000	0,037842
9451,250000	0,086670
9451,375000	0,054932
9451,500000	0,056152
9451,625000	0,068054
9451,750000	0,068359
9451,875000	0,064392
9452,000000	0,052795
9452,125000	0,053711
9452,250000	0,067749
9452,375000	0,058899
9452,500000	0,108032
9452,625000	0,087280
9452,750000	0,085144
9452,875000	0,084534
9453,000000	0,090027
9453,125000	0,088501
9453,250000	0,087280
9453,375000	0,095215
9453,500000	0,084229
9453,625000	0,111694
9453,750000	0,073242
9453,875000	0,072022
9454,000000	0,107117
9454,125000	0,123596
9454,250000	0,070801
9454,375000	0,072632
9454,500000	0,101624
9454,625000	0,105896
9454,750000	0,109558
9454,875000	0,116272
9455,000000	0,118713
9455,125000	0,112610
9455,250000	0,131836
9455,375000	0,107727
9455,500000	0,110169
9455,625000	0,149231
9455,750000	0,125122
9455,875000	0,130310
9456,000000	0,139160
9456,125000	0,140991
9456,250000	0,142517
9456,375000	0,149231
9456,500000	0,174255
9456,625000	0,127258
9456,750000	0,125427
9456,875000	0,140686
9457,000000	0,155335
9457,125000	0,155640
9457,250000	0,155029
9457,375000	0,155335
9457,500000	0,173645
9457,625000	0,151978
9457,750000	0,184326
9457,875000	0,183716
9458,000000	0,154419
9458,125000	0,191345
9458,250000	0,155640
9458,375000	0,155640
9458,500000	0,124512
9458,625000	0,133972
9458,750000	0,173035
9458,875000	0,146179
9459,000000	0,147400
9459,125000	0,184631
9459,250000	0,121765
9459,375000	0,165405
9459,500000	0,167847
9459,625000	0,236816
9459,750000	0,180054
9459,875000	0,196228
9460,000000	0,167847
9460,125000	0,170899
9460,250000	0,172730
9460,375000	0,192566
9460,500000	0,151367
9460,625000	0,190125
9460,750000	0,195007
9460,875000	0,196533
9461,000000	0,197754
9461,125000	0,230408
9461,250000	0,231934
9461,375000	0,200501
9461,500000	0,206299
9461,625000	0,212097
9461,750000	0,215454
9461,875000	0,214539
9462,000000	0,212097
9462,125000	0,209045
9462,250000	0,257568
9462,375000	0,255432
9462,500000	0,224609
9462,625000	0,214539
9462,750000	0,206604
9462,875000	0,231323
9463,000000	0,231934
9463,125000	0,224304
9463,250000	0,275879
9463,375000	0,262756
9463,500000	0,264282
9463,625000	0,237427
9463,750000	0,258789
9463,875000	0,257568
9464,000000	0,241699
9464,125000	0,240479
9464,250000	0,251465
9464,375000	0,275879
9464,500000	0,257263
9464,625000	0,248413
9464,750000	0,267944
9464,875000	0,284119
9465,000000	0,267639
9465,125000	0,243225
9465,250000	0,245361
9465,375000	0,259094
9465,500000	0,239868
9465,625000	0,268250
9465,750000	0,300293
9465,875000	0,298157
9466,000000	0,251160
9466,125000	0,313416
9466,250000	0,264587
9466,375000	0,266113
9466,500000	0,321961
9466,625000	0,304566
9466,750000	0,336609
9466,875000	0,296631
9467,000000	0,296936
9467,125000	0,283508
9467,250000	0,283203
9467,375000	0,270691
9467,500000	0,272827
9467,625000	0,294190
9467,750000	0,315552
9467,875000	0,287171
9468,000000	0,269470
9468,125000	0,269165
9468,250000	0,285645
9468,375000	0,321045
9468,500000	0,317688
9468,625000	0,320740
9468,750000	0,307312
9468,875000	0,325928
9469,000000	0,335388
9469,125000	0,317383
9469,250000	0,317993
9469,375000	0,339966
9469,500000	0,351257
9469,625000	0,384216
9469,750000	0,379334
9469,875000	0,379334
9470,000000	0,344544
9470,125000	0,386353
9470,250000	0,360413
9470,375000	0,361328
9470,500000	0,364685
9470,625000	0,394287
9470,750000	0,357056
9470,875000	0,399780
9471,000000	0,401611
9471,125000	0,376282
9471,250000	0,446472
9471,375000	0,394898
9471,500000	0,395508
9471,625000	0,382080
9471,750000	0,438233
9471,875000	0,406494
9472,000000	0,441589
9472,125000	0,441589
9472,250000	0,404053
9472,375000	0,403442
9472,500000	0,430908
9472,625000	0,432434
9472,750000	0,422058
9472,875000	0,370483
9473,000000	0,375061
9473,125000	0,415955
9473,250000	0,418396
9473,375000	0,399780
9473,500000	0,397949
9473,625000	0,375671
9473,750000	0,374451
9473,875000	0,366516
9474,000000	0,396729
9474,125000	0,418701
9474,250000	0,408020
9474,375000	0,406799
9474,500000	0,428162
9474,625000	0,440979
9474,750000	0,425720
9474,875000	0,426941
9475,000000	0,397339
9475,125000	0,407715
9475,250000	0,405884
9475,375000	0,421448
9475,500000	0,421753
9475,625000	0,415039
9475,750000	0,410767
9475,875000	0,437317
9476,000000	0,421143
9476,125000	0,420532
9476,250000	0,410767
9476,375000	0,406494
9476,500000	0,388489
9476,625000	0,388794
9476,750000	0,398865
9476,875000	0,446472
9477,000000	0,414734
9477,125000	0,430603
9477,250000	0,432129
9477,375000	0,451355
9477,500000	0,446472
9477,625000	0,467224
9477,750000	0,465698
9477,875000	0,440674
9478,000000	0,437317
9478,125000	0,455017
9478,250000	0,441895
9478,375000	0,441589
9478,500000	0,429077
9478,625000	0,442200
9478,750000	0,467529
9478,875000	0,469971
9479,000000	0,438843
9479,125000	0,462036
9479,250000	0,433655
9479,375000	0,444946
9479,500000	0,444946
9479,625000	0,446777
9479,750000	0,474548
9479,875000	0,453491
9480,000000	0,424500
9480,125000	0,425415
9480,250000	0,445557
9480,375000	0,464172
9480,500000	0,444946
9480,625000	0,445557
9480,750000	0,452881
9480,875000	0,456238
9481,000000	0,483093
9481,125000	0,468140
9481,250000	0,470276
9481,375000	0,457153
9481,500000	0,474243
9481,625000	0,454407
9481,750000	0,443726
9481,875000	0,504761
9482,000000	0,443115
9482,125000	0,483093
9482,250000	0,463257
9482,375000	0,462341
9482,500000	0,483093
9482,625000	0,474243
9482,750000	0,458679
9482,875000	0,442505
9483,000000	0,442810
9483,125000	0,498352
9483,250000	0,516663
9483,375000	0,489197
9483,500000	0,490112
9483,625000	0,488892
9483,750000	0,466309
9483,875000	0,484619
9484,000000	0,490112
9484,125000	0,491943
9484,250000	0,514526
9484,375000	0,474243
9484,500000	0,482178
9484,625000	0,481873
9484,750000	0,473023
9484,875000	0,466004
9485,000000	0,490723
9485,125000	0,463867
9485,250000	0,464478
9485,375000	0,447998
9485,500000	0,495300
9485,625000	0,476074
9485,750000	0,478516
9485,875000	0,528565
9486,000000	0,493164
9486,125000	0,519409
9486,250000	0,473023
9486,375000	0,474548
9486,500000	0,497131
9486,625000	0,487976
9486,750000	0,518799
9486,875000	0,520020
9487,000000	0,521546
9487,125000	0,461426
9487,250000	0,537415
9487,375000	0,466309
9487,500000	0,467529
9487,625000	0,502625
9487,750000	0,517883
9487,875000	0,506592
9488,000000	0,491638
9488,125000	0,506897
9488,250000	0,496826
9488,375000	0,512695
9488,500000	0,500488
9488,625000	0,500794
9488,750000	0,477600
9488,875000	0,501404
9489,000000	0,511170
9489,125000	0,480347
9489,250000	0,481262
9489,375000	0,499268
9489,500000	0,502014
9489,625000	0,486755
9489,750000	0,489197
9489,875000	0,490418
9490,000000	0,490112
9490,125000	0,491943
9490,250000	0,497131
9490,375000	0,498352
9490,500000	0,487061
9490,625000	0,478516
9490,750000	0,512085
9490,875000	0,481873
9491,000000	0,479736
9491,125000	0,504761
9491,250000	0,505066
9491,375000	0,512390
9491,500000	0,513306
9491,625000	0,474243
9491,750000	0,492554
9491,875000	0,524902
9492,000000	0,480957
9492,125000	0,482178
9492,250000	0,529480
9492,375000	0,492554
9492,500000	0,493469
9492,625000	0,493775
9492,750000	0,476990
9492,875000	0,488587
9493,000000	0,484924
9493,125000	0,516663
9493,250000	0,515747
9493,375000	0,526428
9493,500000	0,474854
9493,625000	0,494995
9493,750000	0,494385
9493,875000	0,491943
9494,000000	0,490723
9494,125000	0,529785
9494,250000	0,521240
9494,375000	0,523987
9494,500000	0,513001
9494,625000	0,511475
9494,750000	0,484314
9494,875000	0,484009
9495,000000	0,499573
9495,125000	0,504456
9495,250000	0,506592
9495,375000	0,466309
9495,500000	0,466919
9495,625000	0,492859
9495,750000	0,494995
9495,875000	0,488892
9496,000000	0,492859
9496,125000	0,486145
9496,250000	0,482788
9496,375000	0,482483
9496,500000	0,502319
9496,625000	0,503540
9496,750000	0,488892
9496,875000	0,444946
9497,000000	0,514832
9497,125000	0,468140
9497,250000	0,468445
9497,375000	0,479431
9497,500000	0,446167
9497,625000	0,471802
9497,750000	0,471802
9497,875000	0,484619
9498,000000	0,483399
9498,125000	0,476990
9498,250000	0,492249
9498,375000	0,494690
9498,500000	0,478516
9498,625000	0,509949
9498,750000	0,480957
9498,875000	0,480957
9499,000000	0,485535
9499,125000	0,494995
9499,250000	0,469055
9499,375000	0,482788
9499,500000	0,482483
9499,625000	0,488587
9499,750000	0,502014
9499,875000	0,461426
9500,000000	0,463867
9500,125000	0,465698
9500,250000	0,462036
9500,375000	0,500183
9500,500000	0,470581
9500,625000	0,470886
9500,750000	0,471191
9500,875000	0,451355
9501,000000	0,470276
9501,125000	0,505371
9501,250000	0,502014
9501,375000	0,493775
9501,500000	0,468140
9501,625000	0,477600
9501,750000	0,479126
9501,875000	0,469666
9502,000000	0,449219
9502,125000	0,466614
9502,250000	0,436707
9502,375000	0,436401
9502,500000	0,480347
9502,625000	0,457764
9502,750000	0,477600
9502,875000	0,477600
9503,000000	0,465088
9503,125000	0,411682
9503,250000	0,482788
9503,375000	0,429993
9503,500000	0,430298
9503,625000	0,457459
9503,750000	0,424194
9503,875000	0,423279
9504,000000	0,425110
9504,125000	0,444641
9504,250000	0,455322
9504,375000	0,452271
9504,500000	0,425110
9504,625000	0,424805
9504,750000	0,450440
9504,875000	0,449524
9505,000000	0,463257
9505,125000	0,448914
9505,250000	0,447083
9505,375000	0,450745
9505,500000	0,463257
9505,625000	0,419617
9505,750000	0,419617
9505,875000	0,417481
9506,000000	0,404663
9506,125000	0,434876
9506,250000	0,431519
9506,375000	0,429688
9506,500000	0,435791
9506,625000	0,428772
9506,750000	0,440674
9506,875000	0,442810
9507,000000	0,433960
9507,125000	0,436096
9507,250000	0,426636
9507,375000	0,395203
9507,500000	0,394287
9507,625000	0,412293
9507,750000	0,434570
9507,875000	0,385132
9508,000000	0,386963
9508,125000	0,383911
9508,250000	0,380249
9508,375000	0,416870
9508,500000	0,379028
9508,625000	0,379944
9508,750000	0,410462
9508,875000	0,414429
9509,000000	0,437317
9509,125000	0,392761
9509,250000	0,412293
9509,375000	0,375061
9509,500000	0,395508
9509,625000	0,371094
9509,750000	0,372620
9509,875000	0,408936
9510,000000	0,408630
9510,125000	0,384827
9510,250000	0,392456
9510,375000	0,391846
9510,500000	0,320740
9510,625000	0,403137
9510,750000	0,380859
9510,875000	0,381165
9511,000000	0,351257
9511,125000	0,380859
9511,250000	0,386353
9511,375000	0,345154
9511,500000	0,346375
9511,625000	0,365906
9511,750000	0,349732
9511,875000	0,339356
9512,000000	0,340881
9512,125000	0,378418
9512,250000	0,362549
9512,375000	0,334778
9512,500000	0,348511
9512,625000	0,349426
9512,750000	0,334473
9512,875000	0,360718
9513,000000	0,331421
9513,125000	0,315247
9513,250000	0,349732
9513,375000	0,336914
9513,500000	0,363159
9513,625000	0,331116
9513,750000	0,332031
9513,875000	0,358276
9514,000000	0,346375
9514,125000	0,323792
9514,250000	0,333252
9514,375000	0,333252
9514,500000	0,332337
9514,625000	0,355225
9514,750000	0,325317
9514,875000	0,325928
9515,000000	0,316467
9515,125000	0,317383
9515,250000	0,334473
9515,375000	0,321045
9515,500000	0,321655
9515,625000	0,333252
9515,750000	0,335388
9515,875000	0,279541
9516,000000	0,337219
9516,125000	0,337219
9516,250000	0,314941
9516,375000	0,284424
9516,500000	0,277405
9516,625000	0,280151
9516,750000	0,318909
9516,875000	0,285034
9517,000000	0,312195
9517,125000	0,341187
9517,250000	0,341187
9517,375000	0,267944
9517,500000	0,307617
9517,625000	0,265808
9517,750000	0,265198
9517,875000	0,309143
9518,000000	0,281983
9518,125000	0,271607
9518,250000	0,289612
9518,375000	0,290833
9518,500000	0,289307
9518,625000	0,265503
9518,750000	0,328064
9518,875000	0,329590
9519,000000	0,243836
9519,125000	0,265808
9519,250000	0,261231
9519,375000	0,279236
9519,500000	0,279236
9519,625000	0,278320
9519,750000	0,236511
9519,875000	0,270081
9520,000000	0,271912
9520,125000	0,268555
9520,250000	0,275879
9520,375000	0,264893
9520,500000	0,259094
9520,625000	0,261231
9520,750000	0,250855
9520,875000	0,255737
9521,000000	0,208740
9521,125000	0,210571
9521,250000	0,206909
9521,375000	0,207825
9521,500000	0,206909
9521,625000	0,253906
9521,750000	0,255737
9521,875000	0,237122
9522,000000	0,198670
9522,125000	0,212097
9522,250000	0,259705
9522,375000	0,260315
9522,500000	0,217590
9522,625000	0,217590
9522,750000	0,232849
9522,875000	0,236206
9523,000000	0,189819
9523,125000	0,185852
9523,250000	0,191956
9523,375000	0,205994
9523,500000	0,208130
9523,625000	0,199585
9523,750000	0,216370
9523,875000	0,200806
9524,000000	0,175781
9524,125000	0,175476
9524,250000	0,173645
9524,375000	0,203552
9524,500000	0,168152
9524,625000	0,170288
9524,750000	0,176697
9524,875000	0,162354
9525,000000	0,155335
9525,125000	0,161133
9525,250000	0,158081
9525,375000	0,119019
9525,500000	0,187073
9525,625000	0,192871
9525,750000	0,195007
9525,875000	0,165100
9526,000000	0,142212
9526,125000	0,164490
9526,250000	0,144043
9526,375000	0,144653
9526,500000	0,150452
9526,625000	0,117493
9526,750000	0,128174
9526,875000	0,128479
9527,000000	0,138245
9527,125000	0,138550
9527,250000	0,121155
9527,375000	0,140381
9527,500000	0,140076
9527,625000	0,122681
9527,750000	0,124207
9527,875000	0,086060
9528,000000	0,115662
9528,125000	0,140686
9528,250000	0,097046
9528,375000	0,137634
9528,500000	0,102539
9528,625000	0,102234
9528,750000	0,110779
9528,875000	0,077210
9529,000000	0,068359
9529,125000	0,069580
9529,250000	0,079041
9529,375000	0,086365
9529,500000	0,078735
9529,625000	0,065308
9529,750000	0,067749
9529,875000	0,061340
9530,000000	0,053711
9530,125000	0,066223
9530,250000	0,052490
9530,375000	0,050049
9530,500000	0,061340
9530,625000	0,057373
9530,750000	0,050049
9530,875000	0,049133
9531,000000	0,055542
9531,125000	0,063171
9531,250000	0,040283
9531,375000	0,027466
9531,500000	0,029907
9531,625000	0,037232
9531,750000	0,052795
9531,875000	0,008240
9532,000000	0,009155
9532,125000	0,075684
9532,250000	0,034180
9532,375000	0,047608
9532,500000	0,044861
9532,625000	0,044251
9532,750000	0,009461
9532,875000	0,052185
9533,000000	0,045166
9533,125000	0,047608
9533,250000	0,033569
9533,375000	-0,002746
9533,500000	0,025025
9533,625000	0,018616
9533,750000	0,018616
9533,875000	0,025330
9534,000000	0,012207
9534,125000	0,028992
9534,250000	-0,017090
9534,375000	-0,018005
9534,500000	-0,004578
9534,625000	0,021362
9534,750000	0,001526
9534,875000	0,002747
9535,000000	0,027161
9535,125000	-0,010986
9535,250000	0,008850
9535,375000	0,021362
9535,500000	0,018921
9535,625000	-0,009766
9535,750000	-0,016479
9535,875000	0,020447
9536,000000	0,018311
9536,125000	-0,023498
9536,250000	0,003967
9536,375000	-0,017700
9536,500000	-0,013733
9536,625000	-0,011291
9536,750000	-0,026245
9536,875000	-0,054626
9537,000000	0,003357
9537,125000	0,004578
9537,250000	-0,046692
9537,375000	-0,035705
9537,500000	-0,030517
9537,625000	-0,041809
9537,750000	-0,040283
9537,875000	-0,033874
9538,000000	-0,034485
9538,125000	-0,060120
9538,250000	-0,106811
9538,375000	-0,090942
9538,500000	-0,054932
9538,625000	-0,053711
9538,750000	-0,028992
9538,875000	-0,028992
9539,000000	-0,058899
9539,125000	-0,021362
9539,250000	-0,036621
9539,375000	-0,073547
9539,500000	-0,074463
9539,625000	-0,063782
9539,750000	-0,067444
9539,875000	-0,118103
9540,000000	-0,115662
9540,125000	-0,087585
9540,250000	-0,086059
9540,375000	-0,095215
9540,500000	-0,059509
9540,625000	-0,060730
9540,750000	-0,077820
9540,875000	-0,055237
9541,000000	-0,097046
9541,125000	-0,095825
9541,250000	-0,109253
9541,375000	-0,095520
9541,500000	-0,089416
9541,625000	-0,104980
9541,750000	-0,100708
9541,875000	-0,066833
9542,000000	-0,108642
9542,125000	-0,097351
9542,250000	-0,112305
9542,375000	-0,111389
9542,500000	-0,120544
9542,625000	-0,120544
9542,750000	-0,104675
9542,875000	-0,102234
9543,000000	-0,111084
9543,125000	-0,161438
9543,250000	-0,120544
9543,375000	-0,138550
9543,500000	-0,138550
9543,625000	-0,119934
9543,750000	-0,134277
9543,875000	-0,155334
9544,000000	-0,154724
9544,125000	-0,119018
9544,250000	-0,133972
9544,375000	-0,121460
9544,500000	-0,154419
9544,625000	-0,151672
9544,750000	-0,128784
9544,875000	-0,147095
9545,000000	-0,135803
9545,125000	-0,132446
9545,250000	-0,169678
9545,375000	-0,135498
9545,500000	-0,142212
9545,625000	-0,173035
9545,750000	-0,171204
9545,875000	-0,135803
9546,000000	-0,167847
9546,125000	-0,184631
9546,250000	-0,180054
9546,375000	-0,201416
9546,500000	-0,149231
9546,625000	-0,183716
9546,750000	-0,160522
9546,875000	-0,157776
9547,000000	-0,192261
9547,125000	-0,191955
9547,250000	-0,212402
9547,375000	-0,186157
9547,500000	-0,189819
9547,625000	-0,182495
9547,750000	-0,203552
9547,875000	-0,193176
9548,000000	-0,190124
9548,125000	-0,222473
9548,250000	-0,198059
9548,375000	-0,214538
9548,500000	-0,224914
9548,625000	-0,223694
9548,750000	-0,236206
9548,875000	-0,219116
9549,000000	-0,222168
9549,125000	-0,217895
9549,250000	-0,220032
9549,375000	-0,215149
9549,500000	-0,221558
9549,625000	-0,252380
9549,750000	-0,253296
9549,875000	-0,236816
9550,000000	-0,252380
9550,125000	-0,243835
9550,250000	-0,237427
9550,375000	-0,227966
9550,500000	-0,250854
9550,625000	-0,250549
9550,750000	-0,219726
9550,875000	-0,216370
9551,000000	-0,250244
9551,125000	-0,218811
9551,250000	-0,245361
9551,375000	-0,246582
9551,500000	-0,249939
9551,625000	-0,262756
9551,750000	-0,261536
9551,875000	-0,277710
9552,000000	-0,275268
9552,125000	-0,247192
9552,250000	-0,289307
9552,375000	-0,257568
9552,500000	-0,300293
9552,625000	-0,299988
9552,750000	-0,310974
9552,875000	-0,239563
9553,000000	-0,291138
9553,125000	-0,289307
9553,250000	-0,299683
9553,375000	-0,272522
9553,500000	-0,287781
9553,625000	-0,316162
9553,750000	-0,316467
9553,875000	-0,270080
9554,000000	-0,284424
9554,125000	-0,313110
9554,250000	-0,308227
9554,375000	-0,311584
9554,500000	-0,329285
9554,625000	-0,295715
9554,750000	-0,300293
9554,875000	-0,297851
9555,000000	-0,285644
9555,125000	-0,301819
9555,250000	-0,325317
9555,375000	-0,320434
9555,500000	-0,324402
9555,625000	-0,331421
9555,750000	-0,319824
9555,875000	-0,288696
9556,000000	-0,287781
9556,125000	-0,331421
9556,250000	-0,350037
9556,375000	-0,356445
9556,500000	-0,359497
9556,625000	-0,356750
9556,750000	-0,330810
9556,875000	-0,338745
9557,000000	-0,354004
9557,125000	-0,351257
9557,250000	-0,327454
9557,375000	-0,322876
9557,500000	-0,374451
9557,625000	-0,336304
9557,750000	-0,335693
9557,875000	-0,344543
9558,000000	-0,372314
9558,125000	-0,350647
9558,250000	-0,346374
9558,375000	-0,385742
9558,500000	-0,347595
9558,625000	-0,343017
9558,750000	-0,332947
9558,875000	-0,331726
9559,000000	-0,334778
9559,125000	-0,379028
9559,250000	-0,376587
9559,375000	-0,389709
9559,500000	-0,392456
9559,625000	-0,356750
9559,750000	-0,376892
9559,875000	-0,361633
9560,000000	-0,359802
9560,125000	-0,365906
9560,250000	-0,391540
9560,375000	-0,375366
9560,500000	-0,391846
9560,625000	-0,389709
9560,750000	-0,378418
9560,875000	-0,396728
9561,000000	-0,365295
9561,125000	-0,364685
9561,250000	-0,399780
9561,375000	-0,406189
9561,500000	-0,432739
9561,625000	-0,374145
9561,750000	-0,371399
9561,875000	-0,390625
9562,000000	-0,404053
9562,125000	-0,417786
9562,250000	-0,413818
9562,375000	-0,418091
9562,500000	-0,359497
9562,625000	-0,413208
9562,750000	-0,405273
9562,875000	-0,405884
9563,000000	-0,444641
9563,125000	-0,376892
9563,250000	-0,407104
9563,375000	-0,439453
9563,500000	-0,419311
9563,625000	-0,438843
9563,750000	-0,398865
9563,875000	-0,415039
9564,000000	-0,413208
9564,125000	-0,403442
9564,250000	-0,410767
9564,375000	-0,406494
9564,500000	-0,408935
9564,625000	-0,409851
9564,750000	-0,451050
9564,875000	-0,422058
9565,000000	-0,464783
9565,125000	-0,459595
9565,250000	-0,424194
9565,375000	-0,439758
9565,500000	-0,451965
9565,625000	-0,450745
9565,750000	-0,451355
9565,875000	-0,445557
9566,000000	-0,467529
9566,125000	-0,435181
9566,250000	-0,429077
9566,375000	-0,431824
9566,500000	-0,460815
9566,625000	-0,448608
9566,750000	-0,448608
9566,875000	-0,449829
9567,000000	-0,468445
9567,125000	-0,437622
9567,250000	-0,444946
9567,375000	-0,485229
9567,500000	-0,483398
9567,625000	-0,450745
9567,750000	-0,471191
9567,875000	-0,472717
9568,000000	-0,471191
9568,125000	-0,479736
9568,250000	-0,448303
9568,375000	-0,458374
9568,500000	-0,463257
9568,625000	-0,465393
9568,750000	-0,523376
9568,875000	-0,491333
9569,000000	-0,491638
9569,125000	-0,490112
9569,250000	-0,463257
9569,375000	-0,488281
9569,500000	-0,472412
9569,625000	-0,482178
9569,750000	-0,480957
9569,875000	-0,502319
9570,000000	-0,470276
9570,125000	-0,475159
9570,250000	-0,471191
9570,375000	-0,507507
9570,500000	-0,478210
9570,625000	-0,499878
9570,750000	-0,515442
9570,875000	-0,513611
9571,000000	-0,506592
9571,125000	-0,493164
9571,250000	-0,489807
9571,375000	-0,495605
9571,500000	-0,504761
9571,625000	-0,523987
9571,750000	-0,485229
9571,875000	-0,513306
9572,000000	-0,512390
9572,125000	-0,502930
9572,250000	-0,538635
9572,375000	-0,487976
9572,500000	-0,499267
9572,625000	-0,499573
9572,750000	-0,508728
9572,875000	-0,500488
9573,000000	-0,515442
9573,125000	-0,514526
9573,250000	-0,530395
9573,375000	-0,514221
9573,500000	-0,520019
9573,625000	-0,498352
9573,750000	-0,495300
9573,875000	-0,544128
9574,000000	-0,505066
9574,125000	-0,523376
9574,250000	-0,515137
9574,375000	-0,513000
9574,500000	-0,496826
9574,625000	-0,532837
9574,750000	-0,536804
9574,875000	-0,527038
9575,000000	-0,526428
9575,125000	-0,560608
9575,250000	-0,544434
9575,375000	-0,543823
9575,500000	-0,543518
9575,625000	-0,538635
9575,875000	-0,558472
9576,000000	-0,562744
9576,125000	-0,545349
9576,250000	-0,502014
9576,375000	-0,539246
9576,500000	-0,592346
9580,625000	-0,592346
9580,750000	-0,592346
9580,875000	-0,584717
9581,000000	-0,571594
9581,125000	-0,570679
9581,250000	-0,609436
9581,375000	-0,544739
9581,500000	-0,594482
9581,625000	-0,578003
9581,750000	-0,577087
9581,875000	-0,576172
9582,000000	-0,576782
9582,125000	-0,558166
9582,250000	-0,558166
9582,375000	-0,583496
9582,500000	-0,563965
9582,625000	-0,633850
9582,750000	-0,584717
9582,875000	-0,585937
9583,000000	-0,611267
9583,125000	-0,621948
9583,250000	-0,587463
9583,375000	-0,591431
9583,500000	-0,590515
9583,625000	-0,571899
9583,750000	-0,556335
9583,875000	-0,583801
9584,000000	-0,583801
9584,125000	-0,579529
9584,250000	-0,585327
9584,375000	-0,608520
9584,500000	-0,570373
9584,625000	-0,572510
9584,750000	-0,583191
9584,875000	-0,567017
9585,000000	-0,567017
9585,125000	-0,564880
9585,250000	-0,603332
9585,375000	-0,619812
9585,500000	-0,549621
9585,625000	-0,600586
9585,750000	-0,600281
9585,875000	-0,606995
9586,000000	-0,612793
9586,125000	-0,603027
9586,250000	-0,610962
9586,375000	-0,617371
9586,500000	-0,610046
9586,625000	-0,606079
9586,750000	-0,601501
9586,875000	-0,601807
9587,000000	-0,636902
9587,125000	-0,608520
9587,250000	-0,610046
9587,375000	-0,606995
9587,500000	-0,604858
9587,625000	-0,613403
9587,750000	-0,618286
9587,875000	-0,568237
9588,000000	-0,567627
9588,125000	-0,599670
9588,250000	-0,595398
9588,375000	-0,622864
9588,500000	-0,632629
9588,625000	-0,632934
9588,750000	-0,599976
9588,875000	-0,644531
9589,000000	-0,617981
9589,125000	-0,614624
9589,250000	-0,603943
9589,375000	-0,631103
9589,500000	-0,598755
9589,625000	-0,612183
9589,750000	-0,609436
9589,875000	-0,590210
9590,000000	-0,606079
9590,125000	-0,599365
9590,250000	-0,632934
9590,375000	-0,637817
9590,500000	-0,604553
9590,625000	-0,605774
9590,750000	-0,583496
9590,875000	-0,583496
9591,000000	-0,651855
9591,125000	-0,606995
9591,250000	-0,620727
9591,375000	-0,597839
9591,500000	-0,597839
9591,625000	-0,608826
9591,750000	-0,610046
9591,875000	-0,603943
9592,000000	-0,604553
9592,125000	-0,609741
9592,250000	-0,614929
9592,375000	-0,628967
9592,500000	-0,626831
9592,625000	-0,626526
9592,750000	-0,612183
9592,875000	-0,608520
9593,000000	-0,607910
9593,125000	-0,605163
9593,250000	-0,630188
9593,375000	-0,605774
9593,500000	-0,593872
9593,625000	-0,594482
9593,750000	-0,596924
9593,875000	-0,627746
9594,000000	-0,636291
9594,125000	-0,656128
9594,250000	-0,595398
9594,375000	-0,600281
9594,500000	-0,632934
9594,625000	-0,615845
9594,750000	-0,652161
9594,875000	-0,651245
9595,000000	-0,531616
9595,125000	-0,638122
9595,250000	-0,664978
9595,375000	-0,600586
9595,500000	-0,600891
9595,625000	-0,594482
9595,750000	-0,676880
9595,875000	-0,517578
9596,000000	-0,516357
9596,125000	-0,638122
9596,250000	-0,624390
9596,375000	-0,578918
9596,500000	-0,657349
9596,625000	-0,657349
9596,750000	-0,612793
9596,875000	-0,650940
9597,000000	-0,597229
9597,125000	-0,592346
9597,250000	-0,661316
9597,375000	-0,632934
9597,500000	-0,721130
9597,625000	-0,679932
9597,750000	-0,678406
9597,875000	-0,657654
9598,000000	-0,620727
9598,125000	-0,590515
9598,250000	-0,589600
9598,375000	-0,606689
9598,500000	-0,676269
9598,625000	-0,624390
9598,750000	-0,586853
9598,875000	-0,585937
9599,000000	-0,623169
9599,125000	-0,623169
9599,250000	-0,646057
9599,375000	-0,584717
9599,500000	-0,585327
9599,625000	-0,655517
9599,750000	-0,644531
9599,875000	-0,618286
9600,000000	-0,617676
9600,125000	-0,610657
9600,250000	-0,633850
9600,375000	-0,621643
9600,500000	-0,585022
9600,625000	-0,589294
9600,750000	-0,599060
9600,875000	-0,603332
9601,000000	-0,546875
9601,125000	-0,545044
9601,250000	-0,659790
9601,375000	-0,702209
9601,500000	-0,657959
9601,625000	-0,665283
9601,750000	-0,664673
9601,875000	-0,687561
9602,000000	-0,685425
9602,125000	-0,847473
9602,250000	-0,848999
9602,375000	-0,581055
9602,500000	-0,678101
9602,625000	-0,691528
9602,750000	-0,630798
9602,875000	-0,631103
9603,000000	-0,701904
9603,125000	-0,637817
9603,250000	-0,653076
9603,375000	-0,648804
9603,500000	-0,723572
9603,625000	-0,581970
9603,750000	-0,568542
9603,875000	-0,627136
9604,000000	-0,625610
9604,125000	-0,685120
9604,250000	-0,643005
9604,375000	-0,578613
9604,500000	-0,644531
9604,625000	-0,646973
9604,750000	-0,618286
9604,875000	-0,671081
9605,000000	-0,616150
9605,125000	-0,616455
9605,250000	-0,683899
9605,375000	-0,696716
9605,500000	-0,605163
9605,625000	-0,676880
9605,750000	-0,677490
9605,875000	-0,680237
9606,000000	-0,751038
9606,125000	-0,645142
9606,250000	-0,646057
9606,375000	-0,633850
9606,500000	-0,698547
9606,625000	-0,734863
9606,750000	-0,546265
9606,875000	-0,547180
9607,000000	-0,649719
9607,125000	-0,632629
9607,250000	-0,668335
9607,375000	-0,662842
9607,500000	-0,700378
9607,625000	-0,665588
9607,750000	-0,640869
9607,875000	-0,680847
9608,000000	-0,678101
9608,125000	-0,716858
9608,250000	-0,667114
9608,375000	-0,712585
9608,500000	-0,656738
9608,625000	-0,660705
9608,750000	-0,678711
9608,875000	-0,690308
9609,000000	-0,610351
9609,125000	-0,613098
9609,250000	-0,663757
9609,375000	-0,707397
9609,500000	-0,690308
9609,625000	-0,655823
9609,750000	-0,653686
9609,875000	-0,694885
9610,000000	-0,676880
9610,125000	-0,723877
9610,250000	-0,722656
9610,375000	-0,628052
9610,500000	-0,680237
9610,625000	-0,697632
9610,750000	-0,661011
9610,875000	-0,661316
9611,000000	-0,647888
9611,125000	-0,651550
9611,250000	-0,676880
9611,375000	-0,676269
9611,500000	-0,622559
9611,625000	-0,684509
9611,750000	-0,741882
9611,875000	-0,639954
9612,000000	-0,637817
9612,125000	-0,635681
9612,250000	-0,672913
9612,375000	-0,695496
9612,500000	-0,620117
9612,625000	-0,623474
9612,750000	-0,756226
9612,875000	-0,692444
9613,000000	-0,661316
9613,125000	-0,658264
9613,250000	-0,632019
9613,375000	-0,700378
9613,500000	-0,675659
9613,625000	-0,621033
9613,750000	-0,621338
9613,875000	-0,672607
9614,000000	-0,648804
9614,125000	-0,693054
9614,250000	-0,640564
9614,375000	-0,651855
9614,500000	-0,658569
9614,625000	-0,685425
9614,750000	-0,616150
9614,875000	-0,617065
9615,000000	-0,664368
9615,125000	-0,634155
9615,250000	-0,660705
9615,375000	-0,737915
9615,500000	-0,737610
9615,625000	-0,718689
9615,750000	-0,663147
9615,875000	-0,700378
9616,000000	-0,701599
9616,125000	-0,663147
9616,250000	-0,633240
9616,375000	-0,680847
9616,500000	-0,651855
9616,625000	-0,652466
9616,750000	-0,670471
9616,875000	-0,687561
9617,000000	-0,614319
9617,125000	-0,613403
9617,250000	-0,579529
9617,375000	-0,665893
9617,500000	-0,624695
9617,625000	-0,716553
9617,750000	-0,717468
9617,875000	-0,733337
9618,000000	-0,684204
9618,125000	-0,636291
9618,250000	-0,663452
9618,375000	-0,698547
9618,500000	-0,763245
9618,625000	-0,618591
9618,750000	-0,722351
9618,875000	-0,719910
9619,000000	-0,616760
9619,125000	-0,639648
9619,250000	-0,731506
9619,375000	-0,673828
9619,500000	-0,675964
9619,625000	-0,682068
9619,750000	-0,634460
9619,875000	-0,740051
9620,000000	-0,738220
9620,125000	-0,704040
9620,250000	-0,674438
9620,375000	-0,634460
9620,500000	-0,634155
9620,625000	-0,632629
9620,750000	-0,640259
9620,875000	-0,626221
9621,000000	-0,633240
9621,125000	-0,631409
9621,250000	-0,715332
9621,375000	-0,658569
9621,500000	-0,665893
9621,625000	-0,705872
9621,750000	-0,705566
9621,875000	-0,727234
9622,000000	-0,703125
9622,125000	-0,662537
9622,250000	-0,571594
9622,375000	-0,629272
9622,500000	-0,641479
9622,625000	-0,719910
9622,750000	-0,671997
9622,875000	-0,671081
9623,000000	-0,728455
9623,125000	-0,613098
9623,250000	-0,680542
9623,375000	-0,697021
9623,500000	-0,699158
9623,625000	-0,667114
9623,750000	-0,644531
9623,875000	-0,659485
9624,000000	-0,658264
9624,125000	-0,642090
9624,250000	-0,720215
9624,375000	-0,715637
9624,500000	-0,650940
9624,625000	-0,651550
9624,750000	-0,733642
9624,875000	-0,736389
9625,000000	-0,656128
9625,125000	-0,654297
9625,250000	-0,682373
9625,375000	-0,643005
9625,500000	-0,681457
9625,625000	-0,646057
9625,750000	-0,646973
9625,875000	-0,703430
9626,000000	-0,632019
9626,125000	-0,677185
9626,250000	-0,635376
9626,375000	-0,672302
9626,500000	-0,658569
9626,625000	-0,683288
9626,750000	-0,663452
9626,875000	-0,662231
9627,000000	-0,671997
9627,125000	-0,753479
9627,250000	-0,679321
9627,375000	-0,720825
9627,500000	-0,721435
9627,625000	-0,716553
9627,750000	-0,675049
9627,875000	-0,683899
9628,000000	-0,684204
9628,125000	-0,633850
9628,250000	-0,658874
9628,375000	-0,670776
9628,500000	-0,679932
9628,625000	-0,678406
9628,750000	-0,692444
9628,875000	-0,674438
9629,000000	-0,694275
9629,125000	-0,693359
9629,250000	-0,692749
9629,375000	-0,691223
9629,500000	-0,704040
9629,625000	-0,668945
9629,750000	-0,668640
9629,875000	-0,708313
9630,000000	-0,679321
9630,125000	-0,716858
9630,250000	-0,712891
9630,375000	-0,699768
9630,500000	-0,667725
9630,625000	-0,639648
9630,750000	-0,663147
9630,875000	-0,661316
9631,000000	-0,696106
9631,125000	-0,679626
9631,250000	-0,658569
9631,375000	-0,727234
9631,500000	-0,726623
9631,625000	-0,670471
9631,750000	-0,691528
9631,875000	-0,583191
9632,000000	-0,584106
9632,125000	-0,710144
9632,250000	-0,664368
9632,375000	-0,708923
9632,500000	-0,771789
9633,000000	-0,676575
9633,125000	-0,677490
9633,250000	-0,706482
9633,375000	-0,656128
9633,500000	-0,706177
9633,625000	-0,687256
9633,750000	-0,684814
9633,875000	-0,708008
9634,000000	-0,687256
9634,125000	-0,719299
9634,250000	-0,714111
9634,375000	-0,663757
9634,500000	-0,686035
9634,625000	-0,685730
9634,750000	-0,731506
9634,875000	-0,731506
9635,000000	-0,632324
9635,125000	-0,668945
9635,250000	-0,687561
9635,375000	-0,619812
9635,500000	-0,621338
9635,625000	-0,715942
9635,750000	-0,706482
9635,875000	-0,647278
9636,000000	-0,647888
9636,125000	-0,640259
9636,250000	-0,672913
9636,375000	-0,652771
9636,500000	-0,636291
9636,625000	-0,634460
9636,750000	-0,616760
9636,875000	-0,668335
9637,000000	-0,656433
9637,125000	-0,655517
9637,250000	-0,648193
9637,375000	-0,723877
9637,500000	-0,686035
9637,625000	-0,743713
9637,750000	-0,740051
9637,875000	-0,619507
9638,000000	-0,664062
9638,125000	-0,646362
9638,250000	-0,645752
9638,375000	-0,749512
9638,500000	-0,614624
9638,625000	-0,653381
9638,750000	-0,679321
9638,875000	-0,680847
9639,000000	-0,646667
9639,125000	-0,690002
9639,250000	-0,650940
9639,375000	-0,646973
9639,500000	-0,704956
9639,625000	-0,690613
9639,750000	-0,697937
9639,875000	-0,626526
9640,000000	-0,626831
9640,125000	-0,697632
9640,250000	-0,709839
9640,375000	-0,719299
9640,500000	-0,686645
9640,625000	-0,691528
9640,750000	-0,639648
9640,875000	-0,673523
9641,000000	-0,657349
9641,125000	-0,656738
9641,250000	-0,754089
9641,375000	-0,704040
9641,500000	-0,596313
9641,625000	-0,660095
9641,750000	-0,659790
9641,875000	-0,621338
9642,000000	-0,680237
9642,125000	-0,711059
9642,250000	-0,708923
9642,375000	-0,641174
9642,500000	-0,634155
9642,625000	-0,678406
9642,750000	-0,681763
9642,875000	-0,681152
9643,000000	-0,707703
9643,125000	-0,687866
9643,250000	-0,675659
9643,375000	-0,673523
9643,500000	-0,766601
9643,625000	-0,678101
9643,750000	-0,692139
9643,875000	-0,609741
9644,000000	-0,608826
9644,125000	-0,667114
9644,250000	-0,672302
9644,375000	-0,729370
9644,500000	-0,656738
9644,625000	-0,662537
9644,750000	-0,661621
9644,875000	-0,676575
9645,000000	-0,671387
9645,125000	-0,670776
9645,250000	-0,664673
9645,375000	-0,652466
9645,500000	-0,674438
9645,625000	-0,712585
9645,750000	-0,713806
9645,875000	-0,680237
9646,000000	-0,704956
9646,125000	-0,646362
9646,250000	-0,638733
9646,375000	-0,686645
9646,500000	-0,695801
9646,625000	-0,664062
9646,750000	-0,668945
9646,875000	-0,666504
9647,000000	-0,707397
9647,125000	-0,683899
9647,250000	-0,668945
9647,375000	-0,686951
9647,500000	-0,686951
9647,625000	-0,653076
9647,750000	-0,673523
9647,875000	-0,714722
9648,000000	-0,715332
9648,125000	-0,642395
9648,250000	-0,588379
9648,375000	-0,724792
9648,500000	-0,631409
9648,625000	-0,622253
9648,750000	-0,673828
9648,875000	-0,683899
9649,000000	-0,696716
9649,125000	-0,658569
9649,250000	-0,659180
9649,375000	-0,674438
9649,500000	-0,751343
9649,625000	-0,675659
9649,750000	-0,675354
9649,875000	-0,730896
9650,000000	-0,637512
9650,125000	-0,674744
9650,250000	-0,669250
9650,375000	-0,658874
9650,500000	-0,704040
9650,625000	-0,652466
9650,750000	-0,650330
9650,875000	-0,650024
9651,000000	-0,664368
9651,125000	-0,660400
9651,250000	-0,697937
9651,375000	-0,635376
9651,500000	-0,638428
9651,625000	-0,705872
9651,750000	-0,675049
9651,875000	-0,682678
9652,000000	-0,683899
9652,125000	-0,654907
9652,250000	-0,580139
9652,375000	-0,674438
9652,500000	-0,679016
9652,625000	-0,679016
9652,750000	-0,628357
9652,875000	-0,668640
9653,000000	-0,650940
9653,125000	-0,648193
9653,250000	-0,752563
9653,375000	-0,672302
9653,500000	-0,643921
9653,625000	-0,637512
9653,750000	-0,636291
9653,875000	-0,656433
9654,000000	-0,693054
9654,125000	-0,709534
9654,250000	-0,703735
9654,375000	-0,703735
9654,500000	-0,626221
9654,625000	-0,640259
9654,750000	-0,709228
9654,875000	-0,708923
9655,000000	-0,697632
9655,125000	-0,689697
9655,250000	-0,708313
9655,375000	-0,706177
9655,500000	-0,682068
9655,625000	-0,678406
9655,750000	-0,656433
9655,875000	-0,686035
9656,000000	-0,688171
9656,125000	-0,679932
9656,250000	-0,675964
9656,375000	-0,657043
9656,500000	-0,678406
9656,625000	-0,664368
9656,750000	-0,719910
9656,875000	-0,691223
9657,000000	-0,722656
9657,125000	-0,723877
9657,250000	-0,700073
9657,375000	-0,610046
9657,500000	-0,673218
9657,625000	-0,701294
9657,750000	-0,699768
9657,875000	-0,679321
9658,000000	-0,685425
9658,125000	-0,671081
9658,250000	-0,669556
9658,375000	-0,688476
9658,500000	-0,623779
9658,625000	-0,698242
9658,750000	-0,662842
9658,875000	-0,662537
9659,000000	-0,671997
9659,125000	-0,700073
9659,250000	-0,666504
9659,375000	-0,665283
9659,500000	-0,694885
9659,625000	-0,662842
9659,750000	-0,707092
9659,875000	-0,700378
9660,000000	-0,700989
9660,125000	-0,692444
9660,250000	-0,683594
9660,375000	-0,674438
9660,500000	-0,680542
9660,625000	-0,678711
9660,750000	-0,758362
9660,875000	-0,628052
9661,000000	-0,690308
9661,125000	-0,690613
9661,250000	-0,682678
9661,375000	-0,753479
9661,500000	-0,680237
9661,625000	-0,721130
9661,750000	-0,719910
9661,875000	-0,668640
9662,000000	-0,625000
9662,125000	-0,700684
9662,250000	-0,696716
9662,375000	-0,697021
9662,500000	-0,684814
9662,625000	-0,635986
9662,750000	-0,667725
9662,875000	-0,668945
9663,000000	-0,718994
9663,125000	-0,680542
9663,250000	-0,666809
9663,375000	-0,704956
9663,500000	-0,704651
9663,625000	-0,678101
9663,750000	-0,662231
9663,875000	-0,688782
9664,000000	-0,688171
9664,125000	-0,681457
9664,250000	-0,645752
9664,375000	-0,606384
9664,500000	-0,711059
9664,625000	-0,708313
9664,750000	-0,653686
9664,875000	-0,679626
9665,000000	-0,650330
9665,125000	-0,650330
9665,250000	-0,682678
9665,375000	-0,649109
9665,500000	-0,664368
9665,625000	-0,680847
9665,750000	-0,680237
9665,875000	-0,683288
9666,000000	-0,699768
9666,125000	-0,650330
9666,250000	-0,645142
9666,375000	-0,695496
9666,500000	-0,708923
9666,625000	-0,699463
9666,750000	-0,642395
9666,875000	-0,640869
9667,000000	-0,701599
9667,125000	-0,683899
9667,250000	-0,658569
9667,375000	-0,688782
9667,500000	-0,691528
9667,625000	-0,621338
9667,750000	-0,692749
9667,875000	-0,692749
9668,000000	-0,692139
9668,125000	-0,732727
9668,250000	-0,713806
9668,375000	-0,654297
9668,500000	-0,695496
9668,625000	-0,693664
9668,750000	-0,657654
9668,875000	-0,645142
9669,000000	-0,694275
9669,125000	-0,693664
9669,250000	-0,654297
9669,375000	-0,693054
9669,500000	-0,748596
9669,625000	-0,705566
9669,750000	-0,708008
9669,875000	-0,652466
9670,000000	-0,647278
9670,125000	-0,698852
9670,250000	-0,695801
9670,375000	-0,657959
9670,500000	-0,663452
9670,625000	-0,684509
9670,750000	-0,667114
9670,875000	-0,667419
9671,000000	-0,717773
9671,125000	-0,746155
9671,250000	-0,759582
9671,375000	-0,695190
9671,500000	-0,696411
9671,625000	-0,701904
9671,750000	-0,687561
9671,875000	-0,665893
9672,000000	-0,666504
9672,125000	-0,697021
9672,250000	-0,695496
9672,375000	-0,695801
9672,500000	-0,692139
9672,625000	-0,692749
9672,750000	-0,684509
9672,875000	-0,708923
9673,000000	-0,701599
9673,125000	-0,702515
9673,250000	-0,636597
9673,625000	-0,667725
9673,750000	-0,666504
9673,875000	-0,665283
9674,000000	-0,677185
9674,125000	-0,650024
9674,250000	-0,651550
9674,375000	-0,700989
9674,500000	-0,664978
9674,625000	-0,690002
9674,750000	-0,698547
9674,875000	-0,698547
9675,000000	-0,679321
9675,125000	-0,693359
9675,250000	-0,693664
9675,375000	-0,672607
9675,500000	-0,671387
9675,625000	-0,682068
9675,750000	-0,681152
9675,875000	-0,679321
9676,000000	-0,679016
9676,125000	-0,668335
9676,250000	-0,699463
9676,375000	-0,670471
9676,500000	-0,653381
9676,625000	-0,652161
9676,750000	-0,663147
9676,875000	-0,698242
9677,000000	-0,679016
9677,125000	-0,679321
9677,250000	-0,670471
9677,375000	-0,686645
9677,500000	-0,630798
9677,625000	-0,678101
9677,750000	-0,679016
9677,875000	-0,665893
9678,000000	-0,680847
9678,125000	-0,676880
9678,250000	-0,673828
9678,375000	-0,658264
9678,500000	-0,653686
9678,625000	-0,701294
9678,750000	-0,705261
9678,875000	-0,696411
9679,000000	-0,696106
9679,125000	-0,674133
9679,250000	-0,686951
9679,375000	-0,666809
9679,500000	-0,667114
9679,625000	-0,713196
9679,750000	-0,693054
9679,875000	-0,675049
9680,000000	-0,674438
9680,125000	-0,684509
9680,250000	-0,669861
9680,375000	-0,661621
9680,500000	-0,680542
9680,625000	-0,678406
9680,750000	-0,670166
9680,875000	-0,653992
9681,000000	-0,676880
9681,125000	-0,678711
9681,250000	-0,677795
9681,375000	-0,684814
9681,500000	-0,694580
9681,625000	-0,716553
9681,750000	-0,716247
9681,875000	-0,694580
9682,000000	-0,689087
9682,125000	-0,688171
9682,250000	-0,688171
9682,375000	-0,680237
9682,500000	-0,704346
9682,625000	-0,662231
9682,750000	-0,666199
9682,875000	-0,664368
9683,000000	-0,682678
9683,125000	-0,687561
9683,250000	-0,678711
9683,375000	-0,654907
9683,500000	-0,656738
9683,625000	-0,694275
9683,750000	-0,670776
9683,875000	-0,672913
9684,000000	-0,673218
9684,125000	-0,684509
9684,250000	-0,662842
9684,375000	-0,695801
9684,500000	-0,692749
9684,625000	-0,694275
9684,750000	-0,693359
9684,875000	-0,660400
9685,000000	-0,681457
9685,125000	-0,682983
9685,250000	-0,685425
9685,375000	-0,703125
9685,500000	-0,666504
9685,625000	-0,729980
9685,750000	-0,729675
9685,875000	-0,665588
9686,000000	-0,658569
9686,125000	-0,690308
9686,250000	-0,684509
9686,375000	-0,672913
9686,500000	-0,665893
9686,625000	-0,703125
9686,750000	-0,661011
9686,875000	-0,661011
9687,000000	-0,683594
9687,125000	-0,664673
9687,250000	-0,696106
9687,375000	-0,686035
9687,500000	-0,685120
9687,625000	-0,686951
9687,750000	-0,685730
9687,875000	-0,671081
9688,000000	-0,670471
9688,125000	-0,660705
9688,250000	-0,656128
9688,375000	-0,678406
9688,500000	-0,681763
9688,625000	-0,679932
9688,750000	-0,695190
9688,875000	-0,691528
9689,000000	-0,691528
9689,125000	-0,692139
9689,250000	-0,685120
9689,375000	-0,688476
9689,500000	-0,709534
9689,625000	-0,704346
9689,750000	-0,703735
9689,875000	-0,657349
9690,000000	-0,708618
9690,125000	-0,673218
9690,250000	-0,671997
9690,375000	-0,691223
9690,500000	-0,701904
9690,625000	-0,647583
9690,750000	-0,676575
9690,875000	-0,676269
9691,000000	-0,679016
9691,125000	-0,666504
9691,250000	-0,693054
9691,375000	-0,693664
9691,500000	-0,677795
9691,625000	-0,744629
9691,750000	-0,717468
9691,875000	-0,690613
9692,000000	-0,689392
9692,125000	-0,655823
9692,250000	-0,691528
9692,375000	-0,677795
9692,500000	-0,707397
9692,625000	-0,699768
9692,750000	-0,679016
9692,875000	-0,701294
9693,000000	-0,654602
9693,125000	-0,654602
9693,250000	-0,687256
9693,375000	-0,690002
9693,500000	-0,674744
9693,625000	-0,690613
9693,750000	-0,691223
9693,875000	-0,666809
9694,000000	-0,663757
9694,125000	-0,645142
9694,250000	-0,639038
9694,375000	-0,686645
9694,500000	-0,674744
9694,625000	-0,698852
9694,750000	-0,705261
9694,875000	-0,704651
9695,000000	-0,666809
9695,125000	-0,682068
9695,250000	-0,697327
9695,375000	-0,682983
9695,500000	-0,684204
9695,625000	-0,664978
9695,750000	-0,666199
9695,875000	-0,689697
9696,000000	-0,689087
9696,125000	-0,668030
9696,250000	-0,673523
9696,375000	-0,710754
9696,500000	-0,678101
9696,625000	-0,677185
9696,750000	-0,672913
9696,875000	-0,677795
9697,000000	-0,733032
9697,125000	-0,731201
9697,250000	-0,680237
9697,375000	-0,677490
9697,500000	-0,661621
9697,625000	-0,681763
9697,750000	-0,681152
9697,875000	-0,672302
9698,000000	-0,667419
9698,125000	-0,697937
9698,250000	-0,696716
9698,375000	-0,668030
9698,500000	-0,691528
9698,625000	-0,675354
9698,750000	-0,684509
9698,875000	-0,684814
9699,000000	-0,671997
9699,125000	-0,689392
9699,250000	-0,681152
9699,375000	-0,680847
9699,500000	-0,695801
9699,625000	-0,648804
9699,750000	-0,704651
9699,875000	-0,692749
9700,000000	-0,691223
