Zeitstempel: 18.9.2013 15:10:04
Signalquelle: Sample/Hold Verstärker
Modus: FM


Bemerkung: Durchlaufzeit 50s
FM
Strom Helmholtz -45mA
Amplitude 45mV
Richtung min<-max
min Frequenz 5400Hz
max Frequenz 5800Hz

Frequenz in Hz	S/H-Signal in V
5799.875000	-0.675354
5799.750000	-0.685730
5799.625000	-0.693359
5799.500000	-0.664368
5799.375000	-0.663452
5799.250000	-0.714722
5799.125000	-0.669250
5799.000000	-0.697937
5798.875000	-0.702209
5798.750000	-0.702515
5798.625000	-0.646057
5798.500000	-0.674744
5798.375000	-0.664978
5798.250000	-0.638733
5798.125000	-0.656738
5798.000000	-0.672607
5797.875000	-0.661011
5797.750000	-0.675354
5797.625000	-0.675964
5797.500000	-0.667114
5797.375000	-0.735474
5797.250000	-0.691833
5797.125000	-0.681457
5797.000000	-0.682068
5796.875000	-0.692749
5796.750000	-0.688171
5796.625000	-0.687561
5796.500000	-0.684814
5796.375000	-0.655823
5796.250000	-0.654297
5796.125000	-0.661926
5796.000000	-0.693054
5795.875000	-0.692444
5795.750000	-0.663757
5795.625000	-0.657654
5795.500000	-0.673523
5795.375000	-0.674744
5795.250000	-0.643310
5795.125000	-0.681152
5795.000000	-0.705566
5794.875000	-0.658874
5794.750000	-0.659790
5794.625000	-0.669556
5794.500000	-0.640564
5794.375000	-0.713196
5794.250000	-0.707703
5794.125000	-0.691833
5794.000000	-0.688476
5793.875000	-0.681457
5793.750000	-0.672302
5793.625000	-0.673218
5793.500000	-0.694275
5793.375000	-0.682983
5793.250000	-0.664062
5793.125000	-0.684814
5793.000000	-0.684204
5792.875000	-0.692444
5792.750000	-0.716858
5792.625000	-0.731201
5792.500000	-0.729980
5792.375000	-0.679626
5792.250000	-0.684204
5792.125000	-0.652771
5792.000000	-0.651245
5791.875000	-0.651550
5791.750000	-0.675659
5791.625000	-0.674438
5791.500000	-0.629578
5791.375000	-0.629272
5791.250000	-0.679016
5791.125000	-0.682678
5791.000000	-0.680542
5790.875000	-0.680237
5790.750000	-0.679016
5790.625000	-0.682068
5790.500000	-0.726318
5790.375000	-0.699463
5790.250000	-0.696716
5790.125000	-0.635376
5790.000000	-0.646973
5789.875000	-0.673828
5789.750000	-0.691833
5789.625000	-0.690002
5789.500000	-0.718384
5789.375000	-0.679016
5789.250000	-0.679626
5789.125000	-0.649719
5789.000000	-0.649109
5788.875000	-0.690002
5788.750000	-0.629883
5788.625000	-0.675354
5788.500000	-0.672913
5788.375000	-0.671081
5788.250000	-0.676269
5788.125000	-0.729675
5788.000000	-0.681457
5787.875000	-0.682068
5787.750000	-0.726623
5787.625000	-0.678406
5787.500000	-0.711670
5787.375000	-0.709839
5787.250000	-0.658874
5787.125000	-0.682068
5787.000000	-0.692139
5786.875000	-0.663757
5786.750000	-0.664673
5786.625000	-0.638122
5786.500000	-0.689392
5786.375000	-0.669861
5786.250000	-0.666199
5786.125000	-0.663757
5786.000000	-0.657043
5785.875000	-0.699463
5785.750000	-0.671387
5785.625000	-0.670471
5785.500000	-0.704040
5785.375000	-0.688171
5785.250000	-0.639954
5785.125000	-0.705261
5785.000000	-0.707397
5784.875000	-0.700989
5784.750000	-0.675659
5784.625000	-0.661926
5784.500000	-0.660400
5784.375000	-0.641479
5784.250000	-0.686035
5784.125000	-0.669861
5784.000000	-0.685730
5783.875000	-0.686035
5783.750000	-0.663147
5783.625000	-0.671387
5783.500000	-0.698242
5783.375000	-0.697632
5783.250000	-0.648193
5783.125000	-0.672302
5783.000000	-0.704040
5782.875000	-0.687866
5782.750000	-0.686340
5782.625000	-0.688782
5782.500000	-0.679321
5782.375000	-0.685425
5782.250000	-0.682678
5782.125000	-0.702209
5782.000000	-0.665588
5781.875000	-0.641479
5781.750000	-0.673218
5781.625000	-0.673523
5781.500000	-0.666504
5781.375000	-0.656433
5781.250000	-0.667419
5781.125000	-0.668945
5781.000000	-0.673828
5780.875000	-0.656738
5780.750000	-0.668945
5780.625000	-0.672913
5780.500000	-0.673218
5780.375000	-0.702820
5780.250000	-0.688171
5780.125000	-0.671081
5780.000000	-0.655517
5779.875000	-0.656128
5779.750000	-0.684509
5779.625000	-0.718384
5779.500000	-0.657043
5779.375000	-0.656433
5779.250000	-0.696411
5779.125000	-0.668640
5779.000000	-0.652771
5778.875000	-0.664062
5778.750000	-0.665893
5778.625000	-0.682068
5778.500000	-0.656128
5778.375000	-0.688476
5778.250000	-0.686645
5778.125000	-0.658569
5778.000000	-0.673828
5777.875000	-0.664978
5777.750000	-0.656738
5777.625000	-0.656433
5777.500000	-0.673218
5777.375000	-0.661011
5777.250000	-0.679321
5777.125000	-0.688782
5777.000000	-0.693359
5776.875000	-0.683899
5776.750000	-0.676575
5776.625000	-0.669861
5776.500000	-0.668640
5776.375000	-0.663147
5776.250000	-0.686035
5776.125000	-0.670776
5776.000000	-0.699158
5775.875000	-0.695801
5775.750000	-0.659790
5775.625000	-0.703125
5775.500000	-0.697937
5775.375000	-0.697632
5775.250000	-0.695496
5775.125000	-0.679016
5775.000000	-0.662231
5774.875000	-0.646362
5774.750000	-0.647278
5774.625000	-0.691833
5774.500000	-0.642395
5774.375000	-0.692444
5774.250000	-0.691223
5774.125000	-0.672913
5774.000000	-0.690002
5773.875000	-0.647583
5773.750000	-0.655212
5773.625000	-0.655517
5773.500000	-0.673828
5773.375000	-0.718689
5773.250000	-0.692444
5773.125000	-0.693970
5773.000000	-0.681152
5772.875000	-0.689087
5772.750000	-0.666199
5772.625000	-0.675354
5772.500000	-0.673828
5772.375000	-0.686951
5772.250000	-0.661011
5772.125000	-0.667114
5772.000000	-0.668335
5771.875000	-0.666504
5771.750000	-0.675049
5771.625000	-0.661621
5771.500000	-0.650330
5771.375000	-0.650635
5771.250000	-0.690918
5771.125000	-0.703735
5771.000000	-0.690002
5770.875000	-0.702209
5770.750000	-0.701599
5770.625000	-0.655212
5770.500000	-0.688171
5770.375000	-0.684204
5770.250000	-0.684509
5770.125000	-0.687866
5770.000000	-0.695496
5769.875000	-0.675659
5769.750000	-0.664978
5769.625000	-0.663757
5769.500000	-0.703735
5769.375000	-0.653076
5769.250000	-0.660095
5769.125000	-0.636291
5769.000000	-0.635986
5768.875000	-0.687866
5768.750000	-0.674438
5768.625000	-0.657654
5768.500000	-0.657959
5768.375000	-0.629883
5768.250000	-0.680542
5768.125000	-0.672913
5768.000000	-0.685425
5767.875000	-0.686035
5767.750000	-0.693970
5767.625000	-0.675964
5767.500000	-0.631103
5767.375000	-0.625915
5767.250000	-0.696716
5767.125000	-0.694580
5767.000000	-0.684814
5766.875000	-0.684814
5766.750000	-0.682678
5766.625000	-0.678406
5766.500000	-0.714722
5766.375000	-0.697632
5766.250000	-0.698852
5766.125000	-0.677185
5766.000000	-0.686951
5765.875000	-0.679932
5765.750000	-0.653076
5765.625000	-0.654602
5765.500000	-0.689697
5765.375000	-0.655823
5765.250000	-0.674438
5765.125000	-0.668335
5765.000000	-0.658264
5764.875000	-0.668640
5764.750000	-0.679016
5764.625000	-0.728455
5764.500000	-0.729065
5764.375000	-0.704651
5764.250000	-0.663452
5764.125000	-0.664062
5764.000000	-0.669556
5763.875000	-0.670166
5763.750000	-0.665893
5763.625000	-0.701294
5763.500000	-0.714416
5763.375000	-0.715027
5763.250000	-0.693664
5763.125000	-0.677490
5763.000000	-0.702820
5762.875000	-0.630493
5762.750000	-0.630188
5762.625000	-0.683594
5762.500000	-0.648498
5762.375000	-0.725708
5762.250000	-0.723572
5762.125000	-0.680542
5762.000000	-0.685120
5761.875000	-0.700684
5761.750000	-0.654297
5761.625000	-0.653686
5761.500000	-0.626221
5761.375000	-0.676269
5761.250000	-0.672607
5761.125000	-0.666809
5761.000000	-0.669250
5760.875000	-0.673523
5760.750000	-0.680542
5760.625000	-0.661011
5760.500000	-0.660400
5760.375000	-0.653076
5760.250000	-0.692139
5760.125000	-0.672607
5760.000000	-0.682068
5759.875000	-0.683899
5759.750000	-0.686340
5759.625000	-0.685120
5759.500000	-0.690308
5759.375000	-0.662537
5759.250000	-0.663147
5759.125000	-0.624084
5759.000000	-0.658264
5758.875000	-0.661011
5758.750000	-0.662231
5758.625000	-0.679932
5758.500000	-0.678101
5758.375000	-0.691833
5758.250000	-0.689697
5758.125000	-0.676880
5758.000000	-0.679016
5757.875000	-0.690002
5757.750000	-0.686035
5757.625000	-0.685730
5757.500000	-0.693359
5757.375000	-0.681763
5757.250000	-0.691833
5757.125000	-0.689087
5757.000000	-0.665588
5756.875000	-0.683899
5756.750000	-0.690002
5756.625000	-0.665283
5756.500000	-0.666504
5756.375000	-0.688171
5756.250000	-0.671692
5756.125000	-0.676575
5756.000000	-0.673218
5755.875000	-0.676269
5755.750000	-0.689697
5755.625000	-0.693359
5755.500000	-0.682678
5755.375000	-0.730286
5755.250000	-0.730591
5755.125000	-0.642700
5755.000000	-0.637817
5754.875000	-0.678101
5754.750000	-0.678406
5754.625000	-0.663757
5754.500000	-0.676575
5754.375000	-0.648498
5754.250000	-0.664368
5754.125000	-0.666809
5754.000000	-0.724792
5753.875000	-0.653381
5753.750000	-0.676269
5753.625000	-0.675964
5753.500000	-0.699463
5753.375000	-0.666504
5753.250000	-0.649109
5753.125000	-0.645142
5753.000000	-0.669861
5752.875000	-0.689087
5752.750000	-0.658569
5752.625000	-0.700378
5752.500000	-0.701294
5752.375000	-0.673828
5752.250000	-0.655212
5752.125000	-0.679932
5752.000000	-0.676269
5751.875000	-0.679932
5751.750000	-0.669861
5751.625000	-0.666504
5751.500000	-0.673828
5751.375000	-0.669861
5751.250000	-0.697937
5751.125000	-0.683594
5751.000000	-0.673523
5750.875000	-0.649109
5750.750000	-0.646362
5750.625000	-0.653076
5750.500000	-0.649109
5750.375000	-0.644226
5750.250000	-0.643310
5750.125000	-0.692444
5750.000000	-0.661621
5749.875000	-0.692139
5749.750000	-0.690308
5749.625000	-0.689697
5749.500000	-0.695190
5749.375000	-0.648193
5749.250000	-0.675049
5749.125000	-0.675049
5749.000000	-0.675049
5748.875000	-0.658874
5748.750000	-0.686645
5748.625000	-0.666809
5748.500000	-0.665893
5748.375000	-0.652771
5748.250000	-0.660705
5748.125000	-0.642700
5748.000000	-0.660705
5747.875000	-0.665588
5747.750000	-0.636291
5747.625000	-0.669556
5747.500000	-0.644836
5747.375000	-0.643616
5747.250000	-0.679321
5747.125000	-0.661926
5747.000000	-0.728760
5746.875000	-0.666809
5746.750000	-0.667114
5746.625000	-0.653381
5746.500000	-0.639954
5746.375000	-0.674744
5746.250000	-0.669250
5746.125000	-0.657959
5746.000000	-0.660400
5745.875000	-0.705261
5745.750000	-0.690002
5745.625000	-0.688476
5745.500000	-0.675354
5745.375000	-0.662231
5745.250000	-0.645447
5745.125000	-0.642700
5745.000000	-0.684204
5744.875000	-0.707703
5744.750000	-0.725403
5744.625000	-0.682068
5744.500000	-0.680237
5744.375000	-0.697632
5744.250000	-0.642700
5744.125000	-0.670776
5744.000000	-0.644836
5743.875000	-0.651245
5743.750000	-0.666809
5743.625000	-0.665893
5743.500000	-0.707092
5743.375000	-0.705566
5743.250000	-0.671081
5743.125000	-0.689392
5743.000000	-0.690918
5742.875000	-0.686035
5742.750000	-0.686340
5742.625000	-0.657349
5742.500000	-0.701294
5742.375000	-0.656738
5742.250000	-0.656433
5742.125000	-0.682983
5742.000000	-0.668030
5741.875000	-0.702515
5741.750000	-0.699768
5741.625000	-0.699158
5741.500000	-0.678406
5741.375000	-0.663452
5741.250000	-0.693970
5741.125000	-0.694275
5741.000000	-0.668640
5740.875000	-0.678101
5740.750000	-0.660400
5740.625000	-0.638733
5740.500000	-0.637817
5740.375000	-0.681763
5740.250000	-0.651855
5740.125000	-0.662231
5740.000000	-0.661926
5739.875000	-0.662231
5739.750000	-0.655212
5739.625000	-0.662537
5739.500000	-0.665588
5739.375000	-0.664062
5739.250000	-0.666504
5739.125000	-0.688171
5739.000000	-0.754394
5738.875000	-0.677185
5738.750000	-0.676880
5738.625000	-0.636597
5738.500000	-0.674744
5738.375000	-0.690613
5738.250000	-0.690308
5738.125000	-0.668945
5738.000000	-0.698242
5737.875000	-0.678711
5737.750000	-0.682068
5737.625000	-0.682373
5737.500000	-0.673523
5737.375000	-0.657349
5737.250000	-0.693970
5737.125000	-0.694580
5737.000000	-0.674133
5736.875000	-0.686645
5736.750000	-0.705566
5736.625000	-0.685120
5736.500000	-0.684204
5736.375000	-0.658569
5736.250000	-0.715027
5736.125000	-0.702209
5736.000000	-0.707092
5735.875000	-0.696716
5735.750000	-0.664062
5735.625000	-0.672302
5735.500000	-0.673523
5735.375000	-0.673523
5735.250000	-0.670471
5735.125000	-0.650330
5735.000000	-0.675354
5734.875000	-0.690308
5734.750000	-0.690918
5734.625000	-0.693970
5734.500000	-0.672913
5734.375000	-0.673828
5734.250000	-0.670166
5734.125000	-0.686951
5734.000000	-0.664062
5733.875000	-0.679626
5733.750000	-0.711365
5733.625000	-0.710449
5733.500000	-0.675354
5733.375000	-0.680847
5733.250000	-0.671692
5733.125000	-0.686645
5733.000000	-0.689392
5732.875000	-0.703430
5732.750000	-0.672913
5732.625000	-0.702820
5732.500000	-0.701904
5732.375000	-0.674744
5732.250000	-0.678711
5732.125000	-0.680237
5732.000000	-0.669556
5731.875000	-0.674744
5731.750000	-0.658874
5731.625000	-0.664062
5731.500000	-0.697327
5731.375000	-0.695190
5731.250000	-0.695190
5731.125000	-0.678711
5731.000000	-0.671081
5730.875000	-0.698852
5730.750000	-0.700073
5730.625000	-0.684509
5730.500000	-0.691833
5730.375000	-0.673828
5730.250000	-0.670471
5730.125000	-0.661316
5730.000000	-0.623474
5729.875000	-0.675049
5729.750000	-0.702820
5729.625000	-0.702820
5729.500000	-0.691833
5729.375000	-0.708008
5729.250000	-0.661926
5729.125000	-0.654907
5729.000000	-0.660095
5728.875000	-0.674438
5728.750000	-0.662231
5728.625000	-0.686645
5728.500000	-0.685425
5728.375000	-0.689392
5728.250000	-0.681457
5728.125000	-0.685120
5728.000000	-0.690918
5727.875000	-0.691223
5727.750000	-0.693359
5727.625000	-0.668030
5727.500000	-0.686035
5727.375000	-0.685730
5727.250000	-0.663757
5727.125000	-0.671387
5727.000000	-0.697327
5726.875000	-0.678711
5726.750000	-0.679016
5726.625000	-0.709228
5726.500000	-0.700073
5726.375000	-0.681152
5726.250000	-0.680542
5726.125000	-0.685730
5726.000000	-0.648193
5725.875000	-0.681152
5725.750000	-0.699158
5725.625000	-0.697327
5725.500000	-0.662537
5725.375000	-0.659790
5725.250000	-0.683594
5725.125000	-0.683899
5725.000000	-0.633240
5724.875000	-0.679932
5724.750000	-0.674744
5724.625000	-0.698547
5724.500000	-0.697937
5724.375000	-0.647278
5724.250000	-0.706177
5724.125000	-0.682678
5724.000000	-0.716247
5723.875000	-0.714416
5723.750000	-0.648804
5723.625000	-0.668335
5723.500000	-0.681152
5723.375000	-0.680542
5723.250000	-0.631103
5723.125000	-0.658874
5723.000000	-0.679932
5722.875000	-0.694275
5722.750000	-0.692749
5722.625000	-0.663452
5722.500000	-0.714416
5722.375000	-0.697327
5722.250000	-0.695496
5722.125000	-0.689697
5722.000000	-0.715027
5721.875000	-0.687866
5721.750000	-0.675659
5721.625000	-0.674438
5721.500000	-0.704651
5721.375000	-0.676575
5721.250000	-0.668335
5721.125000	-0.697937
5721.000000	-0.684204
5720.875000	-0.667725
5720.750000	-0.671997
5720.625000	-0.691528
5720.500000	-0.689087
5720.375000	-0.680542
5720.250000	-0.702515
5720.125000	-0.721130
5720.000000	-0.750427
5719.875000	-0.748901
5719.750000	-0.685120
5719.625000	-0.662231
5719.500000	-0.664978
5719.375000	-0.664978
5719.250000	-0.678711
5719.125000	-0.664062
5719.000000	-0.704346
5718.875000	-0.644226
5718.750000	-0.645142
5718.625000	-0.578003
5718.500000	-0.610046
5718.375000	-0.660400
5718.250000	-0.659485
5718.125000	-0.649109
5718.000000	-0.643616
5717.875000	-0.733337
5717.750000	-0.686340
5717.625000	-0.685120
5717.500000	-0.650635
5717.375000	-0.700073
5717.250000	-0.706787
5717.125000	-0.708313
5717.000000	-0.630188
5716.875000	-0.596619
5716.750000	-0.684814
5716.625000	-0.684509
5716.500000	-0.686340
5716.375000	-0.687561
5716.250000	-0.700073
5716.125000	-0.712280
5716.000000	-0.708618
5715.875000	-0.711365
5715.750000	-0.679626
5715.625000	-0.702515
5715.500000	-0.683594
5715.375000	-0.682678
5715.250000	-0.672302
5715.125000	-0.660705
5715.000000	-0.690613
5714.875000	-0.718384
5714.750000	-0.704040
5714.625000	-0.686340
5714.500000	-0.657349
5714.375000	-0.683594
5714.250000	-0.681763
5714.125000	-0.664368
5714.000000	-0.705261
5713.875000	-0.699158
5713.750000	-0.703735
5713.625000	-0.702209
5713.500000	-0.665893
5713.375000	-0.673218
5713.250000	-0.673218
5713.125000	-0.673218
5713.000000	-0.654297
5712.875000	-0.664062
5712.750000	-0.661316
5712.625000	-0.662537
5712.500000	-0.662842
5712.375000	-0.719299
5712.250000	-0.687256
5712.125000	-0.691833
5712.000000	-0.690918
5711.875000	-0.641174
5711.750000	-0.657043
5711.625000	-0.684204
5711.500000	-0.677185
5711.375000	-0.676880
5711.250000	-0.677795
5711.125000	-0.683288
5711.000000	-0.684814
5710.875000	-0.739441
5710.750000	-0.720825
5710.625000	-0.689392
5710.500000	-0.697021
5710.375000	-0.695190
5710.250000	-0.694580
5710.125000	-0.667114
5710.000000	-0.660095
5709.875000	-0.643005
5709.750000	-0.659790
5709.625000	-0.657959
5709.500000	-0.640564
5709.375000	-0.699768
5709.250000	-0.664978
5709.125000	-0.663757
5709.000000	-0.650635
5708.875000	-0.714111
5708.750000	-0.677185
5708.625000	-0.697327
5708.500000	-0.697632
5708.375000	-0.673523
5708.250000	-0.707397
5708.125000	-0.724487
5708.000000	-0.721741
5707.875000	-0.662537
5707.750000	-0.693970
5707.625000	-0.707397
5707.500000	-0.707703
5707.375000	-0.708313
5707.250000	-0.657959
5707.125000	-0.672913
5707.000000	-0.640564
5706.875000	-0.709228
5706.750000	-0.708618
5706.625000	-0.696716
5706.500000	-0.702820
5706.375000	-0.711670
5706.250000	-0.711059
5706.125000	-0.722656
5706.000000	-0.719604
5705.875000	-0.671081
5705.750000	-0.711365
5705.625000	-0.712891
5705.500000	-0.702515
5705.375000	-0.668945
5705.250000	-0.721741
5705.125000	-0.718689
5705.000000	-0.560913
5704.875000	-0.655823
5704.750000	-0.687561
5704.625000	-0.794067
5704.500000	-0.794372
5704.375000	-0.660705
5704.250000	-0.663147
5704.125000	-0.697937
5704.000000	-0.700378
5703.875000	-0.707703
5703.750000	-0.544434
5703.625000	-0.662537
5703.500000	-0.647888
5703.375000	-0.649109
5703.250000	-0.685425
5703.125000	-0.673828
5703.000000	-0.653992
5702.875000	-0.683288
5702.750000	-0.682983
5702.625000	-0.697021
5702.500000	-0.691528
5702.375000	-0.678711
5702.250000	-0.678406
5702.125000	-0.652771
5702.000000	-0.640259
5701.875000	-0.735474
5701.750000	-0.680237
5701.625000	-0.679626
5701.500000	-0.724792
5701.375000	-0.687256
5701.250000	-0.646667
5701.125000	-0.644836
5701.000000	-0.626221
5700.875000	-0.652161
5700.750000	-0.664368
5700.625000	-0.707092
5700.500000	-0.707092
5700.375000	-0.652161
5700.250000	-0.682373
5700.125000	-0.697327
5700.000000	-0.659790
5699.875000	-0.646057
5699.750000	-0.698242
5699.625000	-0.674438
5699.500000	-0.679321
5699.375000	-0.679016
5699.250000	-0.640259
5699.125000	-0.677185
5699.000000	-0.694580
5698.875000	-0.697327
5698.750000	-0.694885
5698.625000	-0.646667
5698.500000	-0.712280
5698.375000	-0.677490
5698.250000	-0.676880
5698.125000	-0.692139
5698.000000	-0.671387
5697.875000	-0.654602
5697.750000	-0.664673
5697.625000	-0.664978
5697.500000	-0.660400
5697.375000	-0.639648
5697.250000	-0.681457
5697.125000	-0.679626
5697.000000	-0.707092
5696.875000	-0.690002
5696.750000	-0.722351
5696.625000	-0.654297
5696.500000	-0.653686
5696.375000	-0.654297
5696.250000	-0.708618
5696.125000	-0.691223
5696.000000	-0.604248
5695.875000	-0.670471
5695.750000	-0.675964
5695.625000	-0.655212
5695.500000	-0.693359
5695.375000	-0.693359
5695.250000	-0.695801
5695.125000	-0.705261
5695.000000	-0.684509
5694.875000	-0.675049
5694.750000	-0.676269
5694.625000	-0.632629
5694.500000	-0.835571
5694.375000	-0.633240
5694.250000	-0.633850
5694.125000	-0.710449
5694.000000	-0.653381
5693.875000	-0.648804
5693.750000	-0.678711
5693.625000	-0.679932
5693.500000	-0.636902
5693.375000	-0.644531
5693.250000	-0.652466
5693.125000	-0.650330
5693.000000	-0.642395
5692.875000	-0.605469
5692.750000	-0.690918
5692.625000	-0.610351
5692.500000	-0.610962
5692.375000	-0.682983
5692.250000	-0.662842
5692.125000	-0.673523
5692.000000	-0.672302
5691.875000	-0.640564
5691.750000	-0.627746
5691.625000	-0.666504
5691.500000	-0.655212
5691.375000	-0.655212
5691.250000	-0.656128
5691.125000	-0.680847
5691.000000	-0.681763
5690.875000	-0.692749
5690.750000	-0.695496
5690.625000	-0.746460
5690.500000	-0.616760
5690.375000	-0.620727
5690.250000	-0.621338
5690.125000	-0.662842
5690.000000	-0.668030
5689.875000	-0.670471
5689.750000	-0.733642
5689.625000	-0.723267
5689.500000	-0.692444
5689.375000	-0.681763
5689.250000	-0.640564
5689.125000	-0.642395
5689.000000	-0.642395
5688.875000	-0.578613
5688.750000	-0.650024
5688.625000	-0.645752
5688.500000	-0.646057
5688.375000	-0.602112
5688.250000	-0.669556
5688.125000	-0.653381
5688.000000	-0.650024
5687.875000	-0.681152
5687.750000	-0.670776
5687.625000	-0.696411
5687.500000	-0.658569
5687.375000	-0.657349
5687.250000	-0.708923
5687.125000	-0.670776
5687.000000	-0.672302
5686.875000	-0.598755
5686.750000	-0.603332
5686.625000	-0.656128
5686.500000	-0.647888
5686.375000	-0.661621
5686.250000	-0.661316
5686.125000	-0.682678
5686.000000	-0.650635
5685.875000	-0.633850
5685.750000	-0.650940
5685.625000	-0.650024
5685.500000	-0.681763
5685.375000	-0.677185
5685.250000	-0.690918
5685.125000	-0.691528
5685.000000	-0.581360
5684.875000	-0.662537
5684.750000	-0.676575
5684.625000	-0.661316
5684.500000	-0.661621
5684.375000	-0.658264
5684.250000	-0.687866
5684.125000	-0.695496
5684.000000	-0.695190
5683.875000	-0.656433
5683.750000	-0.703125
5683.625000	-0.676575
5683.500000	-0.664978
5683.375000	-0.666504
5683.250000	-0.653381
5683.125000	-0.668335
5683.000000	-0.664062
5682.875000	-0.685730
5682.750000	-0.693359
5682.625000	-0.660400
5682.500000	-0.656738
5682.375000	-0.685730
5682.250000	-0.688171
5682.125000	-0.657959
5682.000000	-0.688782
5681.875000	-0.665283
5681.750000	-0.616760
5681.625000	-0.617981
5681.500000	-0.608520
5681.375000	-0.680542
5681.250000	-0.736084
5681.125000	-0.739441
5681.000000	-0.643616
5680.875000	-0.614624
5680.750000	-0.593262
5680.625000	-0.668335
5680.500000	-0.667725
5680.375000	-0.664978
5680.250000	-0.702820
5680.125000	-0.618286
5680.000000	-0.616760
5679.875000	-0.712891
5679.750000	-0.664062
5679.625000	-0.725403
5679.500000	-0.662842
5679.375000	-0.665283
5679.250000	-0.628357
5679.125000	-0.664978
5679.000000	-0.690613
5678.875000	-0.663147
5678.750000	-0.663452
5678.625000	-0.650330
5678.500000	-0.697937
5678.375000	-0.677795
5678.250000	-0.676269
5678.125000	-0.668335
5678.000000	-0.651550
5677.875000	-0.646667
5677.750000	-0.643921
5677.625000	-0.647888
5677.500000	-0.686645
5677.375000	-0.649109
5677.250000	-0.659485
5677.125000	-0.657654
5677.000000	-0.644531
5676.875000	-0.672913
5676.750000	-0.581970
5676.625000	-0.655517
5676.500000	-0.655517
5676.375000	-0.674744
5676.250000	-0.675964
5676.125000	-0.627441
5676.000000	-0.627441
5675.875000	-0.687256
5675.750000	-0.687256
5675.625000	-0.669250
5675.500000	-0.690918
5675.375000	-0.692139
5675.250000	-0.631409
5675.125000	-0.596924
5675.000000	-0.599976
5674.875000	-0.598144
5674.750000	-0.592041
5674.625000	-0.696106
5674.500000	-0.657654
5674.375000	-0.649414
5674.250000	-0.650330
5674.125000	-0.693359
5674.000000	-0.673523
5673.875000	-0.687256
5673.750000	-0.657959
5673.625000	-0.661316
5673.500000	-0.683899
5673.375000	-0.694580
5673.250000	-0.662537
5673.125000	-0.662231
5673.000000	-0.676269
5672.875000	-0.593262
5672.750000	-0.656433
5672.625000	-0.641479
5672.500000	-0.642395
5672.375000	-0.692749
5672.250000	-0.651245
5672.125000	-0.617981
5672.000000	-0.619507
5671.875000	-0.675659
5671.750000	-0.629883
5671.625000	-0.610657
5671.500000	-0.666504
5671.375000	-0.667725
5671.250000	-0.624084
5671.125000	-0.634155
5671.000000	-0.638428
5670.875000	-0.635071
5670.750000	-0.647888
5670.625000	-0.644531
5670.500000	-0.630798
5670.375000	-0.656738
5670.250000	-0.657349
5670.125000	-0.657654
5670.000000	-0.629578
5669.875000	-0.625915
5669.750000	-0.632934
5669.625000	-0.638428
5669.500000	-0.572510
5669.375000	-0.664978
5669.250000	-0.633240
5669.125000	-0.633545
5669.000000	-0.621338
5668.875000	-0.642090
5668.750000	-0.603638
5668.625000	-0.621338
5668.500000	-0.621948
5668.375000	-0.607910
5668.250000	-0.635376
5668.125000	-0.615539
5668.000000	-0.612488
5667.875000	-0.622253
5667.750000	-0.590515
5667.625000	-0.608826
5667.500000	-0.635376
5667.375000	-0.636291
5667.250000	-0.627441
5667.125000	-0.599976
5667.000000	-0.689697
5666.875000	-0.688782
5666.750000	-0.625915
5666.625000	-0.653686
5666.500000	-0.679932
5666.375000	-0.610962
5666.250000	-0.611572
5666.125000	-0.619812
5666.000000	-0.645142
5665.875000	-0.625915
5665.750000	-0.650024
5665.625000	-0.656738
5665.500000	-0.658569
5665.375000	-0.603638
5665.250000	-0.610046
5665.125000	-0.610657
5665.000000	-0.597534
5664.875000	-0.646057
5664.750000	-0.616760
5664.625000	-0.612488
5664.500000	-0.653992
5664.375000	-0.650940
5664.250000	-0.658569
5664.125000	-0.583191
5664.000000	-0.583191
5663.875000	-0.643616
5663.750000	-0.624390
5663.625000	-0.583801
5663.500000	-0.596008
5663.375000	-0.599670
5663.250000	-0.612488
5663.125000	-0.582886
5663.000000	-0.567017
5662.875000	-0.565185
5662.750000	-0.551147
5662.625000	-0.585937
5662.500000	-0.673828
5662.375000	-0.603943
5662.250000	-0.602722
5662.125000	-0.596008
5662.000000	-0.609436
5661.875000	-0.616455
5661.750000	-0.610351
5661.625000	-0.615845
5661.500000	-0.570984
5661.375000	-0.607605
5661.250000	-0.621948
5661.125000	-0.621643
5661.000000	-0.606995
5660.875000	-0.634155
5660.750000	-0.618591
5660.625000	-0.609741
5660.500000	-0.611877
5660.375000	-0.591736
5660.250000	-0.618591
5660.125000	-0.618286
5660.000000	-0.619202
5659.875000	-0.602112
5659.750000	-0.637817
5659.625000	-0.610962
5659.500000	-0.621643
5659.375000	-0.620117
5659.250000	-0.642700
5659.125000	-0.655823
5659.000000	-0.609436
5658.875000	-0.610657
5658.750000	-0.578003
5658.625000	-0.539856
5658.500000	-0.621033
5658.375000	-0.628052
5658.250000	-0.626831
5658.125000	-0.609131
5658.000000	-0.608215
5657.875000	-0.635071
5657.750000	-0.631714
5657.625000	-0.568237
5657.500000	-0.599976
5657.375000	-0.609436
5657.250000	-0.551758
5657.125000	-0.551758
5657.000000	-0.642090
5656.875000	-0.577087
5656.750000	-0.570984
5656.625000	-0.612183
5656.500000	-0.619202
5656.375000	-0.609131
5656.250000	-0.628052
5656.125000	-0.600586
5656.000000	-0.599060
5655.875000	-0.581055
5655.750000	-0.609131
5655.625000	-0.583496
5655.500000	-0.593567
5655.375000	-0.592651
5655.250000	-0.565491
5655.125000	-0.572205
5655.000000	-0.602417
5654.875000	-0.603943
5654.750000	-0.571899
5654.625000	-0.564575
5654.500000	-0.544434
5654.375000	-0.650330
5654.250000	-0.653686
5654.125000	-0.651245
5654.000000	-0.617676
5653.875000	-0.554809
5653.750000	-0.556030
5653.625000	-0.597229
5653.500000	-0.566711
5653.375000	-0.582580
5653.250000	-0.594788
5653.125000	-0.593567
5653.000000	-0.563049
5652.875000	-0.645447
5652.750000	-0.588074
5652.625000	-0.587158
5652.500000	-0.670471
5652.375000	-0.605469
5652.250000	-0.560608
5652.125000	-0.539856
5652.000000	-0.540466
5651.875000	-0.542602
5651.750000	-0.600891
5651.625000	-0.497131
5651.500000	-0.491638
5651.375000	-0.612488
5651.250000	-0.626526
5651.125000	-0.619812
5651.000000	-0.627746
5650.875000	-0.626221
5650.750000	-0.618591
5650.625000	-0.543213
5650.500000	-0.536194
5650.375000	-0.585327
5650.250000	-0.589294
5650.125000	-0.559997
5650.000000	-0.597229
5649.875000	-0.581055
5649.750000	-0.579834
5649.625000	-0.565491
5649.500000	-0.570068
5649.375000	-0.623474
5649.250000	-0.527649
5649.125000	-0.529785
5649.000000	-0.512085
5648.875000	-0.606384
5648.750000	-0.655823
5648.625000	-0.650635
5648.500000	-0.621643
5648.375000	-0.522156
5648.250000	-0.585022
5648.125000	-0.532532
5648.000000	-0.533752
5647.875000	-0.595093
5647.750000	-0.568237
5647.625000	-0.503845
5647.500000	-0.544739
5647.375000	-0.546265
5647.250000	-0.561218
5647.125000	-0.567627
5647.000000	-0.533447
5646.875000	-0.534363
5646.750000	-0.518799
5646.625000	-0.521851
5646.500000	-0.560608
5646.375000	-0.522156
5646.250000	-0.520935
5646.125000	-0.569763
5646.000000	-0.538635
5645.875000	-0.491638
5645.750000	-0.490723
5645.625000	-0.563049
5645.500000	-0.536499
5645.375000	-0.578918
5645.250000	-0.500183
5645.125000	-0.501099
5645.000000	-0.570068
5644.875000	-0.572510
5644.750000	-0.598450
5644.625000	-0.596619
5644.500000	-0.570373
5644.375000	-0.553894
5644.250000	-0.490417
5644.125000	-0.569153
5644.000000	-0.568848
5643.875000	-0.582886
5643.750000	-0.541687
5643.625000	-0.474853
5643.500000	-0.539551
5643.375000	-0.529785
5643.250000	-0.549011
5643.125000	-0.509338
5643.000000	-0.581055
5642.875000	-0.578003
5642.750000	-0.563049
5642.625000	-0.552978
5642.500000	-0.554504
5642.375000	-0.578003
5642.250000	-0.577087
5642.125000	-0.538330
5642.000000	-0.495911
5641.875000	-0.497436
5641.750000	-0.497436
5641.625000	-0.535583
5641.500000	-0.534363
5641.375000	-0.549011
5641.250000	-0.517273
5641.125000	-0.516663
5641.000000	-0.525513
5640.875000	-0.587463
5640.750000	-0.507812
5640.625000	-0.506287
5640.500000	-0.564575
5640.375000	-0.517578
5640.250000	-0.558777
5640.125000	-0.528870
5640.000000	-0.529785
5639.875000	-0.527038
5639.750000	-0.558472
5639.625000	-0.518188
5639.500000	-0.519104
5639.375000	-0.503235
5639.250000	-0.533752
5639.125000	-0.538635
5639.000000	-0.534363
5638.875000	-0.534363
5638.750000	-0.545349
5638.625000	-0.529175
5638.500000	-0.480652
5638.375000	-0.477600
5638.250000	-0.516968
5638.125000	-0.532532
5638.000000	-0.498047
5637.875000	-0.517578
5637.750000	-0.515747
5637.625000	-0.494995
5637.500000	-0.568237
5637.375000	-0.432129
5637.250000	-0.438538
5637.125000	-0.467529
5637.000000	-0.495605
5636.875000	-0.478821
5636.750000	-0.536804
5636.625000	-0.534058
5636.500000	-0.486450
5636.375000	-0.498047
5636.250000	-0.509033
5636.125000	-0.476990
5636.000000	-0.477905
5635.875000	-0.566711
5635.750000	-0.478210
5635.625000	-0.470581
5635.500000	-0.469055
5635.375000	-0.461731
5635.250000	-0.509643
5635.125000	-0.454407
5635.000000	-0.473022
5634.875000	-0.472107
5634.750000	-0.495911
5634.625000	-0.410156
5634.500000	-0.478821
5634.375000	-0.480957
5634.250000	-0.466614
5634.125000	-0.451355
5634.000000	-0.426941
5633.875000	-0.483398
5633.750000	-0.484314
5633.625000	-0.530701
5633.500000	-0.465088
5633.375000	-0.471191
5633.250000	-0.444336
5633.125000	-0.442200
5633.000000	-0.550537
5632.875000	-0.438843
5632.750000	-0.520325
5632.625000	-0.518494
5632.500000	-0.452881
5632.375000	-0.450134
5632.250000	-0.460815
5632.125000	-0.411072
5632.000000	-0.410767
5631.875000	-0.467224
5631.750000	-0.447693
5631.625000	-0.421142
5631.500000	-0.419006
5631.375000	-0.442200
5631.250000	-0.451660
5631.125000	-0.400085
5631.000000	-0.447998
5630.875000	-0.447388
5630.750000	-0.452576
5630.625000	-0.442200
5630.500000	-0.440674
5630.375000	-0.434875
5630.250000	-0.446472
5630.125000	-0.397034
5630.000000	-0.494995
5629.875000	-0.456238
5629.750000	-0.454407
5629.625000	-0.453796
5629.500000	-0.423279
5629.375000	-0.431213
5629.250000	-0.428467
5629.125000	-0.434570
5629.000000	-0.437012
5628.875000	-0.451355
5628.750000	-0.427246
5628.625000	-0.424499
5628.500000	-0.423584
5628.375000	-0.395813
5628.250000	-0.480041
5628.125000	-0.453796
5628.000000	-0.454407
5627.875000	-0.467529
5627.750000	-0.441284
5627.625000	-0.391540
5627.500000	-0.390625
5627.375000	-0.440063
5627.250000	-0.455933
5627.125000	-0.471802
5627.000000	-0.394897
5626.875000	-0.393066
5626.750000	-0.412292
5626.625000	-0.405579
5626.500000	-0.388184
5626.375000	-0.381775
5626.250000	-0.415344
5626.125000	-0.306396
5626.000000	-0.413208
5625.875000	-0.405884
5625.750000	-0.404358
5625.625000	-0.434875
5625.500000	-0.408935
5625.375000	-0.487366
5625.250000	-0.402527
5625.125000	-0.406494
5625.000000	-0.359497
5624.875000	-0.310669
5624.750000	-0.467834
5624.625000	-0.466919
5624.500000	-0.429382
5624.375000	-0.408935
5624.250000	-0.351257
5624.125000	-0.378418
5624.000000	-0.376587
5623.875000	-0.375061
5623.750000	-0.390625
5623.625000	-0.385437
5623.500000	-0.384216
5623.375000	-0.405579
5623.250000	-0.343628
5623.125000	-0.312805
5623.000000	-0.384827
5622.875000	-0.384521
5622.750000	-0.322571
5622.625000	-0.353699
5622.500000	-0.338135
5622.375000	-0.335998
5622.250000	-0.343017
5622.125000	-0.282288
5622.000000	-0.370178
5621.875000	-0.385132
5621.750000	-0.384521
5621.625000	-0.272217
5621.500000	-0.379639
5621.375000	-0.396728
5621.250000	-0.395813
5621.125000	-0.355835
5621.000000	-0.301208
5620.875000	-0.376892
5620.750000	-0.337830
5620.625000	-0.336304
5620.500000	-0.311584
5620.375000	-0.408630
5620.250000	-0.333252
5620.125000	-0.330810
5620.000000	-0.388794
5619.875000	-0.394287
5619.750000	-0.380249
5619.625000	-0.325622
5619.500000	-0.324097
5619.375000	-0.298157
5619.250000	-0.321045
5619.125000	-0.319519
5619.000000	-0.314026
5618.875000	-0.312805
5618.750000	-0.310059
5618.625000	-0.333252
5618.500000	-0.323486
5618.375000	-0.321045
5618.250000	-0.337524
5618.125000	-0.297851
5618.000000	-0.302429
5617.875000	-0.304565
5617.750000	-0.307617
5617.625000	-0.326538
5617.500000	-0.333862
5617.375000	-0.335693
5617.250000	-0.334778
5617.125000	-0.299988
5617.000000	-0.282898
5616.875000	-0.322876
5616.750000	-0.268249
5616.625000	-0.264587
5616.500000	-0.340881
5616.375000	-0.307617
5616.250000	-0.340576
5616.125000	-0.338745
5616.000000	-0.303650
5615.875000	-0.315246
5615.750000	-0.285339
5615.625000	-0.303039
5615.500000	-0.303039
5615.375000	-0.235596
5615.250000	-0.299683
5615.125000	-0.228577
5615.000000	-0.223999
5614.875000	-0.238647
5614.750000	-0.327759
5614.625000	-0.225830
5614.500000	-0.342102
5614.375000	-0.340576
5614.250000	-0.263061
5614.125000	-0.242920
5614.000000	-0.232849
5613.875000	-0.242920
5613.750000	-0.246582
5613.625000	-0.236816
5613.500000	-0.258789
5613.375000	-0.239563
5613.250000	-0.239563
5613.125000	-0.243225
5613.000000	-0.289001
5612.875000	-0.236206
5612.750000	-0.223999
5612.625000	-0.225525
5612.500000	-0.301819
5612.375000	-0.223999
5612.250000	-0.284729
5612.125000	-0.283813
5612.000000	-0.231323
5611.875000	-0.246277
5611.750000	-0.204773
5611.625000	-0.231018
5611.500000	-0.231323
5611.375000	-0.219116
5611.250000	-0.278625
5611.125000	-0.245361
5611.000000	-0.242920
5610.875000	-0.215454
5610.750000	-0.227966
5610.625000	-0.226135
5610.500000	-0.209045
5610.375000	-0.208435
5610.250000	-0.208130
5610.125000	-0.172119
5610.000000	-0.229492
5609.875000	-0.289001
5609.750000	-0.262756
5609.625000	-0.212707
5609.500000	-0.226746
5609.375000	-0.199585
5609.250000	-0.196533
5609.125000	-0.177002
5609.000000	-0.169067
5608.875000	-0.307922
5608.750000	-0.230713
5608.625000	-0.233154
5608.500000	-0.222778
5608.375000	-0.210571
5608.250000	-0.215454
5608.125000	-0.215759
5608.000000	-0.224914
5607.875000	-0.187073
5607.750000	-0.223999
5607.625000	-0.173340
5607.500000	-0.170898
5607.375000	-0.260925
5607.250000	-0.187378
5607.125000	-0.151367
5607.000000	-0.149231
5606.875000	-0.155334
5606.750000	-0.205383
5606.625000	-0.140686
5606.500000	-0.180359
5606.375000	-0.177917
5606.250000	-0.183105
5606.125000	-0.211182
5606.000000	-0.245666
5605.875000	-0.241699
5605.750000	-0.111084
5605.625000	-0.183105
5605.500000	-0.187073
5605.375000	-0.164795
5605.250000	-0.160828
5605.125000	-0.229187
5605.000000	-0.162964
5604.875000	-0.161133
5604.750000	-0.140076
5604.625000	-0.140991
5604.500000	-0.146789
5604.375000	-0.168762
5604.250000	-0.150146
5604.125000	-0.149841
5604.000000	-0.206299
5603.875000	-0.158996
5603.750000	-0.188599
5603.625000	-0.137634
5603.500000	-0.137329
5603.375000	-0.106201
5603.250000	-0.090637
5603.125000	-0.097351
5603.000000	-0.093689
5602.875000	-0.095825
5602.750000	-0.120850
5602.625000	-0.147705
5602.500000	-0.152893
5602.375000	-0.152283
5602.250000	-0.136719
5602.125000	-0.145264
5602.000000	-0.100098
5601.875000	-0.149536
5601.750000	-0.151672
5601.625000	-0.055847
5601.500000	-0.113830
5601.375000	-0.063476
5601.250000	-0.064392
5601.125000	-0.052795
5601.000000	-0.067444
5600.875000	-0.094910
5600.750000	-0.074768
5600.625000	-0.075073
5600.500000	-0.104675
5600.375000	-0.076904
5600.250000	-0.092163
5600.125000	-0.091247
5600.000000	-0.071716
5599.875000	-0.066528
5599.750000	-0.054321
5599.625000	-0.067444
5599.500000	-0.069275
5599.375000	-0.032349
5599.250000	-0.030823
5599.125000	-0.063171
5599.000000	-0.061645
5598.875000	-0.042114
5598.750000	-0.057068
5598.625000	-0.030823
5598.500000	-0.045166
5598.375000	-0.045471
5598.250000	0.022888
5598.125000	0.009766
5598.000000	-0.014648
5597.875000	-0.085144
5597.750000	-0.050049
5597.625000	-0.047302
5597.500000	-0.029907
5597.375000	-0.054932
5597.250000	-0.055237
5597.125000	-0.033264
5597.000000	-0.025330
5596.875000	0.048523
5596.750000	-0.032654
5596.625000	-0.030212
5596.500000	0.008240
5596.375000	0.000305
5596.250000	0.004883
5596.125000	0.005188
5596.000000	0.008240
5595.875000	-0.003357
5595.750000	-0.005798
5595.625000	0.025940
5595.500000	0.026550
5595.375000	0.018921
5595.250000	0.019837
5595.125000	0.000305
5595.000000	0.000305
5594.875000	0.021973
5594.750000	-0.008545
5594.625000	-0.031128
5594.500000	0.102844
5594.375000	0.103760
5594.250000	0.023193
5594.125000	0.019837
5594.000000	0.046082
5593.875000	0.049133
5593.750000	0.099182
5593.625000	0.033569
5593.500000	-0.007324
5593.375000	0.063477
5593.250000	0.065308
5593.125000	0.039673
5593.000000	0.062256
5592.875000	0.065003
5592.750000	0.039063
5592.625000	0.038452
5592.500000	0.022888
5592.375000	0.053406
5592.250000	0.089722
5592.125000	0.091553
5592.000000	0.022278
5591.875000	0.047913
5591.750000	0.091248
5591.625000	0.096130
5591.500000	0.095215
5591.375000	0.060730
5591.250000	0.115967
5591.125000	0.045166
5591.000000	0.045166
5590.875000	0.060120
5590.750000	0.052490
5590.625000	0.079041
5590.500000	0.124817
5590.375000	0.123901
5590.250000	0.059204
5590.125000	0.060730
5590.000000	0.071106
5589.875000	0.073547
5589.750000	0.133667
5589.625000	0.118713
5589.500000	0.077820
5589.375000	0.122376
5589.250000	0.121765
5589.125000	0.190125
5589.000000	0.074463
5588.875000	0.092163
5588.750000	0.115967
5588.625000	0.126648
5588.500000	0.106201
5588.375000	0.127869
5588.250000	0.149841
5588.125000	0.148316
5588.000000	0.104981
5587.875000	0.147095
5587.750000	0.144348
5587.625000	0.149231
5587.500000	0.148926
5587.375000	0.089417
5587.250000	0.112610
5587.125000	0.181275
5587.000000	0.182495
5586.875000	0.154114
5586.750000	0.141296
5586.625000	0.128784
5586.500000	0.154419
5586.375000	0.152893
5586.250000	0.129700
5586.125000	0.174866
5586.000000	0.164185
5585.875000	0.164490
5585.750000	0.197144
5585.625000	0.171814
5585.500000	0.122986
5585.375000	0.191040
5585.250000	0.190125
5585.125000	0.126953
5585.000000	0.198975
5584.875000	0.117188
5584.750000	0.120239
5584.625000	0.174866
5584.500000	0.215759
5584.375000	0.218201
5584.250000	0.216065
5584.125000	0.217590
5584.000000	0.207214
5583.875000	0.163879
5583.750000	0.200501
5583.625000	0.214233
5583.500000	0.213318
5583.375000	0.172730
5583.250000	0.190735
5583.125000	0.187073
5583.000000	0.185852
5582.875000	0.208740
5582.750000	0.203552
5582.625000	0.226135
5582.500000	0.167542
5582.375000	0.168152
5582.250000	0.195618
5582.125000	0.235596
5582.000000	0.242615
5581.875000	0.244446
5581.750000	0.210877
5581.625000	0.250855
5581.500000	0.253906
5581.375000	0.278320
5581.250000	0.278931
5581.125000	0.286560
5581.000000	0.234680
5580.875000	0.213013
5580.750000	0.216065
5580.625000	0.251770
5580.500000	0.229187
5580.375000	0.261231
5580.250000	0.198059
5580.125000	0.197449
5580.000000	0.199585
5579.875000	0.264587
5579.750000	0.282288
5579.625000	0.161133
5579.500000	0.192871
5579.375000	0.185547
5579.250000	0.267639
5579.125000	0.320129
5579.000000	0.319214
5578.875000	0.228882
5578.750000	0.224915
5578.625000	0.267334
5578.500000	0.275574
5578.375000	0.276184
5578.250000	0.237427
5578.125000	0.281067
5578.000000	0.287781
5577.875000	0.286865
5577.750000	0.341492
5577.625000	0.275269
5577.500000	0.335083
5577.375000	0.285339
5577.250000	0.285339
5577.125000	0.245361
5577.000000	0.303040
5576.875000	0.290222
5576.750000	0.290222
5576.625000	0.297852
5576.500000	0.291138
5576.375000	0.296021
5576.250000	0.311585
5576.125000	0.310669
5576.000000	0.306397
5575.875000	0.263672
5575.750000	0.352478
5575.625000	0.351563
5575.500000	0.314941
5575.375000	0.312805
5575.250000	0.317078
5575.125000	0.319824
5575.000000	0.322266
5574.875000	0.272217
5574.750000	0.279541
5574.625000	0.278626
5574.500000	0.341797
5574.375000	0.338135
5574.250000	0.307312
5574.125000	0.260620
5574.000000	0.266419
5573.875000	0.266419
5573.750000	0.298767
5573.625000	0.321350
5573.500000	0.358887
5573.375000	0.385132
5573.250000	0.386047
5573.125000	0.321350
5573.000000	0.333252
5572.875000	0.310974
5572.750000	0.311279
5572.625000	0.396729
5572.500000	0.350647
5572.375000	0.360108
5572.250000	0.336914
5572.125000	0.337830
5572.000000	0.377197
5571.875000	0.347290
5571.750000	0.323486
5571.625000	0.324402
5571.500000	0.413208
5571.375000	0.310059
5571.250000	0.413208
5571.125000	0.348816
5571.000000	0.348816
5570.875000	0.319519
5570.750000	0.393066
5570.625000	0.375671
5570.500000	0.379028
5570.375000	0.353699
5570.250000	0.368042
5570.125000	0.330200
5570.000000	0.378418
5569.875000	0.380859
5569.750000	0.368652
5569.625000	0.423584
5569.500000	0.411987
5569.375000	0.380554
5569.250000	0.380554
5569.125000	0.394287
5569.000000	0.395813
5568.875000	0.416870
5568.750000	0.419312
5568.625000	0.367737
5568.500000	0.408020
5568.375000	0.383301
5568.250000	0.361023
5568.125000	0.361328
5568.000000	0.391541
5567.875000	0.418396
5567.750000	0.393372
5567.625000	0.392456
5567.500000	0.407105
5567.375000	0.444031
5567.250000	0.411377
5567.125000	0.440674
5567.000000	0.439148
5566.875000	0.399475
5566.750000	0.287781
5566.625000	0.382691
5566.500000	0.388184
5566.375000	0.429993
5566.250000	0.461731
5566.125000	0.453491
5566.000000	0.347595
5565.875000	0.349121
5565.750000	0.443421
5565.625000	0.417786
5565.500000	0.413513
5565.375000	0.418701
5565.250000	0.419006
5565.125000	0.401306
5565.000000	0.449219
5564.875000	0.406799
5564.750000	0.407105
5564.625000	0.473328
5564.500000	0.440369
5564.375000	0.445557
5564.250000	0.427551
5564.125000	0.427551
5564.000000	0.486450
5563.875000	0.398254
5563.750000	0.431824
5563.625000	0.432739
5563.500000	0.415650
5563.375000	0.408936
5563.250000	0.449829
5563.125000	0.455933
5563.000000	0.455322
5562.875000	0.515747
5562.750000	0.432434
5562.625000	0.431824
5562.500000	0.434265
5562.375000	0.424500
5562.250000	0.396423
5562.125000	0.474854
5562.000000	0.476990
5561.875000	0.477905
5561.750000	0.469055
5561.625000	0.425110
5561.500000	0.476990
5561.375000	0.439453
5561.250000	0.493775
5561.125000	0.509949
5561.000000	0.467224
5560.875000	0.451050
5560.750000	0.451050
5560.625000	0.409241
5560.500000	0.447998
5560.375000	0.478821
5560.250000	0.463257
5560.125000	0.463257
5560.000000	0.500183
5559.875000	0.474243
5559.750000	0.456543
5559.625000	0.458374
5559.500000	0.476685
5559.375000	0.466919
5559.250000	0.470886
5559.125000	0.588379
5559.000000	0.588989
5558.875000	0.472412
5558.750000	0.385437
5558.625000	0.473023
5558.500000	0.472412
5558.375000	0.493775
5558.250000	0.453491
5558.125000	0.488281
5558.000000	0.447998
5557.875000	0.447388
5557.750000	0.453796
5557.625000	0.511780
5557.500000	0.477600
5557.375000	0.478516
5557.250000	0.488892
5557.125000	0.493164
5557.000000	0.497131
5556.875000	0.434876
5556.750000	0.436096
5556.625000	0.491943
5556.500000	0.475769
5556.375000	0.476379
5556.250000	0.476990
5556.125000	0.504456
5556.000000	0.484924
5555.875000	0.451050
5555.750000	0.465393
5555.625000	0.465088
5555.500000	0.422669
5555.375000	0.461121
5555.250000	0.456848
5555.125000	0.458984
5555.000000	0.550842
5554.875000	0.515137
5554.750000	0.500794
5554.625000	0.562439
5554.500000	0.561524
5554.375000	0.502625
5554.250000	0.458984
5554.125000	0.510864
5554.000000	0.516968
5553.875000	0.516968
5553.750000	0.502014
5553.625000	0.521240
5553.500000	0.479126
5553.375000	0.481262
5553.250000	0.482178
5553.125000	0.514221
5553.000000	0.492859
5552.875000	0.501099
5552.750000	0.502930
5552.625000	0.541687
5552.500000	0.503845
5552.375000	0.442200
5552.250000	0.464478
5552.125000	0.517578
5552.000000	0.440064
5551.875000	0.469971
5551.750000	0.493469
5551.625000	0.494080
5551.500000	0.513001
5551.375000	0.498962
5551.250000	0.462036
5551.125000	0.497131
5551.000000	0.496216
5550.875000	0.493164
5550.750000	0.534058
5550.625000	0.524597
5550.500000	0.524597
5550.375000	0.496826
5550.250000	0.514221
5550.125000	0.527344
5550.000000	0.555420
5549.875000	0.555420
5549.750000	0.601502
5549.625000	0.450745
5549.500000	0.494690
5549.375000	0.498047
5549.250000	0.481567
5549.125000	0.465393
5549.000000	0.466004
5548.875000	0.440674
5548.750000	0.439453
5548.625000	0.461731
5548.500000	0.458374
5548.375000	0.487671
5548.250000	0.490112
5548.125000	0.479126
5548.000000	0.518494
5547.875000	0.435791
5547.750000	0.480957
5547.625000	0.480042
5547.500000	0.501709
5547.375000	0.522461
5547.250000	0.476379
5547.125000	0.502625
5547.000000	0.500794
5546.875000	0.486450
5546.750000	0.489807
5546.625000	0.474243
5546.500000	0.473633
5546.375000	0.489197
5546.250000	0.464783
5546.125000	0.493775
5546.000000	0.570984
5545.875000	0.572205
5545.750000	0.492554
5545.625000	0.486755
5545.500000	0.453491
5545.375000	0.452881
5545.250000	0.419006
5545.125000	0.515747
5545.000000	0.444946
5544.875000	0.476685
5544.750000	0.475769
5544.625000	0.472412
5544.500000	0.469666
5544.375000	0.492249
5544.250000	0.495606
5544.125000	0.503235
5544.000000	0.453186
5543.875000	0.469360
5543.750000	0.445862
5543.625000	0.446777
5543.500000	0.462341
5543.375000	0.446777
5543.250000	0.474854
5543.125000	0.460510
5543.000000	0.482483
5542.875000	0.455628
5542.750000	0.444641
5542.625000	0.497742
5542.500000	0.498657
5542.375000	0.468140
5542.250000	0.458984
5542.125000	0.469666
5542.000000	0.486450
5541.875000	0.486755
5541.750000	0.529480
5541.625000	0.460205
5541.500000	0.397339
5541.375000	0.397644
5541.250000	0.453186
5541.125000	0.468750
5541.000000	0.485840
5540.875000	0.433960
5540.750000	0.434265
5540.625000	0.444641
5540.500000	0.418091
5540.375000	0.441284
5540.250000	0.442810
5540.125000	0.508728
5540.000000	0.397644
5539.875000	0.422669
5539.750000	0.425415
5539.625000	0.426025
5539.500000	0.483704
5539.375000	0.404053
5539.250000	0.427857
5539.125000	0.432739
5539.000000	0.380249
5538.875000	0.441895
5538.750000	0.440979
5538.625000	0.412598
5538.500000	0.411987
5538.375000	0.418701
5538.250000	0.387268
5538.125000	0.422669
5538.000000	0.495606
5537.875000	0.494995
5537.750000	0.404358
5537.625000	0.462647
5537.500000	0.419312
5537.375000	0.419312
5537.250000	0.420532
5537.125000	0.426941
5537.000000	0.354614
5536.875000	0.419006
5536.750000	0.420227
5536.625000	0.421753
5536.500000	0.397339
5536.375000	0.339356
5536.250000	0.341187
5536.125000	0.392456
5536.000000	0.393066
5535.875000	0.386963
5535.750000	0.411072
5535.625000	0.410462
5535.500000	0.365906
5535.375000	0.352783
5535.250000	0.438538
5535.125000	0.437622
5535.000000	0.379334
5534.875000	0.384216
5534.750000	0.369568
5534.625000	0.307007
5534.500000	0.310669
5534.375000	0.340881
5534.250000	0.333252
5534.125000	0.422974
5534.000000	0.346680
5533.875000	0.347595
5533.750000	0.368958
5533.625000	0.371094
5533.500000	0.330811
5533.375000	0.330200
5533.250000	0.395203
5533.125000	0.347595
5533.000000	0.465698
5532.875000	0.379639
5532.750000	0.381165
5532.625000	0.327759
5532.500000	0.335083
5532.375000	0.379334
5532.250000	0.378418
5532.125000	0.289612
5532.000000	0.314026
5531.875000	0.373535
5531.750000	0.288696
5531.625000	0.289307
5531.500000	0.303345
5531.375000	0.353394
5531.250000	0.343628
5531.125000	0.343628
5531.000000	0.325928
5530.875000	0.345764
5530.750000	0.302734
5530.625000	0.335999
5530.500000	0.336914
5530.375000	0.306702
5530.250000	0.320129
5530.125000	0.327149
5530.000000	0.328674
5529.875000	0.322266
5529.750000	0.330811
5529.625000	0.305481
5529.500000	0.238342
5529.375000	0.240173
5529.250000	0.252380
5529.125000	0.238953
5529.000000	0.318604
5528.875000	0.310059
5528.750000	0.310059
5528.625000	0.285034
5528.500000	0.250549
5528.375000	0.278931
5528.250000	0.279846
5528.125000	0.254822
5528.000000	0.295105
5527.875000	0.306397
5527.750000	0.295715
5527.625000	0.297546
5527.500000	0.305786
5527.375000	0.243530
5527.250000	0.230713
5527.125000	0.232239
5527.000000	0.317688
5526.875000	0.202332
5526.750000	0.242920
5526.625000	0.256958
5526.500000	0.255737
5526.375000	0.252380
5526.250000	0.237122
5526.125000	0.209656
5526.000000	0.209961
5525.875000	0.240479
5525.750000	0.214233
5525.625000	0.211487
5525.500000	0.266724
5525.375000	0.267944
5525.250000	0.257874
5525.125000	0.272522
5525.000000	0.222778
5524.875000	0.223389
5524.750000	0.251465
5524.625000	0.242310
5524.500000	0.210877
5524.375000	0.183411
5524.250000	0.183716
5524.125000	0.205383
5524.000000	0.191345
5523.875000	0.171204
5523.750000	0.209351
5523.625000	0.209351
5523.500000	0.212402
5523.375000	0.228577
5523.250000	0.212097
5523.125000	0.212097
5523.000000	0.181275
5522.875000	0.173340
5522.750000	0.177612
5522.625000	0.126953
5522.500000	0.127869
5522.375000	0.113220
5522.250000	0.177002
5522.125000	0.162048
5522.000000	0.162964
5521.875000	0.164795
5521.750000	0.128479
5521.625000	0.122986
5521.500000	0.165405
5521.375000	0.166626
5521.250000	0.153809
5521.125000	0.198364
5521.000000	0.078125
5520.875000	0.174866
5520.750000	0.183716
5520.625000	0.116577
5520.500000	0.170899
5520.375000	0.103760
5520.250000	0.105591
5520.125000	0.188294
5520.000000	0.178223
5519.875000	0.166321
5519.750000	0.163574
5519.625000	0.165405
5519.500000	0.136414
5519.375000	0.145264
5519.250000	0.155640
5519.125000	0.155945
5519.000000	0.157776
5518.875000	0.162964
5518.750000	0.167236
5518.625000	0.169373
5518.500000	0.170593
5518.375000	0.131531
5518.250000	0.155335
5518.125000	0.094605
5518.000000	0.095825
5517.875000	0.083008
5517.750000	0.085449
5517.625000	0.091553
5517.500000	0.037232
5517.375000	0.036011
5517.250000	0.059509
5517.125000	0.087891
5517.000000	0.060425
5516.875000	0.062866
5516.750000	-0.157471
5516.625000	0.080872
5516.500000	0.102844
5516.375000	0.067749
5516.250000	0.069275
5516.125000	0.065308
5516.000000	0.035095
5515.875000	0.081177
5515.750000	0.073853
5515.625000	0.074158
5515.500000	0.047913
5515.375000	0.053101
5515.250000	0.075684
5515.125000	0.075989
5515.000000	0.045776
5514.875000	0.041504
5514.750000	0.017090
5514.625000	0.018005
5514.500000	0.019226
5514.375000	0.083618
5514.250000	0.052185
5514.125000	0.061035
5514.000000	0.061951
5513.875000	0.058289
5513.750000	0.042114
5513.625000	0.048523
5513.500000	0.034180
5513.375000	0.032044
5513.250000	0.019226
5513.125000	0.009766
5513.000000	0.008850
5512.875000	0.006409
5512.750000	0.009461
5512.625000	0.012207
5512.500000	0.033264
5512.375000	-0.040893
5512.250000	-0.041199
5512.125000	-0.024109
5512.000000	-0.026550
5511.875000	-0.008545
5511.750000	-0.008240
5511.625000	-0.032043
5511.500000	-0.021973
5511.375000	-0.015869
5511.250000	-0.016785
5511.125000	-0.016174
5511.000000	-0.011597
5510.875000	-0.058288
5510.750000	-0.028076
5510.625000	-0.026855
5510.500000	-0.025024
5510.375000	-0.074158
5510.250000	-0.061035
5510.125000	-0.078735
5510.000000	-0.076294
5509.875000	-0.040893
5509.750000	-0.061035
5509.625000	-0.058594
5509.500000	-0.092773
5509.375000	-0.091858
5509.250000	-0.100098
5509.125000	-0.065613
5509.000000	-0.079346
5508.875000	-0.078735
5508.750000	-0.083923
5508.625000	-0.066528
5508.500000	-0.065002
5508.375000	-0.057373
5508.250000	-0.057678
5508.125000	-0.097961
5508.000000	-0.116577
5507.875000	-0.109253
5507.750000	-0.106201
5507.625000	-0.106201
5507.500000	-0.093994
5507.375000	-0.121765
5507.250000	-0.147400
5507.125000	-0.145264
5507.000000	-0.080566
5506.875000	-0.090637
5506.750000	-0.143433
5506.625000	-0.101013
5506.500000	-0.101623
5506.375000	-0.136413
5506.250000	-0.117798
5506.125000	-0.106811
5506.000000	-0.104675
5505.875000	-0.117798
5505.750000	-0.130310
5505.625000	-0.116882
5505.500000	-0.108642
5505.375000	-0.106201
5505.250000	-0.119324
5505.125000	-0.120239
5505.000000	-0.100098
5504.875000	-0.098877
5504.750000	-0.118713
5504.625000	-0.093994
5504.500000	-0.092163
5504.375000	-0.127869
5504.250000	-0.127258
5504.125000	-0.135803
5504.000000	-0.114441
5503.875000	-0.108337
5503.750000	-0.107422
5503.625000	-0.089722
5503.500000	-0.110474
5503.375000	-0.101318
5503.250000	-0.111084
5503.125000	-0.111084
5503.000000	-0.107727
5502.875000	-0.096741
5502.750000	-0.138550
5502.625000	-0.075989
5502.500000	-0.076294
5502.375000	-0.111389
5502.250000	-0.127563
5502.125000	-0.131836
5502.000000	-0.129700
5501.875000	-0.163269
5501.750000	-0.128479
5501.625000	-0.109863
5501.500000	-0.155640
5501.375000	-0.156555
5501.250000	-0.160828
5501.125000	-0.126648
5501.000000	-0.161743
5500.875000	-0.160828
5500.750000	-0.159607
5500.625000	-0.133057
5500.500000	-0.155029
5500.375000	-0.137634
5500.250000	-0.134888
5500.125000	-0.144653
5500.000000	-0.141907
5499.875000	-0.144043
5499.750000	-0.141601
5499.625000	-0.135193
5499.500000	-0.129394
5499.375000	-0.137024
5499.250000	-0.187073
5499.125000	-0.183105
5499.000000	-0.178833
5498.875000	-0.153809
5498.750000	-0.170898
5498.625000	-0.198364
5498.500000	-0.178223
5498.375000	-0.183716
5498.250000	-0.187378
5498.125000	-0.167236
5498.000000	-0.167847
5497.875000	-0.187683
5497.750000	-0.191955
5497.625000	-0.229492
5497.500000	-0.206909
5497.375000	-0.208130
5497.250000	-0.176392
5497.125000	-0.209350
5497.000000	-0.251465
5496.875000	-0.249939
5496.750000	-0.217590
5496.625000	-0.199585
5496.500000	-0.220337
5496.375000	-0.219421
5496.250000	-0.216675
5496.125000	-0.207519
5496.000000	-0.205078
5495.875000	-0.156860
5495.750000	-0.153809
5495.625000	-0.192261
5495.500000	-0.219116
5495.375000	-0.195618
5495.250000	-0.238647
5495.125000	-0.234985
5495.000000	-0.254822
5494.875000	-0.251770
5494.750000	-0.260010
5494.625000	-0.254211
5494.500000	-0.218811
5494.375000	-0.268555
5494.250000	-0.246277
5494.125000	-0.242920
5494.000000	-0.238953
5493.875000	-0.294495
5493.750000	-0.212097
5493.625000	-0.299072
5493.500000	-0.263367
5493.375000	-0.266113
5493.250000	-0.313721
5493.125000	-0.277405
5493.000000	-0.286255
5492.875000	-0.285339
5492.750000	-0.264892
5492.625000	-0.235901
5492.500000	-0.257873
5492.375000	-0.232849
5492.250000	-0.230713
5492.125000	-0.291748
5492.000000	-0.292053
5491.875000	-0.300903
5491.750000	-0.298157
5491.625000	-0.265808
5491.500000	-0.270691
5491.375000	-0.295715
5491.250000	-0.287170
5491.125000	-0.285034
5491.000000	-0.291748
5490.875000	-0.232544
5490.750000	-0.285644
5490.625000	-0.281677
5490.500000	-0.310364
5490.375000	-0.312195
5490.250000	-0.351257
5490.125000	-0.324402
5490.000000	-0.324097
5489.875000	-0.302429
5489.750000	-0.299988
5489.625000	-0.328369
5489.500000	-0.326843
5489.375000	-0.327148
5489.250000	-0.357056
5489.125000	-0.309143
5489.000000	-0.324402
5488.875000	-0.322266
5488.750000	-0.339355
5488.625000	-0.365906
5488.500000	-0.300293
5488.375000	-0.294189
5488.250000	-0.347595
5488.125000	-0.333557
5488.000000	-0.329895
5487.875000	-0.357666
5487.750000	-0.354614
5487.625000	-0.331116
5487.500000	-0.340576
5487.375000	-0.358581
5487.250000	-0.328064
5487.125000	-0.332031
5487.000000	-0.346374
5486.875000	-0.365906
5486.750000	-0.323486
5486.625000	-0.321655
5486.500000	-0.380249
5486.375000	-0.378113
5486.250000	-0.406494
5486.125000	-0.376587
5486.000000	-0.377502
5485.875000	-0.384521
5485.750000	-0.374756
5485.625000	-0.420227
5485.500000	-0.421753
5485.375000	-0.358887
5485.250000	-0.367737
5485.125000	-0.376587
5485.000000	-0.374145
5484.875000	-0.375671
5484.750000	-0.355835
5484.625000	-0.370483
5484.500000	-0.375976
5484.375000	-0.373230
5484.250000	-0.421448
5484.125000	-0.423279
5484.000000	-0.399475
5483.875000	-0.406799
5483.750000	-0.406494
5483.625000	-0.366821
5483.500000	-0.389404
5483.375000	-0.387268
5483.250000	-0.361023
5483.125000	-0.359192
5483.000000	-0.375976
5482.875000	-0.390015
5482.750000	-0.395203
5482.625000	-0.392761
5482.500000	-0.376892
5482.375000	-0.413513
5482.250000	-0.421142
5482.125000	-0.373230
5482.000000	-0.375671
5481.875000	-0.396728
5481.750000	-0.389099
5481.625000	-0.402832
5481.500000	-0.398254
5481.375000	-0.415039
5481.250000	-0.415649
5481.125000	-0.433044
5481.000000	-0.425415
5480.875000	-0.424805
5480.750000	-0.460205
5480.625000	-0.400696
5480.500000	-0.376282
5480.375000	-0.436096
5480.250000	-0.440674
5480.125000	-0.403137
5480.000000	-0.421142
5479.875000	-0.433044
5479.750000	-0.430298
5479.625000	-0.459289
5479.500000	-0.429687
5479.375000	-0.431518
5479.250000	-0.444031
5479.125000	-0.442200
5479.000000	-0.417175
5478.875000	-0.451660
5478.750000	-0.504150
5478.625000	-0.503235
5478.500000	-0.443420
5478.375000	-0.465393
5478.250000	-0.480347
5478.125000	-0.476684
5478.000000	-0.476074
5477.875000	-0.501099
5477.750000	-0.446472
5477.625000	-0.470581
5477.500000	-0.468140
5477.375000	-0.493774
5477.250000	-0.498962
5477.125000	-0.491028
5477.000000	-0.466614
5476.875000	-0.466003
5476.750000	-0.492554
5476.625000	-0.461121
5476.500000	-0.427856
5476.375000	-0.490417
5476.250000	-0.475464
5476.125000	-0.469665
5476.000000	-0.484924
5475.875000	-0.495911
5475.750000	-0.495911
5475.625000	-0.455933
5475.500000	-0.444336
5475.375000	-0.444031
5475.250000	-0.480957
5475.125000	-0.478516
5475.000000	-0.491638
5474.875000	-0.506287
5474.750000	-0.485840
5474.625000	-0.487366
5474.500000	-0.514831
5474.375000	-0.538940
5474.250000	-0.484924
5474.125000	-0.492554
5474.000000	-0.492248
5473.875000	-0.493164
5473.750000	-0.492554
5473.625000	-0.526123
5473.500000	-0.525513
5473.375000	-0.523071
5473.250000	-0.508423
5473.125000	-0.511475
5473.000000	-0.500793
5472.875000	-0.500793
5472.750000	-0.526428
5472.625000	-0.509643
5472.500000	-0.510864
5472.375000	-0.535889
5472.250000	-0.523376
5472.125000	-0.513000
5472.000000	-0.513611
5471.875000	-0.507507
5471.750000	-0.506592
5471.625000	-0.517578
5471.500000	-0.534363
5471.375000	-0.540161
5471.250000	-0.540161
5471.125000	-0.502624
5471.000000	-0.484314
5470.875000	-0.509338
5470.750000	-0.511475
5470.625000	-0.510254
5470.500000	-0.514831
5470.375000	-0.527954
5470.250000	-0.552063
5470.125000	-0.509949
5470.000000	-0.539856
5469.875000	-0.538330
5469.750000	-0.567627
5469.625000	-0.553589
5469.500000	-0.554504
5469.375000	-0.547485
5469.250000	-0.568542
5469.125000	-0.544128
5469.000000	-0.525818
5468.875000	-0.528870
5468.750000	-0.514221
5468.625000	-0.565185
5468.500000	-0.538635
5468.375000	-0.537414
5468.250000	-0.520935
5468.125000	-0.536804
5468.000000	-0.527649
5467.875000	-0.529175
5467.750000	-0.527649
5467.625000	-0.540466
5467.500000	-0.553589
5467.375000	-0.552673
5467.250000	-0.525513
5467.125000	-0.530701
5467.000000	-0.525513
5466.875000	-0.569153
5466.750000	-0.549927
5466.625000	-0.552673
5466.500000	-0.564880
5466.375000	-0.545959
5466.250000	-0.582886
5466.125000	-0.562744
5466.000000	-0.561829
5465.875000	-0.561829
5465.750000	-0.543518
5465.625000	-0.550537
5465.500000	-0.548096
5465.375000	-0.541077
5465.250000	-0.569153
5465.125000	-0.517273
5465.000000	-0.560608
5464.875000	-0.560608
5464.750000	-0.605163
5464.625000	-0.558166
5464.500000	-0.579834
5464.375000	-0.578918
5464.250000	-0.599060
5464.125000	-0.539551
5464.000000	-0.517883
5463.875000	-0.592651
5463.750000	-0.591125
5463.625000	-0.614319
5463.500000	-0.584717
5463.375000	-0.596008
5463.250000	-0.556946
5463.125000	-0.554504
5463.000000	-0.580139
5462.875000	-0.588684
5462.750000	-0.575256
5462.625000	-0.575256
5462.500000	-0.566711
5462.375000	-0.572510
5462.250000	-0.583801
5462.125000	-0.607300
5462.000000	-0.607910
5461.875000	-0.641174
5461.750000	-0.576477
5461.625000	-0.615234
5461.500000	-0.614014
5461.375000	-0.581055
5461.250000	-0.555420
5461.125000	-0.608215
5461.000000	-0.581360
5460.875000	-0.581970
5460.750000	-0.574036
5460.625000	-0.574646
5460.500000	-0.585022
5460.375000	-0.584717
5460.250000	-0.664062
5460.125000	-0.607300
5460.000000	-0.596313
5459.875000	-0.600586
5459.750000	-0.601196
5459.625000	-0.627441
5459.500000	-0.630188
5459.375000	-0.588074
5459.250000	-0.583801
5459.125000	-0.625610
5459.000000	-0.608520
5458.875000	-0.550842
5458.750000	-0.619812
5458.625000	-0.619507
5458.500000	-0.594788
5458.375000	-0.651855
5458.250000	-0.586548
5458.125000	-0.554504
5458.000000	-0.560303
5457.875000	-0.623474
5457.750000	-0.606384
5457.625000	-0.602417
5457.500000	-0.603027
5457.375000	-0.614014
5457.250000	-0.664673
5457.125000	-0.619507
5457.000000	-0.667725
5456.875000	-0.667114
5456.750000	-0.605163
5456.625000	-0.607605
5456.500000	-0.619507
5456.375000	-0.619202
5456.250000	-0.613708
5456.125000	-0.619507
5456.000000	-0.572815
5455.875000	-0.604553
5455.750000	-0.605163
5455.625000	-0.546875
5455.500000	-0.624390
5455.375000	-0.598450
5455.250000	-0.592956
5455.125000	-0.615539
5455.000000	-0.648498
5454.875000	-0.598755
5454.750000	-0.596619
5454.625000	-0.596313
5454.500000	-0.611572
5454.375000	-0.589294
5454.250000	-0.583801
5454.125000	-0.614624
5454.000000	-0.619202
5453.875000	-0.634460
5453.750000	-0.614319
5453.625000	-0.614624
5453.500000	-0.615539
5453.375000	-0.609131
5453.250000	-0.607300
5453.125000	-0.625915
5453.000000	-0.592651
5452.875000	-0.592346
5452.750000	-0.605469
5452.625000	-0.604248
5452.500000	-0.622559
5452.375000	-0.621948
5452.250000	-0.652161
5452.125000	-0.579529
5452.000000	-0.585327
5451.875000	-0.634766
5451.750000	-0.635071
5451.625000	-0.621338
5451.500000	-0.656433
5451.375000	-0.624390
5451.250000	-0.622253
5451.125000	-0.649414
5451.000000	-0.591736
5450.875000	-0.647888
5450.750000	-0.623779
5450.625000	-0.621948
5450.500000	-0.681763
5450.375000	-0.643005
5450.250000	-0.633240
5450.125000	-0.592651
5450.000000	-0.624084
5449.875000	-0.657654
5449.750000	-0.651245
5449.625000	-0.621948
5449.500000	-0.619507
5449.375000	-0.611267
5449.250000	-0.616150
5449.125000	-0.625305
5449.000000	-0.627441
5448.875000	-0.626526
5448.750000	-0.627441
5448.625000	-0.674133
5448.500000	-0.663757
5448.375000	-0.661621
5448.250000	-0.622253
5448.125000	-0.604248
5448.000000	-0.638428
5447.875000	-0.634766
5447.750000	-0.635376
5447.625000	-0.648193
5447.500000	-0.657349
5447.375000	-0.654907
5447.250000	-0.653076
5447.125000	-0.617065
5447.000000	-0.616150
5446.875000	-0.671387
5446.750000	-0.626526
5446.625000	-0.627136
5446.500000	-0.615234
5446.375000	-0.634460
5446.250000	-0.632934
5446.125000	-0.629272
5446.000000	-0.651550
5445.875000	-0.633240
5445.750000	-0.670166
5445.625000	-0.627746
5445.500000	-0.624695
5445.375000	-0.683594
5445.250000	-0.655823
5445.125000	-0.636597
5445.000000	-0.626831
5444.875000	-0.630188
5444.750000	-0.653686
5444.625000	-0.645142
5444.500000	-0.684204
5444.375000	-0.683899
5444.250000	-0.647888
5444.125000	-0.675049
5444.000000	-0.625305
5443.875000	-0.652161
5443.750000	-0.652466
5443.625000	-0.642700
5443.500000	-0.624695
5443.375000	-0.622253
5443.250000	-0.623169
5443.125000	-0.612488
5443.000000	-0.640869
5442.875000	-0.648193
5442.750000	-0.680847
5442.625000	-0.680847
5442.500000	-0.646362
5442.375000	-0.677185
5442.250000	-0.644531
5442.125000	-0.641785
5442.000000	-0.679626
5441.875000	-0.650330
5441.750000	-0.610657
5441.625000	-0.636597
5441.500000	-0.635986
5441.375000	-0.632629
5441.250000	-0.671692
5441.125000	-0.687561
5441.000000	-0.647278
5440.875000	-0.638428
5440.750000	-0.659485
5440.625000	-0.632934
5440.500000	-0.668030
5440.375000	-0.667419
5440.250000	-0.647583
5440.125000	-0.629272
5440.000000	-0.648498
5439.875000	-0.644836
5439.750000	-0.638733
5439.625000	-0.637817
5439.500000	-0.656128
5439.375000	-0.629272
5439.250000	-0.628357
5439.125000	-0.641479
5439.000000	-0.631714
5438.875000	-0.649719
5438.750000	-0.686951
5438.625000	-0.690308
5438.500000	-0.650330
5438.375000	-0.649414
5438.250000	-0.658264
5438.125000	-0.657349
5438.000000	-0.683899
5437.875000	-0.668030
5437.750000	-0.649719
5437.625000	-0.649109
5437.500000	-0.648193
5437.375000	-0.629272
5437.250000	-0.641479
5437.125000	-0.662231
5437.000000	-0.662842
5436.875000	-0.651245
5436.750000	-0.687561
5436.625000	-0.644836
5436.500000	-0.679016
5436.375000	-0.679016
5436.250000	-0.637512
5436.125000	-0.654907
5436.000000	-0.644836
5435.875000	-0.641479
5435.750000	-0.661316
5435.625000	-0.656433
5435.500000	-0.660095
5435.375000	-0.663147
5435.250000	-0.660095
5435.125000	-0.651245
5435.000000	-0.665893
5434.875000	-0.671997
5434.750000	-0.606079
5434.625000	-0.616150
5434.500000	-0.680542
5434.375000	-0.656738
5434.250000	-0.701904
5434.125000	-0.699158
5434.000000	-0.638122
5433.875000	-0.659485
5433.750000	-0.663147
5433.625000	-0.625305
5433.500000	-0.623779
5433.375000	-0.636902
5433.250000	-0.629578
5433.125000	-0.666504
5433.000000	-0.664062
5432.875000	-0.677185
5432.750000	-0.692444
5432.625000	-0.694885
5432.500000	-0.631409
5432.375000	-0.631103
5432.250000	-0.651855
5432.125000	-0.669250
5432.000000	-0.686951
5431.875000	-0.671387
5431.750000	-0.675659
5431.625000	-0.679626
5431.500000	-0.618896
5431.375000	-0.655823
5431.250000	-0.656433
5431.125000	-0.671081
5431.000000	-0.661316
5430.875000	-0.688476
5430.750000	-0.696411
5430.625000	-0.697327
5430.500000	-0.695496
5430.375000	-0.711365
5430.250000	-0.646973
5430.125000	-0.647278
5430.000000	-0.668640
5429.875000	-0.603943
5429.750000	-0.667725
5429.625000	-0.691223
5429.500000	-0.690002
5429.375000	-0.639343
5429.250000	-0.653992
5429.125000	-0.651245
5429.000000	-0.651245
5428.875000	-0.680237
5428.750000	-0.656738
5428.625000	-0.653992
5428.500000	-0.665893
5428.375000	-0.664978
5428.250000	-0.700684
5428.125000	-0.666504
5428.000000	-0.627441
5427.875000	-0.655517
5427.750000	-0.687866
5427.625000	-0.708313
5427.500000	-0.660705
5427.375000	-0.661621
5427.250000	-0.661926
5427.125000	-0.621033
5427.000000	-0.670166
5426.875000	-0.672302
5426.750000	-0.652771
5426.625000	-0.652771
5426.500000	-0.671997
5426.375000	-0.662537
5426.250000	-0.650635
5426.125000	-0.651245
5426.000000	-0.662231
5425.875000	-0.629578
5425.750000	-0.675659
5425.625000	-0.659790
5425.500000	-0.660705
5425.375000	-0.675964
5425.250000	-0.656128
5425.125000	-0.717163
5425.000000	-0.717468
5424.875000	-0.695496
5424.750000	-0.662842
5424.625000	-0.688782
5424.500000	-0.678101
5424.375000	-0.679016
5424.250000	-0.690002
5424.125000	-0.669861
5424.000000	-0.721741
5423.875000	-0.718384
5423.750000	-0.720215
5423.625000	-0.702820
5423.500000	-0.712280
5423.375000	-0.660705
5423.250000	-0.661316
5423.125000	-0.645447
5423.000000	-0.679932
5422.875000	-0.690002
5422.750000	-0.661621
5422.625000	-0.664062
5422.500000	-0.662842
5422.375000	-0.676269
5422.250000	-0.665283
5422.125000	-0.664978
5422.000000	-0.683594
5421.875000	-0.665588
5421.750000	-0.682068
5421.625000	-0.658569
5421.500000	-0.658569
5421.375000	-0.643005
5421.250000	-0.602417
5421.125000	-0.668640
5421.000000	-0.668030
5420.875000	-0.666199
5420.750000	-0.644531
5420.625000	-0.674744
5420.500000	-0.651855
5420.375000	-0.655212
5420.250000	-0.640259
5420.125000	-0.668640
5420.000000	-0.682068
5419.875000	-0.679016
5419.750000	-0.685120
5419.625000	-0.668335
5419.500000	-0.650940
5419.375000	-0.693970
5419.250000	-0.693054
5419.125000	-0.673218
5419.000000	-0.670166
5418.875000	-0.654297
5418.750000	-0.646667
5418.625000	-0.653381
5418.500000	-0.691528
5418.375000	-0.654907
5418.250000	-0.652466
5418.125000	-0.650635
5418.000000	-0.664062
5417.875000	-0.695496
5417.750000	-0.682983
5417.625000	-0.675964
5417.500000	-0.675354
5417.375000	-0.636902
5417.250000	-0.695801
5417.125000	-0.664673
5417.000000	-0.664062
5416.875000	-0.664062
5416.750000	-0.661926
5416.625000	-0.695801
5416.500000	-0.644531
5416.375000	-0.642395
5416.250000	-0.676575
5416.125000	-0.693054
5416.000000	-0.668030
5415.875000	-0.664978
5415.750000	-0.706787
5415.625000	-0.661316
5415.500000	-0.686340
5415.375000	-0.679626
5415.250000	-0.677795
5415.125000	-0.681763
5415.000000	-0.668335
5414.875000	-0.641785
5414.750000	-0.635681
5414.625000	-0.674744
5414.500000	-0.652771
5414.375000	-0.666809
5414.250000	-0.641174
5414.125000	-0.638122
5414.000000	-0.666809
5413.875000	-0.667419
5413.750000	-0.668945
5413.625000	-0.658264
5413.500000	-0.659180
5413.375000	-0.656433
5413.250000	-0.685730
5413.125000	-0.673523
5413.000000	-0.672302
5412.875000	-0.686645
5412.750000	-0.634766
5412.625000	-0.689392
5412.500000	-0.663452
5412.375000	-0.661926
5412.250000	-0.672607
5412.125000	-0.643005
5412.000000	-0.658874
5411.875000	-0.659180
5411.750000	-0.673828
5411.625000	-0.690308
5411.500000	-0.633240
5411.375000	-0.658264
5411.250000	-0.656128
5411.125000	-0.668030
5411.000000	-0.687256
5410.875000	-0.684814
5410.750000	-0.681152
5410.625000	-0.665588
5410.500000	-0.699158
5410.375000	-0.653686
5410.250000	-0.676269
5410.125000	-0.676880
5410.000000	-0.658264
5409.875000	-0.703430
5409.750000	-0.691223
5409.625000	-0.645752
5409.500000	-0.650330
5409.375000	-0.661011
5409.250000	-0.678406
5409.125000	-0.635071
5409.000000	-0.634155
5408.875000	-0.660400
5408.750000	-0.648193
5408.625000	-0.661621
5408.500000	-0.671081
5408.375000	-0.670776
5408.250000	-0.663757
5408.125000	-0.662537
5408.000000	-0.651245
5407.875000	-0.650940
5407.750000	-0.705261
5407.625000	-0.686035
5407.500000	-0.661926
5407.375000	-0.663757
5407.250000	-0.665283
5407.125000	-0.641174
5407.000000	-0.655517
5406.875000	-0.639343
5406.750000	-0.639038
5406.625000	-0.674133
5406.500000	-0.666809
5406.375000	-0.682373
5406.250000	-0.653076
5406.125000	-0.653992
5406.000000	-0.707397
5405.875000	-0.701599
5405.750000	-0.684204
5405.625000	-0.694885
5405.500000	-0.688782
5405.375000	-0.697937
5405.250000	-0.668030
5405.125000	-0.660400
5405.000000	-0.658264
5404.875000	-0.700989
5404.750000	-0.714111
5404.625000	-0.676575
5404.500000	-0.690918
5404.375000	-0.692139
5404.250000	-0.679932
5404.125000	-0.659790
5404.000000	-0.656738
5403.875000	-0.657349
5403.750000	-0.690002
5403.625000	-0.696716
5403.500000	-0.679321
5403.375000	-0.668335
5403.250000	-0.670471
5403.125000	-0.668335
5403.000000	-0.640869
5402.875000	-0.639343
5402.750000	-0.639038
5402.625000	-0.653381
5402.500000	-0.658569
5402.375000	-0.699463
5402.250000	-0.647278
5402.125000	-0.647888
5402.000000	-0.668335
5401.875000	-0.651855
5401.750000	-0.697937
5401.625000	-0.692139
5401.500000	-0.675049
5401.375000	-0.683899
5401.250000	-0.691223
5401.125000	-0.641479
5401.000000	-0.642700
5400.875000	-0.645142
5400.750000	-0.708923
5400.625000	-0.680542
5400.500000	-0.688171
5400.375000	-0.688476
5400.250000	-0.628967
5400.125000	-0.627136
5400.000000	-0.676575
