1300.067895	-0.825936368650519
1300.380395	-0.8223746128282644
1300.692895	-0.8012966665743944
1301.005395	-0.842077187368421
1301.317895	-0.838459778098707
1301.630395	-0.8203086662720815
1301.942895	-0.8236273634237844
1302.255395	-0.8215844203290233
1302.567895	-0.8211079037928734
1302.880395	-0.8183676395447097
1303.192895	-0.8341083619972077
1303.505395	-0.8248651295756694
1303.817895	-0.8231591507994902
1304.130395	-0.8248651295756694
1304.442895	-0.8289365589449402
1304.755395	-0.8172198864614825
1305.067895	-0.8321320854719844
1305.380395	-0.8162276607478904
1305.692895	-0.8230027981679111
1306.005395	-0.8170551709087599
1306.317895	-0.8263923634929886
1306.630395	-0.7935097719067565
1306.942895	-0.8193422232793054
1307.255395	-0.815562019031142
1307.567895	-0.8250187701086625
1307.880395	-0.8102773329011109
1308.192895	-0.8325591043574332
1308.505395	-0.8153950438900018
1308.817895	-0.8033204610890547
1309.130395	-0.8031376643853578
1309.442895	-0.8203086662720815
1309.755395	-0.8207885733017667
1310.067895	-0.8242478015224914
1310.380395	-0.8038680926315791
1310.692895	-0.8163940498500577
1311.005395	-0.8165596689419048
1311.317895	-0.8269965290001821
1311.630395	-0.8125202248479331
1311.942895	-0.8163940498500577
1312.255395	-0.8281949931633582
1312.567895	-0.8113170470163298
1312.880395	-0.7999937231578949
1313.192895	-0.8186932276464517
1313.505395	-0.8005535724822436
1313.817895	-0.8001803621246888
1314.130395	-0.8247112631578949
1314.442895	-0.805857662811874
1314.755395	-0.8090541399817885
1315.067895	-0.8290840968858132
1315.380395	-0.814556228378559
1315.692895	-0.8107984914708917
1316.005395	-0.8005535724822436
1316.317895	-0.8203086662720815
1316.630395	-0.807996788333637
1316.942895	-0.7975456172111941
1317.255395	-0.8125202248479331
1317.567895	-0.7964027855509015
1317.880395	-0.8099291429903478
1318.192895	-0.7891748910325987
1318.505395	-0.7905665161221394
1318.817895	-0.8029546417968796
1319.130395	-0.8051371875723912
1319.442895	-0.8099291429903478
1319.755395	-0.8095800495404601
1320.067895	-0.8095800495404601
1320.380395	-0.7962116266666668
1320.692895	-0.8003673860256177
1321.005395	-0.8051371875723912
1321.317895	-0.7925341249693437
1321.630395	-0.8245571708553391
1321.942895	-0.816725062148971
1322.255395	-0.8125202248479331
1322.567895	-0.801666553273842
1322.880395	-0.8163940498500577
1323.192895	-0.8128616337716263
1323.505395	-0.807996788333637
1323.817895	-0.8193422232793054
1324.130395	-0.8025879189655801
1324.442895	-0.8078198683372791
1324.755395	-0.8120058546761368
1325.067895	-0.8163940498500577
1325.380395	-0.8085267704862502
1325.692895	-0.8045949007940267
1326.005395	-0.824402346335215
1326.317895	-0.7988685290305348
1326.630395	-0.8007395330540885
1326.942895	-0.8114900119698901
1327.255395	-0.8078198683372791
1327.567895	-0.7703024529156802
1327.880395	-0.7977351941613549
1328.192895	-0.7899713702422144
1328.505395	-0.7903679276391671
1328.817895	-0.7971657856565288
1329.130395	-0.8025879189655801
1329.442895	-0.8018511577963943
1329.755395	-0.8067530198980148
1330.067895	-0.7865621616900382
1330.380395	-0.8188556828701512
1330.692895	-0.8325591043574332
1331.005395	-0.7948665573969526
1331.317895	-0.8296724701985067
1331.630395	-0.7979245452267347
1331.942895	-0.811834132992169
1332.255395	-0.8137117583391003
1332.567895	-0.8001803621246888
1332.880395	-0.813202139156195
1333.192895	-0.8071093461045347
1333.505395	-0.8074647687719299
1333.817895	-0.8085267704862502
1334.130395	-0.7964027855509015
1334.442895	-0.7979245452267347
1334.755395	-0.806216249347417
1335.067895	-0.7964027855509015
1335.380395	-0.8090541399817885
1335.692895	-0.7983031886735872
1336.005395	-0.7799679739100346
1336.317895	-0.804413092249135
1336.630395	-0.7824680130625874
1336.942895	-0.8102773329011109
1337.255395	-0.7901697618830814
1337.567895	-0.7964027855509015
1337.880395	-0.7742234738918229
1338.192895	-0.8035036301293026
1338.505395	-0.8067530198980148
1338.817895	-0.7841163911855765
1339.130395	-0.8063952037880167
1339.442895	-0.792925446119104
1339.755395	-0.7931204472664359
1340.067895	-0.8053174980622839
1340.380395	-0.7887756215370605
1340.692895	-0.8051371875723912
1341.005395	-0.8027713933236205
1341.317895	-0.8018511577963943
1341.630395	-0.799619767569963
1341.942895	-0.7988685290305348
1342.255395	-0.7973558143762519
1342.567895	-0.7938988290220361
1342.880395	-0.8230027981679111
1343.192895	-0.7964027855509015
1343.505395	-0.7948665573969526
1343.817895	-0.7919464086881564
1344.130395	-0.8094045902215747
1344.442895	-0.7816380577138349
1344.755395	-0.816725062148971
1345.067895	-0.7933152225289868
1345.380395	-0.7962116266666668
1345.692895	-0.7843213371881259
1346.005395	-0.7812220638572209
1346.317895	-0.8099291429903478
1346.630395	-0.7971657856565288
1346.942895	-0.8081734824452134
1347.255395	-0.8128616337716263
1347.567895	-0.7977351941613549
1347.880395	-0.7654103503915499
1348.192895	-0.7971657856565288
1348.505395	-0.806037069022036
1348.817895	-0.7956361653615007
1349.130395	-0.782053148031324
1349.442895	-0.7772222711090877
1349.755395	-0.8036859743228312
1350.067895	-0.7956361653615007
1350.380395	-0.7919464086881564
1350.692895	-0.7956361653615007
1351.005395	-0.7946729576446308
1351.317895	-0.8049566511977175
1351.630395	-0.7999937231578949
1351.942895	-0.7887756215370605
1352.255395	-0.7911589782055485
1352.567895	-0.7531750670491106
1352.880395	-0.7793375314745341
1353.192895	-0.7867643955940025
1353.505395	-0.8031376643853578
1353.817895	-0.7877728358295393
1354.130395	-0.8102773329011109
1354.442895	-0.7867643955940025
1354.755395	-0.7990565240466216
1355.067895	-0.780595694015662
1355.380395	-0.7931204472664359
1355.692895	-0.7744390424039338
1356.005395	-0.787571732090087
1356.317895	-0.7855469367619741
1356.630395	-0.793704095399745
1356.942895	-0.8024042187227585
1357.255395	-0.7797575942196322
1357.567895	-0.7483934908468404
1357.880395	-0.7877728358295393
1358.192895	-0.8040499850555454
1358.505395	-0.793704095399745
1358.817895	-0.7727074571954107
1359.130395	-0.7778595019425729
1359.442895	-0.7744390424039338
1359.755395	-0.7740076794949311
1360.067895	-0.7816380577138349
1360.380395	-0.782053148031324
1360.692895	-0.7832936730395194
1361.005395	-0.7967844256650277
1361.317895	-0.7960202418976507
1361.630395	-0.7649597162860438
1361.942895	-0.782674766883992
1362.255395	-0.8104510890293206
1362.567895	-0.7881750231578947
1362.880395	-0.7763703936854245
1363.192895	-0.7709606852413038
1363.505395	-0.7845260573058944
1363.817895	-0.8001803621246888
1364.130395	-0.7757284118630488
1364.442895	-0.7678700839810602
1364.755395	-0.7689791644399927
1365.067895	-0.7832936730395194
1365.380395	-0.7759423984410855
1365.692895	-0.8130319994063012
1366.005395	-0.7667553489941115
1366.317895	-0.7527012126206518
1366.630395	-0.7647344288034966
1366.942895	-0.7889753692272203
1367.255395	-0.8191804464505554
1367.567895	-0.7905665161221394
1367.880395	-0.7763703936854245
1368.192895	-0.7390582613670855
1368.505395	-0.7746543850312633
1368.817895	-0.7839112192982456
1369.130395	-0.7642831761840587
1369.442895	-0.7793375314745341
1369.755395	-0.7901697618830814
1370.067895	-0.7885756479621198
1370.380395	-0.7689791644399927
1370.692895	-0.8051371875723912
1371.005395	-0.7810130446621744
1371.317895	-0.7835001978692405
1371.630395	-0.7835001978692405
1371.942895	-0.7782827285558187
1372.255395	-0.7629232521471498
1372.567895	-0.7711796442469496
1372.880395	-0.7863597019012931
1373.192895	-0.7960202418976507
1373.505395	-0.7919464086881564
1373.817895	-0.7727074571954107
1374.130395	-0.783087596872458
1374.442895	-0.7552977694846112
1374.755395	-0.7935097719067565
1375.067895	-0.7709606852413038
1375.380395	-0.7488754815710557
1375.692895	-0.7752997610526317
1376.005395	-0.7665318700710253
1376.317895	-0.782674766883992
1376.630395	-0.7843213371881259
1376.942895	-0.7767967841668184
1377.255395	-0.7636038603970133
1377.567895	-0.7654103503915499
1377.880395	-0.7541208383949493
1378.192895	-0.7626959309609664
1378.505395	-0.750077291101803
1378.817895	-0.7729246076415954
1379.130395	-0.7952518131487889
1379.442895	-0.7698617799684333
1379.755395	-0.7950592982152614
1380.067895	-0.768535774948097
1380.380395	-0.7510348240138409
1380.692895	-0.7784940030352699
1381.005395	-0.7722717648272932
1381.317895	-0.7417941277192981
1381.630395	-0.7737909505785225
1381.942895	-0.7479105965835002
1382.255395	-0.7692001571492747
1382.567895	-0.7752997610526317
1382.880395	-0.7592567365992837
1383.192895	-0.7841163911855765
1383.505395	-0.768535774948097
1383.817895	-0.7651855154191707
1384.130395	-0.7992449084429065
1384.442895	-0.7797575942196322
1384.755395	-0.7665318700710253
1385.067895	-0.7585624872263703
1385.380395	-0.7569356677180843
1385.692895	-0.7849354892478603
1386.005395	-0.7722717648272932
1386.317895	-0.7557666514854613
1386.630395	-0.7656349594791477
1386.942895	-0.7578669616936806
1387.255395	-0.7791271612748133
1387.567895	-0.7642831761840587
1387.880395	-0.7716176006495479
1388.192895	-0.7624676374625144
1388.505395	-0.7724893677836462
1388.817895	-0.7787050516299399
1389.130395	-0.7692001571492747
1389.442895	-0.7488754815710557
1389.755395	-0.7505561179578705
1390.067895	-0.7740076794949311
1390.380395	-0.74572479302495
1390.692895	-0.7442576788490257
1391.005395	-0.7703024529156802
1391.317895	-0.7694209239737753
1391.630395	-0.7665318700710253
1391.942895	-0.7412990282717172
1392.255395	-0.760638370763067
1392.567895	-0.7613265101329448
1392.880395	-0.7486345991513385
1393.192895	-0.7631503474485523
1393.505395	-0.7594874482790019
1393.817895	-0.751750012631579
1394.130395	-0.7594874482790019
1394.442895	-0.7410511397207552
1394.755395	-0.7724893677836462
1395.067895	-0.7578669616936806
1395.380395	-0.7669786020324167
1395.692895	-0.7503168174722274
1396.005395	-0.7555323234274267
1396.317895	-0.7548279839446368
1396.630395	-0.7491161381059916
1396.942895	-0.7636038603970133
1397.255395	-0.7615551873684212
1397.567895	-0.7503168174722274
1397.880395	-0.7789165651903114
1398.192895	-0.7808044822813088
1398.505395	-0.7592567365992837
1398.817895	-0.7462117561767743
1399.130395	-0.7640572110471682
1399.442895	-0.7550629896570145
1399.755395	-0.750077291101803
1400.067895	-0.7617836387191161
1400.380395	-0.7692001571492747
1400.692895	-0.7583308712669217
1401.005395	-0.7617836387191161
1401.317895	-0.7645089154361684
1401.630395	-0.7555323234274267
1401.942895	-0.7731415322029989
1402.255395	-0.7669786020324167
1402.567895	-0.7437671000594913
1402.880395	-0.7678700839810602
1403.192895	-0.7352840382152612
1403.505395	-0.7557666514854613
1403.817895	-0.7422891330431615
1404.130395	-0.7767967841668184
1404.442895	-0.7663074314332543
1404.755395	-0.7759423984410855
1405.067895	-0.7388083383718814
1405.380395	-0.748152156657561
1405.692895	-0.7309444728950404
1406.005395	-0.7408022114235415
1406.317895	-0.7440125023966492
1406.630395	-0.7622398637661629
1406.942895	-0.7552977694846112
1407.255395	-0.743274811280277
1407.567895	-0.7645089154361684
1407.880395	-0.7427824239312815
1408.192895	-0.7512734461045347
1408.505395	-0.7474260049280641
1408.817895	-0.7587946355855035
1409.130395	-0.7360426211509742
1409.442895	-0.750077291101803
1409.755395	-0.7233909471255995
1410.067895	-0.7435206661276027
1410.380395	-0.7212732070126874
1410.692895	-0.7571686397268257
1411.005395	-0.7529382527772719
1411.317895	-0.7555323234274267
1411.630395	-0.7505561179578705
1411.942895	-0.7555323234274267
1412.255395	-0.7529382527772719
1412.567895	-0.7164566733139075
1412.880395	-0.737805564789656
1413.192895	-0.7262776979348025
1413.505395	-0.7383078147271294
1413.817895	-0.737303232585443
1414.130395	-0.7309444728950404
1414.442895	-0.7610968561391367
1414.755395	-0.737303232585443
1415.067895	-0.7309444728950404
1415.380395	-0.7576346680798882
1415.692895	-0.7388083383718814
1416.005395	-0.737805564789656
1416.317895	-0.7645089154361684
1416.630395	-0.7507959760383659
1416.942895	-0.7545919807248225
1417.255395	-0.7417941277192981
1417.567895	-0.7322268596794754
1417.880395	-0.7228624367619743
1418.192895	-0.7599489485631032
1418.505395	-0.7564690460462575
1418.817895	-0.7301714852230922
1419.130395	-0.7403053034164997
1419.442895	-0.74572479302495
1419.755395	-0.7383078147271294
1420.067895	-0.7403053034164997
1420.380395	-0.7592567365992837
1420.692895	-0.7370517276561646
1421.005395	-0.7495975607066108
1421.317895	-0.7352840382152612
1421.630395	-0.7281016422885934
1421.942895	-0.7239176882170826
1422.255395	-0.7380572140775814
1422.567895	-0.7273211878237116
1422.880395	-0.7403053034164997
1423.192895	-0.7228624367619743
1423.505395	-0.7437671000594913
1423.817895	-0.7352840382152612
1424.130395	-0.7471837664590543
1424.442895	-0.7352840382152612
1424.755395	-0.7536487925259514
1425.067895	-0.7293973073502094
1425.380395	-0.737303232585443
1425.692895	-0.7360426211509742
1426.005395	-0.7257550242505918
1426.317895	-0.7278411494093364
1426.630395	-0.7319708340921509
1426.942895	-0.7247061057184485
1427.255395	-0.7223338871110302
1427.567895	-0.7247061057184485
1427.880395	-0.7121135037406666
1428.192895	-0.7395582472700784
1428.505395	-0.7233909471255995
1428.817895	-0.7519887368421052
1429.130395	-0.7134770194330116
1429.442895	-0.7599489485631032
1429.755395	-0.7408022114235415
1430.067895	-0.7288792106550113
1430.380395	-0.7254933485813149
1430.692895	-0.7427824239312815
1431.005395	-0.7317145826200449
1431.317895	-0.7510348240138409
1431.630395	-0.7390582613670855
1431.942895	-0.7281016422885934
1432.255395	-0.7233909471255995
1432.567895	-0.7454809726218661
1432.880395	-0.7306864743811083
1433.192895	-0.7137488658422874
1433.505395	-0.7449918528974686
1433.817895	-0.7270608682037274
1434.130395	-0.7495975607066108
1434.442895	-0.7156463516772901
1434.755395	-0.7180703252886542
1435.067895	-0.7249693195884174
1435.380395	-0.711840301282098
1435.692895	-0.730429092744491
1436.005395	-0.7286202470843199
1436.317895	-0.7355371250786134
1436.630395	-0.7615551873684212
1436.942895	-0.7347763551884904
1437.255395	-0.7286202470843199
1437.567895	-0.7385581894918958
1437.880395	-0.730429092744491
1438.192895	-0.7140204863667821
1438.505395	-0.7180703252886542
1438.817895	-0.7010027402112549
1439.130395	-0.7365472136842105
1439.442895	-0.732739070775208
1439.755395	-0.7505561179578705
1440.067895	-0.724443525769441
1440.380395	-0.7142927704534694
1440.692895	-0.7241807199356523
1441.005395	-0.7191418626734658
1441.317895	-0.730429092744491
1441.630395	-0.6605194468512111
1441.942895	-0.693298167637953
1442.255395	-0.7110184402586051
1442.567895	-0.7001553334547441
1442.880395	-0.6833618737072786
1443.192895	-0.724443525769441
1443.505395	-0.6880705109160444
1443.817895	-0.7393079584775086
1444.130395	-0.6818784901730104
1444.442895	-0.7220692734583865
1444.755395	-0.7281016422885934
1445.067895	-0.7026923754070297
1445.380395	-0.7196758365215808
1445.692895	-0.693587231662721
1446.005395	-0.7249693195884174
1446.317895	-0.6886556176907668
1446.630395	-0.6874854574831544
1446.942895	-0.7180703252886542
1447.255395	-0.6794939030122018
1447.567895	-0.7169951678200692
1447.880395	-0.6880705109160444
1448.192895	-0.6833618737072786
1448.505395	-0.6740749366344928
1448.817895	-0.7337599388465974
1449.130395	-0.6955986789910763
1449.442895	-0.7010027402112549
1449.755395	-0.7060472235731198
1450.067895	-0.690403594128574
1450.380395	-0.7035345994002307
1450.692895	-0.68777809714199
1451.005395	-0.7183383294348329
1451.317895	-0.694737448818066
1451.630395	-0.7121135037406666
1451.942895	-0.6909841269034178
1452.255395	-0.6889473530698719
1452.567895	-0.6497450608571602
1452.880395	-0.7046531749116737
1453.192895	-0.6833618737072786
1453.505395	-0.6950244383949493
1453.817895	-0.6866052211303344
1454.130395	-0.6871925919395374
1454.442895	-0.6713374785115036
1454.755395	-0.7046531749116737
1455.067895	-0.6794939030122018
1455.380395	-0.7104700008972258
1455.692895	-0.6728604400364232
1456.005395	-0.6701158402913859
1456.317895	-0.6987375402221818
1456.630395	-0.6950244383949493
1456.942895	-0.6548481085849572
1457.255395	-0.6924324531050812
1457.567895	-0.6393663472348692
1457.880395	-0.686017907368421
1458.192895	-0.7082663023128757
1458.505395	-0.6731641547149882
1458.817895	-0.7074356177065502
1459.130395	-0.6670439123414071
1459.442895	-0.6654994665743945
1459.755395	-0.7046531749116737
1460.067895	-0.6848396027135313
1460.380395	-0.6964569348825351
1460.692895	-0.648782386207734
1461.005395	-0.6731641547149882
1461.317895	-0.6623936114563225
1461.630395	-0.6484610428883628
1461.942895	-0.7153760872020882
1462.255395	-0.693298167637953
1462.567895	-0.6734686381824804
1462.880395	-0.6595798257803679
1463.192895	-0.6924324531050812
1463.505395	-0.6880705109160444
1463.817895	-0.6698088624585685
1464.130395	-0.6633281505445274
1464.442895	-0.6707271111710071
1464.755395	-0.6630172038499362
1465.067895	-0.6608322021052632
1465.380395	-0.6782956923438355
1465.692895	-0.6209853813816548
1466.005395	-0.6445841155053724
1466.317895	-0.5714827632793056
1466.630395	-0.6598932586887635
1466.942895	-0.6676597038790749
1467.255395	-0.6651901018138773
1467.567895	-0.6106715705700236
1467.880395	-0.630094350482608
1468.192895	-0.6551649319868876
1468.505395	-0.633093309875554
1468.817895	-0.64165637574698
1469.130395	-0.6532595604637893
1469.442895	-0.6449092337716263
1469.755395	-0.6347519689564743
1470.067895	-0.667967260820737
1470.380395	-0.6257284761622048
1470.692895	-0.6704215886735871
1471.005395	-0.6695026615661993
1471.317895	-0.6350828053615006
1471.630395	-0.6545310592982456
1471.942895	-0.6423083295865962
1472.255395	-0.6529413810125662
1472.567895	-0.6503867640429795
1472.880395	-0.6449092337716263
1473.192895	-0.6274120136842106
1473.505395	-0.6354134158817459
1473.817895	-0.6576934522855582
1474.130395	-0.643610591720998
1474.442895	-0.6516653578146058
1474.755395	-0.6423083295865962
1475.067895	-0.6455566669531962
1475.380395	-0.6260665195058581
1475.692895	-0.6815813298561282
1476.005395	-0.5923117936004372
1476.317895	-0.6561150830559097
1476.630395	-0.6270759789667942
1476.942895	-0.6274120136842106
1477.255395	-0.6497450608571602
1477.567895	-0.6334252764450921
1477.880395	-0.6538952417118922
1478.192895	-0.6390373741079343
1478.505395	-0.6350828053615006
1478.817895	-0.6445841155053724
1479.130395	-0.6203044979967218
1479.442895	-0.6071880255885388
1479.755395	-0.6661175184410855
1480.067895	-0.6462031965956414
1480.380395	-0.5933870233035877
1480.692895	-0.6220050123231956
1481.005395	-0.6432856320233109
1481.317895	-0.6005079045711164
1481.630395	-0.5923117936004372
1481.942895	-0.5766671031578948
1482.255395	-0.6240392841121836
1482.567895	-0.6253913112802768
1482.880395	-0.6240392841121836
1483.192895	-0.6284198616876101
1483.505395	-0.6370641601056274
1483.817895	-0.619280359617556
1484.130395	-0.5818059096703697
1484.442895	-0.6220050123231956
1484.755395	-0.6120577477083713
1485.067895	-0.5869015886250227
1485.380395	-0.6151656881333091
1485.692895	-0.5762985225168458
1486.005395	-0.6099759875177564
1486.317895	-0.5983802088945547
1486.630395	-0.601920299156195
1486.942895	-0.545675563508772
1487.255395	-0.6061380926315789
1487.567895	-0.6106715705700236
1487.880395	-0.6036818624949919
1488.192895	-0.5958891554616645
1488.505395	-0.5670044571735567
1488.817895	-0.5858129649134948
1489.130395	-0.5990907336842105
1489.442895	-0.5799765669580527
1489.755395	-0.6071880255885388
1490.067895	-0.5506900027426699
1490.380395	-0.6253913112802768
1490.692895	-0.5487656030777637
1491.005395	-0.5556662289273357
1491.317895	-0.5962455316590786
1491.630395	-0.588349522811874
1491.942895	-0.5825372617968798
1492.255395	-0.558329811720998
1492.567895	-0.5748207293097796
1492.880395	-0.5537565288119954
1493.192895	-0.5832665126680022
1493.505395	-0.5560472406374067
1493.817895	-0.5966028493061374
1494.130395	-0.5386678302677108
1494.442895	-0.5613614021052631
1494.755395	-0.5923117936004372
1495.067895	-0.5792420457767256
1495.380395	-0.5560472406374067
1495.692895	-0.5714827632793056
1496.005395	-0.5799765669580527
1496.317895	-0.5774035867856493
1496.630395	-0.5499201649972683
1496.942895	-0.5681276990457111
1497.255395	-0.5847234955818613
1497.567895	-0.5636249751605659
1497.880395	-0.587625415298974
1498.192895	-0.5541386706865781
1498.505395	-0.5740810818138773
1498.817895	-0.5632484841085413
1499.130395	-0.5711110180295028
1499.442895	-0.5613614021052631
1499.755395	-0.591233352485886
1500.067895	-0.5887106448115098
1500.380395	-0.5923117936004372
1500.692895	-0.605437771305773
1501.005395	-0.5564280264626965
1501.317895	-0.5755594732665574
1501.630395	-0.5854500343543981
1501.942895	-0.560225942451284
1502.255395	-0.5421808585576399
1502.567895	-0.5725978599635768
1502.880395	-0.5879869898087781
1503.192895	-0.5699944269714078
1503.505395	-0.5755594732665574
1503.817895	-0.5236362380914223
1504.130395	-0.546835548884842
1504.442895	-0.5755594732665574
1504.755395	-0.6033302328404055
1505.067895	-0.5658804074740484
1505.380395	-0.5590896883081407
1505.692895	-0.5770354579141627
1506.005395	-0.5483802973350331
1506.317895	-0.53788523948279
1506.630395	-0.5807089816973229
1506.942895	-0.5879869898087781
1507.255395	-0.5766671031578948
1507.567895	-0.5655052724713168
1507.880395	-0.537493605263158
1508.192895	-0.6029783773010381
1508.505395	-0.5587104851575306
1508.817895	-0.5821722975341468
1509.130395	-0.6022728330905118
1509.442895	-0.5414023366612033
1509.755395	-0.5402315804516482
1510.067895	-0.5518411741686396
1510.380395	-0.5818059096703697
1510.692895	-0.5718555003690888
1511.005395	-0.5606042420627695
1511.317895	-0.5410114591379834
1511.630395	-0.5196257326000121
1511.942895	-0.550305827164451
1512.255395	-0.5722267931087235
1512.567895	-0.5696217781824804
1512.880395	-0.5568098337691981
1513.192895	-0.572968700933649
1513.505395	-0.5541386706865781
1513.817895	-0.5651286805208523
1514.130395	-0.5359235221562557
1514.442895	-0.5371017451587448
1514.755395	-0.5575702745146605
1515.067895	-0.5617390233217994
1515.380395	-0.5606042420627695
1515.692895	-0.5514576762447642
1516.005395	-0.5526087478795605
1516.317895	-0.5390600682862866
1516.630395	-0.5799765669580527
1516.942895	-0.53788523948279
1517.255395	-0.5770354579141627
1517.567895	-0.5256330090451041
1517.880395	-0.5887106448115098
1518.192895	-0.5564280264626965
1518.505395	-0.5879869898087781
1518.817895	-0.5969587729933832
1519.130395	-0.5425697806786864
1519.442895	-0.5670044571735567
1519.755395	-0.570739046894919
1520.067895	-0.5843598873684211
1520.380395	-0.5666299998251685
1520.692895	-0.560225942451284
1521.005395	-0.6189389007029684
1521.317895	-0.5966028493061374
1521.630395	-0.5737109192387544
1521.942895	-0.601920299156195
1522.255395	-0.5759297159910156
1522.567895	-0.5777714897723547
1522.880395	-0.5514576762447642
1523.192895	-0.5966028493061374
1523.505395	-0.6137865177490439
1523.817895	-0.5766671031578948
1524.130395	-0.6033302328404055
1524.442895	-0.5836307992763917
1524.755395	-0.5955325533794695
1525.067895	-0.5944613918241972
1525.380395	-0.6036818624949919
1525.692895	-0.6068386562629757
1526.005395	-0.6026262958768894
1526.317895	-0.5948186715607358
1526.630395	-0.6233624681345231
1526.942895	-0.630094350482608
1527.255395	-0.611711542250956
1527.567895	-0.5969587729933832
1527.880395	-0.6400214649426335
1528.192895	-0.5933870233035877
1528.505395	-0.5951757254124932
1528.817895	-0.6250539205135677
1529.130395	-0.6168842792824623
1529.442895	-0.5937449814350756
1529.755395	-0.6196215926473623
1530.067895	-0.6390373741079343
1530.380395	-0.6134414424561404
1530.692895	-0.6134414424561404
1531.005395	-0.6134414424561404
1531.317895	-0.6213254842469496
1531.630395	-0.6257284761622048
1531.942895	-0.6237009890657439
1532.255395	-0.6393663472348692
1532.567895	-0.64133006
1532.880395	-0.6377235215734839
1533.192895	-0.6324286990821344
1533.505395	-0.6250539205135677
1533.817895	-0.6526229756765617
1534.130395	-0.634089618492078
1534.442895	-0.6658086054501304
1534.755395	-0.6377235215734839
1535.067895	-0.6462031965956414
1535.380395	-0.6564310021781097
1535.692895	-0.671032407783646
1536.005395	-0.6673519210526316
1536.317895	-0.630094350482608
1536.630395	-0.6636388713543375
1536.942895	-0.6423083295865962
1537.255395	-0.6794939030122018
1537.567895	-0.6474946014435744
1537.880395	-0.6815813298561282
1538.192895	-0.6698088624585685
1538.505395	-0.6691962347890488
1538.817895	-0.6654994665743945
1539.130395	-0.6688895821271171
1539.442895	-0.6617701353924603
1539.755395	-0.6403486849693438
1540.067895	-0.6848396027135313
1540.380395	-0.681283943654465
1540.692895	-0.6406756791112731
1541.005395	-0.6915637561391368
1541.317895	-0.6722523330249499
1541.630395	-0.679792645263158
1541.942895	-0.6728604400364232
1542.255395	-0.7121135037406666
1542.567895	-0.7035345994002307
1542.880395	-0.694737448818066
1543.192895	-0.6918532319298245
1543.505395	-0.6970289114441814
1543.817895	-0.7218035652230923
1544.130395	-0.7049331687197232
1544.442895	-0.6950244383949493
1544.755395	-0.7066038058872094
1545.067895	-0.6918532319298245
1545.380395	-0.6909841269034178
1545.692895	-0.691274054463668
1546.005395	-0.6833618737072786
1546.317895	-0.6941627920099557
1546.630395	-0.7099206579967219
1546.942895	-0.7275812815589147
1547.255395	-0.7352840382152612
1547.567895	-0.7004380282583622
1547.880395	-0.7060472235731198
1548.192895	-0.7370517276561646
1548.505395	-0.7068813023784375
1548.817895	-0.6978837768421052
1549.130395	-0.7403053034164997
1549.442895	-0.7515118423104474
1549.755395	-0.6918532319298245
1550.067895	-0.7010027402112549
1550.380395	-0.7194089625399138
1550.692895	-0.7357899860571845
1551.005395	-0.720741945263158
1551.317895	-0.732739070775208
1551.630395	-0.7440125023966492
1551.942895	-0.7510348240138409
1552.255395	-0.7393079584775086
1552.567895	-0.7322268596794754
1552.880395	-0.7529382527772719
1553.192895	-0.7335044346979909
1553.505395	-0.7286202470843199
1553.817895	-0.7617836387191161
1554.130395	-0.7417941277192981
1554.442895	-0.7286202470843199
1554.755395	-0.7286202470843199
1555.067895	-0.7342685987871062
1555.380395	-0.7367999968421053
1555.692895	-0.720741945263158
1556.005395	-0.7505561179578705
1556.317895	-0.7355371250786134
1556.630395	-0.7417941277192981
1556.942895	-0.7218035652230923
1557.255395	-0.7278411494093364
1557.567895	-0.7498375388465974
1557.880395	-0.737303232585443
1558.192895	-0.7622398637661629
1558.505395	-0.7585624872263703
1558.817895	-0.742041338615917
1559.130395	-0.7400565105858071
1559.442895	-0.7617836387191161
1559.755395	-0.7324834976980514
1560.067895	-0.7440125023966492
1560.380395	-0.7393079584775086
1560.692895	-0.7479105965835002
1561.005395	-0.7569356677180843
1561.317895	-0.7649597162860438
1561.630395	-0.7355371250786134
1561.942895	-0.7601789818478724
1562.255395	-0.7555323234274267
1562.567895	-0.7705220895756693
1562.880395	-0.7669786020324167
1563.192895	-0.7709606852413038
1563.505395	-0.7447473540994355
1563.817895	-0.7571686397268257
1564.130395	-0.7403053034164997
1564.442895	-0.74572479302495
1564.755395	-0.7417941277192981
1565.067895	-0.7498375388465974
1565.380395	-0.7629232521471498
1565.692895	-0.7707415003508772
1566.005395	-0.7624676374625144
1566.317895	-0.7703024529156802
1566.630395	-0.7587946355855035
1566.942895	-0.7631503474485523
1567.255395	-0.7735747036714624
1567.567895	-0.7574021485813149
1567.880395	-0.7636038603970133
1568.192895	-0.7522264546530688
1568.505395	-0.7594874482790019
1568.817895	-0.7592567365992837
1569.130395	-0.7808044822813088
1569.442895	-0.7422891330431615
1569.755395	-0.7594874482790019
1570.067895	-0.7524639465792509
1570.380395	-0.7488754815710557
1570.692895	-0.7592567365992837
1571.005395	-0.7601789818478724
1571.317895	-0.7683141038438659
1571.630395	-0.7360426211509742
1571.942895	-0.7471837664590543
1572.255395	-0.7610968561391367
1572.567895	-0.753884928402841
1572.880395	-0.7633772168651733
1573.192895	-0.7631503474485523
1573.505395	-0.7631503474485523
1573.817895	-0.7622398637661629
1574.130395	-0.7881750231578947
1574.442895	-0.7622398637661629
1574.755395	-0.7674244304546836
1575.067895	-0.7594874482790019
1575.380395	-0.7859541046694591
1575.692895	-0.7716176006495479
1576.005395	-0.782674766883992
1576.317895	-0.7799679739100346
1576.630395	-0.7867643955940025
1576.942895	-0.7765837018685122
1577.255395	-0.7617836387191161
1577.567895	-0.7780712281915864
1577.880395	-0.7610968561391367
1578.192895	-0.7791271612748133
1578.505395	-0.796974906894919
1578.817895	-0.7923384454270626
1579.130395	-0.7994324509488255
1579.442895	-0.7711796442469496
1579.755395	-0.7855469367619741
1580.067895	-0.7713983773678139
1580.380395	-0.7698617799684333
1580.692895	-0.7845260573058944
1581.005395	-0.782053148031324
1581.317895	-0.7911589782055485
1581.630395	-0.7731415322029989
1581.942895	-0.7510348240138409
1582.255395	-0.7824680130625874
1582.567895	-0.7744390424039338
1582.880395	-0.8025879189655801
1583.192895	-0.7787050516299399
1583.505395	-0.7990565240466216
1583.817895	-0.7871688469568385
1584.130395	-0.7440125023966492
1584.442895	-0.7960202418976507
1584.755395	-0.7787050516299399
1585.067895	-0.7895739093061371
1585.380395	-0.7915534684101256
1585.692895	-0.7903679276391671
1586.005395	-0.7818457158149699
1586.317895	-0.7512734461045347
1586.630395	-0.7694209239737753
1586.942895	-0.7814301737279186
1587.255395	-0.782674766883992
1587.567895	-0.7720539359861593
1587.880395	-0.7705220895756693
1588.192895	-0.7707415003508772
1588.505395	-0.7911589782055485
1588.817895	-0.7604087892478602
1589.130395	-0.7694209239737753
1589.442895	-0.7933152225289868
1589.755395	-0.7847312216402598
1590.067895	-0.783087596872458
1590.380395	-0.8088785760347235
1590.692895	-0.7799679739100346
1591.005395	-0.7863597019012931
1591.317895	-0.7746543850312633
1591.630395	-0.7965937185503551
1591.942895	-0.8040499850555454
1592.255395	-0.7967844256650277
1592.567895	-0.7885756479621198
1592.880395	-0.8012966665743944
1593.192895	-0.7917500514915317
1593.505395	-0.7964027855509015
1593.817895	-0.7907642293680568
1594.130395	-0.7808044822813088
1594.442895	-0.7735747036714624
1594.755395	-0.7812220638572209
1595.067895	-0.7871688469568385
1595.380395	-0.7767967841668184
1595.692895	-0.8072871703806229
1596.005395	-0.8031376643853578
1596.317895	-0.7923384454270626
1596.630395	-0.7909617167291934
1596.942895	-0.7913560137971227
1597.255395	-0.7986803081296668
1597.567895	-0.7931204472664359
1597.880395	-0.7927302190869907
1598.192895	-0.7925341249693437
1598.505395	-0.7889753692272203
1598.817895	-0.7839112192982456
1599.130395	-0.7816380577138349
1599.442895	-0.7879737136842107
1599.755395	-0.7755141994002306
1600.067895	-0.7962116266666668
1600.380395	-0.813202139156195
1600.692895	-0.7965937185503551
1601.005395	-0.7948665573969526
1601.317895	-0.7950592982152614
1601.630395	-0.7859541046694591
1601.942895	-0.8012966665743944
1602.255395	-0.777647549808778
1602.567895	-0.7720539359861593
1602.880395	-0.7895739093061371
1603.192895	-0.7869664036131852
1603.505395	-0.7782827285558187
1603.817895	-0.793704095399745
1604.130395	-0.7885756479621198
1604.442895	-0.7767967841668184
1604.755395	-0.7859541046694591
1605.067895	-0.8024042187227585
1605.380395	-0.7851395309706793
1605.692895	-0.7692001571492747
1606.005395	-0.7707415003508772
1606.317895	-0.7883754485023979
1606.630395	-0.7687572201675469
1606.942895	-0.7956361653615007
1607.255395	-0.8033204610890547
1607.567895	-0.8094045902215747
1607.880395	-0.7835001978692405
1608.192895	-0.7808044822813088
1608.505395	-0.7889753692272203
1608.817895	-0.7716176006495479
1609.130395	-0.783087596872458
1609.442895	-0.793704095399745
1609.755395	-0.8053174980622839
1610.067895	-0.7705220895756693
1610.380395	-0.7797575942196322
1610.692895	-0.7905665161221394
1611.005395	-0.7727074571954107
1611.317895	-0.7851395309706793
1611.630395	-0.7948665573969526
1611.942895	-0.7927302190869907
1612.255395	-0.7975456172111941
1612.567895	-0.7925341249693437
1612.880395	-0.7853433468087172
1613.192895	-0.7853433468087172
1613.505395	-0.7977351941613549
1613.817895	-0.7774346757530504
1614.130395	-0.7873704024658532
1614.442895	-0.8031376643853578
1614.755395	-0.7967844256650277
1615.067895	-0.8078198683372791
1615.380395	-0.7879737136842107
1615.692895	-0.7861570162277667
1616.005395	-0.7865621616900382
1616.317895	-0.7799679739100346
1616.630395	-0.7692001571492747
1616.942895	-0.7678700839810602
1617.255395	-0.8001803621246888
1617.567895	-0.8007395330540885
1617.880395	-0.7871688469568385
1618.192895	-0.8018511577963943
1618.505395	-0.801481722866509
1618.817895	-0.7832936730395194
1619.130395	-0.7824680130625874
1619.442895	-0.7841163911855765
1619.755395	-0.7952518131487889
1620.067895	-0.7716176006495479
1620.380395	-0.7784940030352699
1620.692895	-0.8071093461045347
1621.005395	-0.7770096405803437
1621.317895	-0.7960202418976507
1621.630395	-0.7923384454270626
1621.942895	-0.7979245452267347
1622.255395	-0.7674244304546836
1622.567895	-0.7857503008304498
1622.880395	-0.7832936730395194
1623.192895	-0.7933152225289868
1623.505395	-0.7839112192982456
1623.817895	-0.7990565240466216
1624.130395	-0.7845260573058944
1624.442895	-0.8063952037880167
1624.755395	-0.7767967841668184
1625.067895	-0.7765837018685122
1625.380395	-0.7818457158149699
1625.692895	-0.8085267704862502
1626.005395	-0.7881750231578947
1626.317895	-0.789374840010927
1626.630395	-0.7746543850312633
1626.942895	-0.7952518131487889
1627.255395	-0.7636038603970133
1627.567895	-0.8109715692041524
1627.880395	-0.796974906894919
1628.192895	-0.7948665573969526
1628.505395	-0.7967844256650277
1628.817895	-0.7772222711090877
1629.130395	-0.7654103503915499
1629.442895	-0.7816380577138349
1629.755395	-0.7835001978692405
1630.067895	-0.7857503008304498
1630.380395	-0.7979245452267347
1630.692895	-0.783087596872458
1631.005395	-0.7988685290305348
1631.317895	-0.8078198683372791
1631.630395	-0.7869664036131852
1631.942895	-0.7615551873684212
1632.255395	-0.7759423984410855
1632.567895	-0.7881750231578947
1632.880395	-0.7824680130625874
1633.192895	-0.7667553489941115
1633.505395	-0.7946729576446308
1633.817895	-0.805857662811874
1634.130395	-0.7935097719067565
1634.442895	-0.7799679739100346
1634.755395	-0.7626959309609664
1635.067895	-0.780595694015662
1635.380395	-0.8095800495404601
1635.692895	-0.7795476757894737
1636.005395	-0.7954441021975355
1636.317895	-0.7958280026406848
1636.630395	-0.7988685290305348
1636.942895	-0.7733582308796214
1637.255395	-0.7843213371881259
1637.567895	-0.783087596872458
1637.880395	-0.7909617167291934
1638.192895	-0.7903679276391671
1638.505395	-0.7954441021975355
1638.817895	-0.8153950438900018
1639.130395	-0.7962116266666668
1639.442895	-0.8007395330540885
1639.755395	-0.7958280026406848
1640.067895	-0.8240930308249865
1640.380395	-0.7861570162277667
1640.692895	-0.806037069022036
1641.005395	-0.7917500514915317
1641.317895	-0.7962116266666668
1641.630395	-0.8029546417968796
1641.942895	-0.8170551709087599
1642.255395	-0.8102773329011109
1642.567895	-0.7828812948206156
1642.880395	-0.7999937231578949
1643.192895	-0.7952518131487889
1643.505395	-0.7845260573058944
1643.817895	-0.805857662811874
1644.130395	-0.7983031886735872
1644.442895	-0.7869664036131852
1644.755395	-0.7787050516299399
1645.067895	-0.8024042187227585
1645.380395	-0.7964027855509015
1645.692895	-0.7940927000048563
1646.005395	-0.8104510890293206
1646.317895	-0.7965937185503551
1646.630395	-0.8148922131050811
1646.942895	-0.8092294780440721
1647.255395	-0.8025879189655801
1647.567895	-0.8157287682875007
1647.880395	-0.7913560137971227
1648.192895	-0.7824680130625874
1648.505395	-0.7938988290220361
1648.817895	-0.8240930308249865
1649.130395	-0.7979245452267347
1649.442895	-0.7909617167291934
1649.755395	-0.7729246076415954
1650.067895	-0.7913560137971227
1650.380395	-0.789374840010927
1650.692895	-0.8102773329011109
1651.005395	-0.8140500033946456
1651.317895	-0.7911589782055485
1651.630395	-0.7952518131487889
1651.942895	-0.8020355364341649
1652.255395	-0.8036859743228312
1652.567895	-0.8173849150682937
1652.880395	-0.7999937231578949
1653.192895	-0.7979245452267347
1653.505395	-0.7948665573969526
1653.817895	-0.7808044822813088
1654.130395	-0.8031376643853578
1654.442895	-0.8201482454926243
1654.755395	-0.8163940498500577
1655.067895	-0.8106251878528501
1655.380395	-0.8007395330540885
1655.692895	-0.8035036301293026
1656.005395	-0.7927302190869907
1656.317895	-0.793704095399745
1656.630395	-0.8003673860256177
1656.942895	-0.7984918613440175
1657.255395	-0.8147243336842105
1657.567895	-0.8005535724822436
1657.880395	-0.7832936730395194
1658.192895	-0.8160615891458751
1658.505395	-0.793704095399745
1658.817895	-0.8001803621246888
1659.130395	-0.811834132992169
1659.442895	-0.7921425400000002
1659.755395	-0.7887756215370605
1660.067895	-0.7988685290305348
1660.380395	-0.7735747036714624
1660.692895	-0.7917500514915317
1661.005395	-0.7883754485023979
1661.317895	-0.7913560137971227
1661.630395	-0.7948665573969526
1661.942895	-0.7971657856565288
1662.255395	-0.7973558143762519
1662.567895	-0.7958280026406848
1662.880395	-0.8183676395447097
1663.192895	-0.7901697618830814
1663.505395	-0.7999937231578949
1663.817895	-0.7975456172111941
1664.130395	-0.8172198864614825
1664.442895	-0.8125202248479331
1664.755395	-0.8085267704862502
1665.067895	-0.8018511577963943
1665.380395	-0.7905665161221394
1665.692895	-0.8011107765434349
1666.005395	-0.8027713933236205
1666.317895	-0.8101033508881199
1666.630395	-0.7909617167291934
1666.942895	-0.8191804464505554
1667.255395	-0.8078198683372791
1667.567895	-0.801666553273842
1667.880395	-0.7981142901183754
1668.192895	-0.8170551709087599
1668.505395	-0.8007395330540885
1668.817895	-0.8088785760347235
1669.130395	-0.8054981727372064
1669.442895	-0.7832936730395194
1669.755395	-0.8051371875723912
1670.067895	-0.7923384454270626
1670.380395	-0.8029546417968796
1670.692895	-0.8220594213513019
1671.005395	-0.8162276607478904
1671.317895	-0.805857662811874
1671.630395	-0.7903679276391671
1671.942895	-0.8203086662720815
1672.255395	-0.799619767569963
1672.567895	-0.7857503008304498
1672.880395	-0.7958280026406848
1673.192895	-0.7857503008304498
1673.505395	-0.7921425400000002
1673.817895	-0.7988685290305348
1674.130395	-0.8007395330540885
1674.442895	-0.7889753692272203
1674.755395	-0.8190179122090693
1675.067895	-0.8049566511977175
1675.380395	-0.8185305465379712
1675.692895	-0.7780712281915864
1676.005395	-0.799619767569963
1676.317895	-0.8092294780440721
1676.630395	-0.8022196891871547
1676.942895	-0.8111444210526316
1677.255395	-0.7946729576446308
1677.567895	-0.8198261984568689
1677.880395	-0.8076427224561404
1678.192895	-0.8296724701985067
1678.505395	-0.8053174980622839
1678.817895	-0.7984918613440175
1679.130395	-0.793704095399745
1679.442895	-0.8092294780440721
1679.755395	-0.7977351941613549
1680.067895	-0.8031376643853578
1680.380395	-0.8031376643853578
1680.692895	-0.7958280026406848
1681.005395	-0.8033204610890547
1681.317895	-0.8172198864614825
1681.630395	-0.8071093461045347
1681.942895	-0.7919464086881564
1682.255395	-0.8142187870952469
1682.567895	-0.8071093461045347
1682.880395	-0.7942863451028958
1683.192895	-0.7962116266666668
1683.505395	-0.792925446119104
1683.817895	-0.8012966665743944
1684.130395	-0.7891748910325987
1684.442895	-0.8031376643853578
1684.755395	-0.7938988290220361
1685.067895	-0.7869664036131852
1685.380395	-0.8099291429903478
1685.692895	-0.7977351941613549
1686.005395	-0.8038680926315791
1686.317895	-0.7909617167291934
1686.630395	-0.7683141038438659
1686.942895	-0.8078198683372791
1687.255395	-0.8114900119698901
1687.567895	-0.8065745179675834
1687.880395	-0.8114900119698901
1688.192895	-0.8051371875723912
1688.505395	-0.7857503008304498
1688.817895	-0.7845260573058944
1689.130395	-0.8140500033946456
1689.442895	-0.7977351941613549
1689.755395	-0.8011107765434349
1690.067895	-0.7973558143762519
1690.380395	-0.796974906894919
1690.692895	-0.8147243336842105
1691.005395	-0.7990565240466216
1691.317895	-0.8012966665743944
1691.630395	-0.8133720530213076
1691.942895	-0.7897727527165666
1692.255395	-0.7803866798652339
1692.567895	-0.8101033508881199
1692.880395	-0.8188556828701512
1693.192895	-0.8029546417968796
1693.505395	-0.792925446119104
1693.817895	-0.8116621854234202
1694.130395	-0.793704095399745
1694.442895	-0.7956361653615007
1694.755395	-0.7899713702422144
1695.067895	-0.7897727527165666
1695.380395	-0.8025879189655801
1695.692895	-0.7843213371881259
1696.005395	-0.7923384454270626
1696.317895	-0.792925446119104
1696.630395	-0.7946729576446308
1696.942895	-0.7956361653615007
1697.255395	-0.8104510890293206
1697.567895	-0.8074647687719299
1697.880395	-0.8012966665743944
1698.192895	-0.8099291429903478
1698.505395	-0.8011107765434349
1698.817895	-0.814387897188126
1699.130395	-0.780595694015662
1699.442895	-0.7962116266666668
1699.755395	-0.7954441021975355